2.742747 4.744646 0.110088 -0.277748 
2.742039 4.745752 0.142901 -0.155246 
2.745392 4.740686 0.118713 -0.242530 
2.744226 4.742035 0.123674 -0.223348 
2.742825 4.742496 0.143063 -0.154710 
2.743042 4.746539 0.138539 -0.169908 
2.744486 4.739877 0.147969 -0.138726 
2.741360 4.746906 0.132030 -0.192613 
2.744115 4.738417 0.140216 -0.164221 
2.742034 4.741033 0.151412 -0.127800 
2.741317 4.746840 0.150390 -0.131019 
2.744841 4.747175 0.122655 -0.227225 
2.743606 4.746508 0.123804 -0.222854 
2.744685 4.742312 0.125537 -0.216330 
2.742139 4.740797 0.123736 -0.223110 
2.743622 4.747225 0.114448 -0.259633 
2.745008 4.745509 0.123534 -0.223878 
2.744649 4.747350 0.110263 -0.277011 
2.742477 4.744222 0.139370 -0.167083 
2.742358 4.743808 0.113252 -0.264534 
