1.057274 5.216450 0.356369 
1.040953 5.231833 0.340496 
1.070763 5.228438 0.339384 
1.063792 5.220303 0.345919 
1.041592 5.232905 0.342814 
1.036333 5.230165 0.343603 
1.049632 5.222352 0.353660 
1.047254 5.220439 0.350791 
1.032291 5.222361 0.357542 
1.026684 5.213242 0.368572 
1.039006 5.224781 0.347317 
1.064113 5.225949 0.345019 
1.059113 5.224164 0.344192 
1.054637 5.233510 0.336052 
1.042567 5.219361 0.357062 
1.029802 5.236827 0.337540 
1.065159 5.220421 0.353259 
1.060693 5.219353 0.356414 
1.047538 5.209760 0.366933 
1.039501 5.228528 0.340798 
1.035172 5.218226 0.360395 
1.050134 5.231810 0.334679 
1.065330 5.208797 0.364643 
1.046209 5.237316 0.334914 
1.045259 5.225939 0.346671 
1.043938 5.223047 0.346507 
1.048416 5.231550 0.343269 
1.028026 5.218483 0.358868 
1.047814 5.219500 0.355362 
1.072606 5.221701 0.348158 
1.044242 5.225181 0.348434 
1.045609 5.217617 0.359466 
1.033469 5.228168 0.343219 
1.035483 5.236268 0.334366 
1.034257 5.211264 0.370586 
1.040606 5.236662 0.337512 
1.041421 5.220588 0.351351 
1.026400 5.225056 0.353270 
1.051818 5.211678 0.365714 
1.020083 5.226350 0.356574 
1.041223 5.210213 0.367377 
1.035998 5.233423 0.341645 
1.071204 5.214545 0.358660 
1.042811 5.213119 0.368151 
1.033611 5.228582 0.350601 
1.019395 5.222192 0.360020 
1.051578 5.224411 0.343273 
1.058659 5.226370 0.347846 
1.033310 5.224626 0.352114 
1.066484 5.228801 0.337845 
1.031280 5.234317 0.342863 
1.040203 5.233668 0.335024 
1.069717 5.229150 0.334914 
1.040294 5.225901 0.344180 
1.020315 5.231127 0.348265 
1.030689 5.221160 0.357977 
1.041620 5.222009 0.358743 
1.044802 5.232726 0.337634 
1.048158 5.236553 0.330006 
1.053540 5.224666 0.345165 
1.047581 5.218048 0.352100 
1.065996 5.213965 0.357197 
1.050931 5.234653 0.331417 
1.029374 5.234918 0.342827 
1.049374 5.208381 0.369347 
1.050432 5.218673 0.358048 
1.030863 5.230046 0.347840 
1.053343 5.229804 0.338863 
1.044255 5.230968 0.344411 
1.073621 5.219606 0.347060 
1.026481 5.216740 0.367352 
1.024707 5.224046 0.352841 
1.050598 5.219388 0.351713 
1.032943 5.219855 0.358282 
1.046914 5.224716 0.350640 
1.045987 5.224398 0.350276 
1.063183 5.229629 0.337430 
1.060443 5.221085 0.346868 
1.066284 5.224380 0.343207 
1.052139 5.234159 0.337144 
1.032147 5.222636 0.351638 
1.058791 5.221741 0.354141 
1.026375 5.228070 0.346599 
1.042285 5.237705 0.333381 
1.025386 5.230220 0.346182 
1.031524 5.215072 0.362191 
1.049447 5.224090 0.346836 
1.030303 5.228031 0.346668 
1.031808 5.218342 0.365151 
1.045019 5.222158 0.349271 
1.054990 5.213655 0.360896 
1.061251 5.216264 0.359290 
1.057114 5.225029 0.349382 
1.065234 5.225253 0.345483 
1.035049 5.215188 0.364636 
1.022874 5.232815 0.345413 
1.024840 5.236150 0.337816 
1.020522 5.234497 0.344036 
1.020935 5.223481 0.357495 
1.079847 5.222063 0.343895 
1.027309 5.230804 0.347210 
1.035434 5.238041 0.335385 
1.064343 5.209634 0.362897 
1.030627 5.215742 0.367939 
1.060829 5.211278 0.360240 
1.061777 5.230023 0.335005 
1.039343 5.219884 0.352778 
1.040485 5.210710 0.365400 
1.041473 5.219809 0.356176 
1.054175 5.225269 0.348065 
1.047087 5.213694 0.363521 
1.037659 5.223085 0.354817 
1.031363 5.226131 0.346433 
1.043496 5.215288 0.359756 
1.052187 5.232953 0.333572 
1.044453 5.218534 0.354785 
1.063452 5.215661 0.358486 
1.043470 5.213301 0.364402 
1.027970 5.223653 0.357711 
1.078476 5.218006 0.347486 
1.065015 5.232025 0.332019 
1.029496 5.235247 0.342380 
1.056350 5.228678 0.344347 
1.029372 5.234324 0.336869 
1.027781 5.214718 0.365042 
1.040413 5.224263 0.347955 
1.062232 5.233874 0.334056 
1.019507 5.233637 0.345250 
1.071853 5.220609 0.349400 
1.034908 5.220852 0.359794 
1.027983 5.220584 0.354511 
1.029434 5.223968 0.354908 
1.058665 5.229202 0.335583 
1.061230 5.224923 0.340385 
1.061389 5.221253 0.348732 
1.069488 5.224455 0.340802 
1.044253 5.236874 0.336155 
1.046963 5.215134 0.357406 
1.050405 5.234544 0.332601 
1.043192 5.231067 0.342153 
1.038046 5.233936 0.335643 
1.053994 5.221065 0.346314 
1.043327 5.227943 0.345990 
1.053061 5.209401 0.369841 
1.053985 5.232483 0.336452 
1.035393 5.235706 0.336214 
1.029388 5.215868 0.367813 
1.065755 5.222837 0.346520 
1.039336 5.224819 0.354802 
1.031927 5.224726 0.348791 
1.048899 5.223915 0.344791 
1.041937 5.218168 0.357446 
1.051962 5.233790 0.339360 
1.063824 5.227977 0.343870 
1.066970 5.218581 0.355792 
1.020309 5.219600 0.362375 
1.042662 5.222550 0.350943 
1.031929 5.237046 0.333892 
1.077789 5.217563 0.352525 
1.072707 5.227996 0.336115 
1.072318 5.225490 0.340146 
1.034372 5.210379 0.371322 
1.069642 5.214912 0.355672 
1.046676 5.228458 0.340077 
1.051072 5.225235 0.344290 
1.026705 5.220515 0.359553 
1.024753 5.226410 0.351319 
1.057047 5.213118 0.357902 
1.075366 5.230086 0.335233 
1.036589 5.231893 0.338008 
1.074297 5.214166 0.354259 
1.073735 5.218810 0.352596 
1.061478 5.212397 0.360589 
1.046506 5.227090 0.344635 
1.060293 5.223073 0.352155 
1.038102 5.224533 0.350693 
1.017416 5.221245 0.362259 
1.022720 5.225898 0.354705 
1.072206 5.224397 0.340143 
1.027543 5.231207 0.347797 
1.066000 5.222274 0.345509 
1.074669 5.226476 0.339901 
1.035026 5.236461 0.338404 
1.052198 5.214831 0.355070 
1.059575 5.223169 0.351291 
1.040269 5.220875 0.356532 
1.050327 5.211838 0.367796 
1.070215 5.218904 0.348153 
1.061092 5.228740 0.341514 
1.023685 5.214780 0.369071 
1.030347 5.219457 0.362394 
1.040295 5.215373 0.363632 
1.052008 5.216311 0.354709 
1.052951 5.223317 0.348544 
1.059441 5.230978 0.337072 
1.044905 5.227384 0.346342 
1.069594 5.222111 0.343160 
1.027383 5.218734 0.363343 
1.021677 5.222260 0.355587 
1.077630 5.224421 0.342648 
1.067469 5.210488 0.361591 
1.041698 5.220432 0.358952 
1.038820 5.223328 0.351318 
1.064706 5.231080 0.337012 
1.062952 5.229123 0.337838 
1.067014 5.225739 0.340816 
1.035192 5.229472 0.343659 
1.037868 5.215908 0.360966 
1.062184 5.213548 0.357786 
1.054822 5.222512 0.349613 
1.055338 5.225990 0.349247 
1.042385 5.227742 0.346757 
1.024093 5.227586 0.350766 
1.057342 5.237134 0.328452 
1.054570 5.234666 0.333874 
1.055484 5.214204 0.361325 
1.047467 5.221335 0.357893 
1.019894 5.220106 0.361182 
1.016577 5.230474 0.349492 
1.050016 5.220064 0.351713 
1.072278 5.219151 0.346000 
1.068782 5.212528 0.361458 
1.039150 5.210179 0.367377 
1.023442 5.214353 0.367302 
1.064133 5.213658 0.357189 
1.045819 5.213914 0.367013 
1.038193 5.228476 0.344896 
1.017306 5.220574 0.362618 
1.063177 5.224451 0.345647 
1.030160 5.219378 0.356462 
1.038280 5.231707 0.343952 
1.071283 5.216912 0.348629 
1.038354 5.215697 0.357619 
1.040140 5.222635 0.347214 
1.053947 5.229473 0.336976 
1.070720 5.221008 0.345118 
1.063211 5.235067 0.331381 
1.063859 5.213934 0.355232 
1.042018 5.225861 0.353271 
1.060502 5.216053 0.354072 
1.035375 5.215284 0.364885 
1.069524 5.233828 0.330792 
1.029802 5.218447 0.360183 
1.022874 5.227802 0.351058 
1.069071 5.212715 0.361485 
1.026117 5.233207 0.343694 
1.023249 5.227818 0.350515 
1.056261 5.213588 0.357164 
1.025488 5.236967 0.337231 
1.056928 5.225833 0.341071 
1.044974 5.235363 0.336616 
1.075029 5.226670 0.337948 
1.027805 5.221792 0.355854 
1.063775 5.231409 0.336345 
1.049403 5.230895 0.344084 
1.051468 5.213017 0.365978 
1.067152 5.219750 0.347182 
1.047080 5.224642 0.351940 
1.034104 5.213829 0.369578 
1.023439 5.214874 0.367490 
1.018339 5.226880 0.350080 
1.060714 5.231760 0.339039 
1.062636 5.225952 0.341572 
1.075706 5.220238 0.348334 
1.023027 5.226416 0.354550 
1.076613 5.225381 0.341021 
1.026407 5.222487 0.359928 
1.063610 5.221588 0.343538 
1.051420 5.230373 0.336798 
1.043424 5.227742 0.342027 
1.061289 5.212944 0.363091 
1.028003 5.215889 0.366672 
1.051633 5.208776 0.368079 
1.044641 5.226226 0.347212 
1.045932 5.231051 0.339640 
1.050468 5.237460 0.331994 
1.066818 5.221927 0.348839 
1.040406 5.235378 0.339962 
1.049480 5.237261 0.330671 
1.056638 5.234392 0.332153 
1.038140 5.226329 0.349753 
1.033978 5.210893 0.368842 
1.038999 5.216324 0.365098 
1.052547 5.233410 0.332958 
1.038766 5.236649 0.335978 
1.036232 5.218959 0.360115 
1.032489 5.226949 0.348089 
1.068481 5.225652 0.345156 
1.022211 5.233714 0.342547 
1.060882 5.230285 0.338209 
1.044053 5.214373 0.360099 
1.065619 5.225640 0.340930 
1.078377 5.225608 0.338994 
1.056982 5.222868 0.347184 
1.078620 5.215030 0.351597 
1.048177 5.229270 0.342951 
1.054320 5.235985 0.334111 
1.061916 5.221885 0.351481 
1.059872 5.219142 0.354578 
1.047426 5.215667 0.357176 
1.058073 5.230155 0.339119 
1.029137 5.228658 0.349581 
1.054908 5.234375 0.331670 
1.054975 5.230962 0.337518 
1.068112 5.226572 0.342168 
1.055674 5.208036 0.368892 
1.050670 5.231476 0.335631 
1.037727 5.231285 0.338565 
1.057373 5.221521 0.346952 
1.026894 5.225004 0.351675 
1.031628 5.233433 0.340031 
1.023590 5.232276 0.343945 
1.062363 5.227685 0.336810 
1.043677 5.228179 0.345877 
1.032719 5.220527 0.360488 
1.050756 5.219172 0.354101 
1.029743 5.237901 0.337475 
1.047646 5.213650 0.358794 
1.029891 5.224193 0.357115 
1.027862 5.224459 0.357857 
1.045395 5.224736 0.350768 
1.031233 5.220349 0.357483 
1.041364 5.232624 0.343990 
1.039464 5.216252 0.364055 
1.072566 5.222294 0.345877 
1.064807 5.211531 0.357754 
1.044104 5.211467 0.367670 
1.054201 5.230698 0.337203 
1.070357 5.226559 0.343430 
1.069432 5.213760 0.356684 
1.031684 5.231579 0.341646 
1.036854 5.218837 0.361808 
1.053002 5.221786 0.345563 
1.064140 5.221720 0.344622 
1.049519 5.221780 0.349076 
1.036146 5.233985 0.339554 
1.061484 5.218830 0.354956 
1.030295 5.225440 0.353893 
1.045703 5.219329 0.360459 
1.047205 5.223899 0.344717 
1.024798 5.225848 0.355067 
1.065326 5.220983 0.351015 
1.031241 5.216638 0.366805 
1.036123 5.230775 0.340590 
1.041322 5.222497 0.357896 
1.067869 5.223776 0.343383 
1.014122 5.221826 0.361468 
1.039921 5.232672 0.340894 
1.039247 5.213712 0.366597 
1.069895 5.218242 0.349357 
1.051196 5.216584 0.357304 
1.023958 5.229321 0.345520 
1.055794 5.218231 0.358880 
1.017600 5.228732 0.349819 
1.069239 5.222925 0.345570 
1.015168 5.233057 0.345605 
1.049704 5.217925 0.354378 
1.030085 5.237880 0.336165 
1.038437 5.226338 0.348730 
1.053408 5.235501 0.335041 
1.055701 5.223964 0.346352 
1.045426 5.209317 0.367516 
1.067523 5.230380 0.337041 
1.057795 5.226693 0.339436 
1.032776 5.229923 0.346085 
1.050155 5.232534 0.341324 
1.046675 5.231282 0.344422 
1.045719 5.234698 0.337968 
1.055400 5.216199 0.354452 
1.054408 5.228379 0.339371 
1.046382 5.233029 0.337276 
1.042944 5.222702 0.347676 
1.049141 5.218866 0.351396 
1.025883 5.216978 0.364502 
1.044040 5.218360 0.352395 
1.069028 5.232004 0.332894 
1.039893 5.224062 0.348231 
1.049624 5.231430 0.337064 
1.056801 5.217877 0.353254 
1.047406 5.219668 0.349916 
1.024494 5.225259 0.350813 
1.032306 5.224646 0.348137 
1.063776 5.216791 0.351933 
1.059818 5.223914 0.342322 
1.038134 5.236353 0.336940 
1.054151 5.221230 0.348110 
1.031213 5.231053 0.341591 
1.071415 5.212626 0.357157 
1.024523 5.227448 0.353521 
1.044301 5.215192 0.360969 
1.027395 5.237166 0.335269 
1.052789 5.224654 0.349102 
1.052492 5.233647 0.334534 
1.060753 5.220938 0.347475 
1.039975 5.217074 0.359046 
1.051027 5.209932 0.367031 
1.024998 5.219641 0.356891 
1.014049 5.227871 0.352742 
1.068707 5.211559 0.360974 
1.046804 5.211126 0.363793 
1.043097 5.236600 0.332216 
1.038842 5.219026 0.359325 
1.056874 5.226393 0.346833 
1.040272 5.230261 0.339041 
1.075006 5.228099 0.339379 
1.022890 5.218279 0.365206 
1.045756 5.221884 0.352811 
1.049974 5.227334 0.345192 
1.068625 5.228926 0.339311 
1.036204 5.225304 0.351046 
1.036277 5.223067 0.353652 
1.055276 5.211383 0.359829 
1.036919 5.218244 0.356729 
1.071624 5.221989 0.345078 
1.026693 5.220853 0.355198 
1.032922 5.218653 0.355703 
1.060102 5.224796 0.346550 
1.057680 5.231219 0.341432 
1.074000 5.222374 0.344533 
1.051864 5.237223 0.332030 
1.078711 5.218379 0.349494 
1.045917 5.221489 0.358257 
1.022976 5.227167 0.354140 
1.026443 5.225268 0.353464 
1.036455 5.232945 0.338073 
1.059538 5.216866 0.359097 
1.078170 5.219883 0.349241 
1.031805 5.229157 0.346233 
1.021954 5.218202 0.360555 
1.035695 5.237266 0.333994 
1.051780 5.229517 0.339596 
1.077831 5.222726 0.342246 
1.065721 5.219687 0.354602 
1.067256 5.229588 0.337179 
1.059045 5.235673 0.332763 
1.030317 5.233584 0.343449 
1.031281 5.232410 0.345893 
1.051657 5.227084 0.344055 
1.019928 5.223430 0.356242 
1.051828 5.235629 0.336008 
1.038186 5.239315 0.330742 
1.018326 5.225177 0.352961 
1.039444 5.232139 0.337073 
1.063037 5.209289 0.366765 
1.028614 5.228417 0.347823 
1.052266 5.230406 0.341560 
1.055743 5.214836 0.361330 
1.028036 5.222764 0.351269 
1.047499 5.219667 0.354806 
1.032686 5.221238 0.356564 
1.026666 5.222063 0.360869 
1.046852 5.224250 0.347515 
1.072389 5.228332 0.340349 
1.074407 5.215356 0.356545 
1.044798 5.224496 0.348310 
1.020788 5.228255 0.348908 
1.070796 5.212625 0.357502 
1.044971 5.234789 0.334206 
1.025463 5.233108 0.343528 
1.060891 5.209106 0.367457 
1.067054 5.216702 0.355640 
1.058209 5.212553 0.363370 
1.070192 5.228783 0.334886 
1.048794 5.219903 0.352686 
1.036439 5.236415 0.337910 
1.025365 5.223053 0.358851 
1.025357 5.236722 0.340353 
1.060795 5.233692 0.330856 
1.040133 5.229744 0.339481 
1.046273 5.221565 0.356717 
1.027230 5.216532 0.363951 
1.076659 5.218299 0.346577 
1.048453 5.219741 0.349919 
1.030584 5.229275 0.349273 
1.031375 5.221467 0.354517 
1.051692 5.233016 0.335569 
1.064702 5.223688 0.348399 
1.073813 5.216697 0.351689 
1.020891 5.230640 0.345408 
1.070008 5.226299 0.341094 
1.057814 5.216247 0.359001 
1.050737 5.220196 0.355864 
1.047378 5.230585 0.340530 
1.031293 5.214563 0.363945 
1.040612 5.221315 0.350131 
1.043263 5.229043 0.343727 
1.079929 5.217517 0.348835 
1.034198 5.211753 0.370299 
1.064255 5.224525 0.347776 
1.042816 5.217422 0.364123 
1.053489 5.219020 0.351784 
1.021553 5.232288 0.342653 
1.055265 5.230415 0.342992 
1.051609 5.211257 0.361890 
1.056412 5.216321 0.352085 
1.030035 5.226016 0.346561 
1.037781 5.224905 0.350562 
1.063547 5.220489 0.346375 
1.062702 5.214091 0.360608 
1.040479 5.216652 0.365168 
1.055686 5.216928 0.353411 
1.053454 5.211778 0.366379 
1.030236 5.226470 0.353487 
1.054341 5.211859 0.362225 
1.042730 5.228581 0.340956 
1.060664 5.236394 0.329175 
1.050083 5.215026 0.361199 
1.039118 5.230664 0.338880 
1.057059 5.213154 0.362567 
1.059343 5.228292 0.339046 
1.062376 5.224019 0.348658 
1.024980 5.231014 0.341811 
1.073437 5.212316 0.359927 
1.059037 5.218444 0.352429 
1.068352 5.220841 0.347314 
1.041611 5.223218 0.348473 
1.047016 5.220057 0.349869 
1.073832 5.229339 0.337243 
1.045485 5.224621 0.350013 
1.016793 5.222094 0.361603 
1.066399 5.208605 0.364003 
1.038022 5.217982 0.362096 
1.059974 5.210728 0.365633 
1.047094 5.209592 0.369127 
1.025855 5.221045 0.359015 
1.045687 5.225653 0.347499 
1.064297 5.232183 0.331671 
1.072936 5.225931 0.342211 
1.065061 5.213203 0.360590 
1.025557 5.230819 0.343684 
1.072342 5.231254 0.333697 
1.043455 5.234874 0.336740 
1.060508 5.216770 0.356854 
1.040907 5.213003 0.365648 
1.064809 5.222676 0.343358 
1.032934 5.214679 0.364712 
1.069448 5.215369 0.357676 
1.060358 5.212656 0.359117 
1.055800 5.212209 0.366504 
1.052504 5.232112 0.333448 
1.020051 5.232476 0.345555 
1.047680 5.231848 0.334992 
1.048061 5.217308 0.361279 
1.054648 5.226320 0.339746 
1.066331 5.223508 0.341842 
1.032103 5.210629 0.370644 
1.044367 5.236750 0.332547 
1.044065 5.219207 0.351746 
1.073568 5.220069 0.345001 
1.034958 5.218110 0.362111 
1.074695 5.222089 0.344493 
1.029452 5.235557 0.338825 
1.057809 5.209970 0.366202 
1.052980 5.233309 0.338923 
1.047147 5.220762 0.356191 
1.048557 5.220748 0.355133 
1.042992 5.238855 0.330145 
1.045826 5.218886 0.361337 
1.058107 5.227382 0.345176 
1.027350 5.226821 0.347183 
1.019960 5.227292 0.353273 
1.054830 5.225031 0.350610 
1.031297 5.215994 0.359666 
1.040798 5.227518 0.344714 
1.027081 5.218200 0.364879 
1.052241 5.230846 0.338020 
1.035650 5.233756 0.342177 
1.053025 5.225199 0.346731 
1.033564 5.225041 0.353000 
1.039045 5.212996 0.363831 
1.042192 5.237799 0.332779 
1.053207 5.238825 0.329477 
1.032221 5.223522 0.354444 
1.052968 5.207770 0.370179 
1.067992 5.225315 0.345712 
1.024147 5.225032 0.349483 
1.024187 5.225243 0.350993 
1.046302 5.216533 0.358777 
1.054142 5.234013 0.332719 
1.049122 5.224272 0.344951 
1.027014 5.223570 0.352022 
1.029660 5.224158 0.354477 
1.046588 5.239165 0.330760 
1.020764 5.236431 0.340083 
1.051021 5.221356 0.356676 
1.053410 5.236091 0.333251 
1.046597 5.231078 0.336041 
1.054269 5.211785 0.363153 
1.043347 5.237326 0.332119 
1.056790 5.208093 0.369996 
1.052913 5.209818 0.363510 
1.072128 5.228511 0.340057 
1.058114 5.232049 0.334751 
1.056225 5.220005 0.352071 
1.045978 5.232148 0.343265 
1.034761 5.220162 0.356998 
1.059185 5.223429 0.347552 
1.023333 5.235008 0.342384 
1.074834 5.229745 0.334947 
1.019995 5.220056 0.358181 
1.080295 5.216432 0.350892 
1.023239 5.220693 0.359921 
1.054094 5.215543 0.357805 
1.047156 5.229596 0.342899 
1.021504 5.230726 0.343997 
1.063889 5.219007 0.350488 
1.041811 5.215438 0.365491 
1.041003 5.220779 0.358255 
1.022776 5.219305 0.363721 
1.034860 5.228818 0.350912 
1.048723 5.228744 0.341853 
1.040725 5.229372 0.339262 
1.074020 5.226193 0.339245 
1.071767 5.228564 0.335451 
1.035708 5.224608 0.348826 
1.050286 5.216944 0.362890 
1.041917 5.239178 0.332623 
1.047179 5.212372 0.360939 
1.048950 5.230876 0.344822 
1.058398 5.209310 0.363841 
1.062199 5.225727 0.344396 
1.032911 5.217405 0.362445 
1.034948 5.213422 0.362806 
1.068805 5.227334 0.337979 
1.058958 5.225560 0.345401 
1.040108 5.210446 0.367449 
1.066879 5.212841 0.357277 
1.048150 5.236029 0.334315 
1.063321 5.218497 0.353091 
1.052098 5.236326 0.332858 
1.046712 5.209750 0.370923 
1.058952 5.229547 0.335295 
1.071632 5.216443 0.353118 
1.035982 5.224042 0.351792 
1.059861 5.232174 0.337097 
1.022459 5.215298 0.365016 
1.039473 5.227540 0.350154 
1.044918 5.222492 0.346343 
1.074816 5.219766 0.348663 
1.044818 5.227500 0.345498 
1.062758 5.220960 0.353840 
1.024787 5.229071 0.346103 
1.020957 5.225763 0.353776 
1.025111 5.229139 0.350079 
1.024540 5.220251 0.360189 
1.042831 5.224894 0.351706 
1.068285 5.225414 0.343962 
1.067297 5.223716 0.342190 
1.042122 5.236113 0.337775 
1.034823 5.216094 0.365564 
1.033065 5.221936 0.353968 
1.045102 5.210744 0.369834 
1.053475 5.236142 0.332545 
1.028480 5.212932 0.368400 
1.041308 5.221408 0.354889 
1.075023 5.219785 0.345234 
1.037816 5.230556 0.342254 
1.021687 5.225613 0.355935 
1.058434 5.225224 0.341091 
1.040490 5.236633 0.335219 
1.049589 5.226100 0.349512 
1.038346 5.234846 0.336115 
1.052116 5.226224 0.349553 
1.045943 5.217787 0.355565 
1.076879 5.224733 0.340500 
1.041268 5.230587 0.339940 
1.079293 5.224813 0.339589 
1.062614 5.226978 0.346164 
1.047537 5.216894 0.363101 
1.035632 5.230252 0.341807 
1.045120 5.220189 0.352778 
1.048413 5.229370 0.337168 
1.038483 5.216162 0.360356 
1.052007 5.231946 0.335923 
1.071453 5.225644 0.338407 
1.032451 5.233328 0.342637 
1.053653 5.226111 0.340621 
1.030403 5.221479 0.353293 
1.055980 5.233727 0.335207 
1.023788 5.229624 0.348837 
1.044497 5.225926 0.352359 
1.022916 5.233039 0.345449 
1.069656 5.229381 0.336037 
1.039294 5.222658 0.348951 
1.030900 5.233950 0.339121 
1.051104 5.227978 0.347187 
1.062452 5.211757 0.364103 
1.062653 5.223774 0.345534 
1.061469 5.220257 0.348640 
1.029244 5.226389 0.349792 
1.072497 5.227633 0.335515 
1.049171 5.222147 0.352897 
1.058072 5.230479 0.339554 
1.038494 5.221697 0.359253 
1.064315 5.230597 0.338058 
1.061050 5.210382 0.363960 
1.012882 5.222569 0.360402 
1.049428 5.223156 0.350011 
1.051602 5.211827 0.362419 
1.029517 5.220966 0.354459 
1.039253 5.229184 0.339986 
1.065520 5.209596 0.362144 
1.038338 5.223992 0.352532 
1.074280 5.220478 0.346061 
1.052290 5.207347 0.369367 
1.076283 5.216378 0.349389 
1.038638 5.223618 0.348552 
1.071131 5.219672 0.346199 
1.033189 5.229775 0.347198 
1.052198 5.234790 0.332335 
1.019927 5.217884 0.363962 
1.041896 5.225088 0.349452 
1.048837 5.235415 0.333881 
1.026152 5.213960 0.368520 
1.061519 5.220463 0.354465 
1.025484 5.226910 0.350761 
1.049096 5.236343 0.336257 
1.050451 5.224430 0.345729 
1.039809 5.231908 0.342290 
1.058017 5.220455 0.356316 
1.041362 5.224600 0.353560 
1.044562 5.235968 0.336176 
1.059817 5.219476 0.347496 
1.057060 5.212888 0.365465 
1.034022 5.225039 0.351377 
1.059087 5.219967 0.354633 
1.045027 5.225625 0.349406 
1.048959 5.237012 0.333536 
1.048671 5.215041 0.358028 
1.065428 5.231213 0.334689 
1.056129 5.224127 0.349160 
1.018056 5.226947 0.351495 
1.047397 5.223903 0.347832 
1.023766 5.224266 0.351519 
1.052504 5.234183 0.336782 
1.034476 5.230701 0.341662 
1.044569 5.233004 0.339884 
1.062529 5.212472 0.362190 
1.048823 5.224733 0.351077 
1.040288 5.210286 0.370587 
1.069033 5.222371 0.348800 
1.056609 5.232808 0.338680 
1.018340 5.233689 0.344420 
1.023157 5.233735 0.341367 
1.045606 5.219434 0.351633 
1.046930 5.215883 0.357294 
1.044074 5.218569 0.362423 
1.020882 5.217279 0.365467 
1.069363 5.210149 0.363348 
1.026277 5.233692 0.344200 
1.047969 5.224427 0.352268 
1.055092 5.236324 0.331710 
1.027062 5.216178 0.361368 
1.058627 5.224761 0.343154 
1.051210 5.227399 0.339360 
1.050118 5.235556 0.332995 
1.028270 5.217380 0.363319 
1.068031 5.213701 0.355654 
1.027738 5.231915 0.343607 
1.065373 5.218489 0.348065 
1.039252 5.221211 0.352967 
1.067797 5.219494 0.351013 
1.030668 5.220382 0.357077 
1.043378 5.212950 0.364668 
1.023142 5.220152 0.362283 
1.027585 5.232387 0.341397 
1.033535 5.227866 0.342984 
1.045468 5.234671 0.337479 
1.044458 5.225146 0.348126 
1.053755 5.234459 0.332138 
1.069838 5.232017 0.334402 
1.024629 5.235911 0.340393 
1.024865 5.222996 0.352435 
1.020997 5.218794 0.361027 
1.021812 5.233642 0.344460 
1.073243 5.221086 0.346575 
1.057227 5.233001 0.333101 
1.047062 5.212773 0.364303 
1.068285 5.218139 0.348487 
1.032302 5.226407 0.349498 
1.050208 5.225952 0.343207 
1.058863 5.232352 0.335310 
1.025329 5.219088 0.360811 
1.042075 5.217271 0.362468 
1.049174 5.226845 0.342269 
1.060434 5.211302 0.359605 
1.026817 5.233865 0.344315 
1.075158 5.213733 0.356806 
1.054663 5.221373 0.349244 
1.051729 5.229683 0.345645 
1.044863 5.228970 0.339975 
1.079468 5.218810 0.348769 
1.062008 5.224134 0.347409 
1.023976 5.231094 0.349407 
1.038577 5.226717 0.352089 
1.026539 5.231999 0.343159 
1.069033 5.217573 0.355000 
1.049788 5.213216 0.364674 
1.036875 5.226544 0.345924 
1.053270 5.230504 0.340057 
1.042865 5.216339 0.357073 
1.029436 5.222191 0.357469 
1.032900 5.233299 0.338337 
1.026986 5.236753 0.339526 
1.043561 5.220748 0.353356 
1.050453 5.215493 0.359793 
1.058277 5.223349 0.352151 
1.065108 5.216954 0.356483 
1.040613 5.209317 0.371166 
1.051466 5.222056 0.346636 
1.073937 5.214350 0.357724 
1.073013 5.214766 0.357995 
1.050120 5.217912 0.352284 
1.028243 5.226820 0.345998 
1.018304 5.232375 0.347181 
1.056196 5.220877 0.354979 
1.066797 5.229297 0.336720 
1.064378 5.218173 0.347824 
1.053086 5.226576 0.347084 
1.031700 5.221529 0.356897 
1.028345 5.229029 0.351589 
1.046310 5.211273 0.362571 
1.056576 5.234685 0.336612 
1.065079 5.223156 0.347893 
1.075566 5.212584 0.357810 
1.066492 5.209837 0.361795 
1.052228 5.230246 0.343142 
1.040761 5.235663 0.335456 
1.018569 5.220134 0.363644 
1.048251 5.221498 0.353190 
1.044308 5.221756 0.351431 
1.058661 5.227465 0.339090 
1.032270 5.222389 0.351442 
1.042881 5.209463 0.370752 
1.039063 5.226211 0.345521 
1.065922 5.214429 0.353498 
1.032028 5.235740 0.340855 
1.026404 5.221612 0.359771 
1.041661 5.219522 0.359406 
1.053971 5.224366 0.349686 
1.031955 5.236751 0.335678 
1.059586 5.232019 0.336560 
1.063787 5.218054 0.349138 
1.040454 5.238210 0.334191 
1.059244 5.216843 0.352573 
1.054941 5.221728 0.352685 
1.040886 5.228480 0.349900 
1.056905 5.222874 0.345815 
1.056657 5.234270 0.336337 
1.038343 5.219577 0.352619 
1.059614 5.224909 0.341047 
1.057336 5.209419 0.363111 
1.022452 5.216914 0.367424 
1.035924 5.228024 0.351103 
1.033754 5.215153 0.366164 
1.080414 5.215090 0.351788 
1.042403 5.225927 0.353399 
1.054458 5.220257 0.357395 
1.044539 5.208301 0.369907 
1.056618 5.232260 0.338475 
1.063081 5.224573 0.344927 
1.055432 5.218611 0.352972 
1.032490 5.214145 0.365478 
1.050007 5.210856 0.366439 
1.020614 5.228660 0.352778 
1.045121 5.230000 0.346426 
1.046952 5.217261 0.354120 
1.061718 5.224082 0.347395 
1.072829 5.216242 0.353889 
1.078537 5.219816 0.345258 
1.043979 5.235772 0.335565 
1.035671 5.220311 0.356902 
1.046163 5.230528 0.343383 
1.049521 5.238939 0.330201 
1.043549 5.215086 0.360766 
1.071459 5.216378 0.353038 
1.060772 5.218128 0.354416 
1.042638 5.227489 0.351188 
1.053020 5.211765 0.367736 
1.033556 5.217095 0.365853 
1.024538 5.222713 0.352469 
1.047793 5.237023 0.331840 
1.062020 5.235560 0.332114 
1.072289 5.219643 0.346183 
1.064853 5.220303 0.350592 
1.068509 5.223962 0.343520 
1.026600 5.220445 0.355444 
1.052055 5.236065 0.334785 
1.027879 5.227520 0.349730 
1.069258 5.222069 0.344583 
1.067955 5.211816 0.361102 
1.036615 5.222635 0.353110 
1.066364 5.215994 0.352027 
1.057535 5.208397 0.366152 
1.061018 5.217015 0.358022 
1.057854 5.211609 0.366344 
1.064251 5.221594 0.344745 
1.053677 5.215199 0.363017 
1.065329 5.226688 0.345486 
1.054163 5.213982 0.362866 
1.049126 5.236955 0.329982 
1.017091 5.221144 0.359118 
1.044527 5.229323 0.340449 
1.073291 5.220533 0.348871 
1.062917 5.222102 0.346213 
1.045366 5.223879 0.355091 
1.058651 5.229378 0.338328 
1.069626 5.210195 0.362497 
1.070719 5.226277 0.341341 
1.063310 5.222106 0.348213 
1.037267 5.219015 0.362212 
1.066770 5.215194 0.358245 
1.016416 5.221023 0.361190 
1.031497 5.214667 0.368460 
1.060903 5.222283 0.346827 
1.044759 5.237674 0.332657 
1.070682 5.227935 0.341332 
1.063798 5.212876 0.358511 
1.067470 5.228104 0.341263 
1.045588 5.225023 0.353846 
1.055067 5.210668 0.364312 
1.055715 5.222471 0.352683 
1.078741 5.216888 0.350348 
1.068993 5.215140 0.356416 
1.044843 5.227921 0.342044 
1.048059 5.213122 0.358804 
1.053834 5.217807 0.352381 
1.045750 5.210236 0.366882 
1.037356 5.230940 0.346172 
1.052678 5.222290 0.345335 
1.069237 5.215852 0.355671 
1.045237 5.222771 0.354001 
1.034770 5.229944 0.349032 
1.057792 5.217871 0.352086 
1.035311 5.211317 0.369944 
1.051158 5.216743 0.356442 
1.061280 5.209967 0.362937 
1.070133 5.213260 0.360826 
1.059270 5.230715 0.336710 
1.055821 5.235041 0.335187 
1.056882 5.228505 0.343240 
1.042930 5.220794 0.359215 
1.072229 5.221274 0.347367 
1.043465 5.225436 0.350322 
1.038316 5.224700 0.347502 
1.042324 5.212674 0.363746 
1.032172 5.228536 0.346845 
1.063416 5.211939 0.359394 
1.064192 5.234139 0.333694 
1.030969 5.224779 0.355341 
1.018049 5.233091 0.344395 
1.031955 5.235645 0.339933 
1.029909 5.224987 0.348567 
1.058148 5.219783 0.349305 
1.077609 5.221283 0.343436 
1.061672 5.224064 0.342912 
1.061609 5.218998 0.350397 
1.031728 5.217331 0.357785 
1.064579 5.227209 0.343932 
1.052819 5.216309 0.358550 
1.045410 5.229939 0.344792 
1.028646 5.213348 0.369511 
1.038943 5.220136 0.352955 
1.054907 5.233290 0.332478 
1.045475 5.221477 0.352984 
1.063276 5.211638 0.358167 
1.055681 5.233173 0.337783 
1.062111 5.221518 0.353354 
1.037049 5.221881 0.358246 
1.044998 5.214341 0.360226 
1.039695 5.220949 0.358998 
1.050091 5.232930 0.335802 
1.051638 5.233830 0.339634 
1.068239 5.229809 0.335482 
1.037132 5.215778 0.366342 
1.070929 5.228044 0.336090 
1.057976 5.221269 0.355431 
1.029254 5.230446 0.341771 
1.064716 5.228544 0.337681 
1.064339 5.220606 0.350824 
1.054522 5.228361 0.337146 
1.031155 5.222146 0.354611 
1.035194 5.223225 0.353204 
1.065042 5.221045 0.352390 
1.034719 5.222160 0.350355 
1.067098 5.209755 0.361473 
1.054829 5.223901 0.351042 
1.025316 5.224762 0.352938 
1.044743 5.222277 0.355484 
1.055392 5.213635 0.359588 
1.026594 5.214701 0.367527 
1.036821 5.212054 0.366824 
1.053465 5.218448 0.352158 
1.050088 5.230884 0.343405 
1.051376 5.226368 0.344409 
1.040262 5.220300 0.357271 
1.057430 5.215261 0.356905 
1.037672 5.234136 0.342193 
1.027828 5.219638 0.359945 
1.036946 5.216452 0.357737 
1.036432 5.212393 0.368170 
1.031521 5.236359 0.334966 
1.058284 5.215377 0.355132 
1.062572 5.213742 0.362888 
1.032402 5.223724 0.358265 
1.060634 5.212706 0.362084 
1.053588 5.209102 0.365885 
1.043062 5.218412 0.353036 
1.055077 5.232511 0.332561 
1.058144 5.218528 0.350947 
1.047284 5.218624 0.352477 
1.054716 5.229229 0.340266 
1.025415 5.227592 0.351071 
1.036001 5.212328 0.370321 
1.071220 5.228812 0.335989 
1.032414 5.226083 0.354408 
1.040578 5.238760 0.333165 
1.042233 5.213912 0.361521 
1.030113 5.216133 0.359831 
1.074123 5.225539 0.340557 
1.061791 5.217609 0.358448 
1.043326 5.233301 0.334537 
1.068106 5.225497 0.344309 
1.053472 5.221794 0.354684 
1.059434 5.222027 0.347477 
1.027796 5.228570 0.343852 
1.039603 5.209749 0.369091 
1.061822 5.229888 0.336461 
1.078444 5.215157 0.351278 
1.022726 5.224708 0.354408 
1.024338 5.221104 0.360742 
1.056717 5.230303 0.338268 
1.058369 5.217512 0.358950 
1.080334 5.216959 0.351218 
1.060972 5.224975 0.344945 
1.025826 5.233338 0.343762 
1.044226 5.229049 0.339639 
1.051082 5.226675 0.339590 
1.023434 5.230832 0.345366 
1.035684 5.224734 0.350232 
1.023142 5.222959 0.356773 
1.016653 5.223725 0.358765 
1.029367 5.211583 0.369439 
1.032476 5.222623 0.349603 
1.045756 5.229117 0.344776 
1.071272 5.221230 0.343165 
1.039810 5.212525 0.366414 
1.072508 5.221251 0.350245 
1.057682 5.209083 0.365638 
1.017191 5.223386 0.357268 
1.039556 5.228453 0.344222 
1.077667 5.222267 0.345098 
1.048593 5.208050 0.368123 
1.046257 5.220314 0.356395 
1.029070 5.226166 0.348620 
1.056218 5.222041 0.344239 
1.066454 5.232350 0.332371 
1.047095 5.215498 0.356926 
1.057397 5.214028 0.362817 
1.058025 5.224025 0.350164 
1.035502 5.220202 0.354913 
1.067972 5.227721 0.336475 
1.033016 5.218095 0.359838 
1.042339 5.222819 0.346527 
1.031875 5.215766 0.362407 
1.059007 5.216543 0.354767 
1.077998 5.217101 0.351263 
1.049441 5.211720 0.366795 
1.036986 5.227031 0.344115 
1.062657 5.215559 0.353242 
1.048700 5.235037 0.333122 
1.053713 5.215483 0.355004 
1.065177 5.221680 0.343642 
1.036614 5.231020 0.345270 
1.039056 5.227130 0.347535 
1.021565 5.222030 0.361034 
1.081197 5.219701 0.347012 
1.045102 5.211716 0.362314 
1.080519 5.218117 0.348321 
1.074314 5.213939 0.353613 
1.059892 5.228801 0.339007 
1.052194 5.238804 0.329557 
1.060865 5.211762 0.359421 
1.046369 5.234694 0.332937 
1.028349 5.234817 0.338789 
1.051234 5.219968 0.356600 
1.026516 5.232443 0.346864 
1.068290 5.226108 0.337815 
1.060713 5.210088 0.366159 
1.031562 5.219817 0.356170 
1.031989 5.223721 0.350687 
1.062229 5.233626 0.336239 
1.037041 5.224683 0.348710 
1.060935 5.225152 0.342901 
1.043738 5.219445 0.353269 
1.075178 5.219865 0.344460 
1.055594 5.211039 0.360446 
1.018675 5.223445 0.356189 
1.026307 5.224544 0.350088 
1.057959 5.235344 0.332433 
1.049158 5.224398 0.343145 
1.033027 5.224182 0.348214 
1.030723 5.219956 0.354243 
1.039366 5.221960 0.357361 
1.069819 5.233261 0.331050 
1.063902 5.211245 0.358981 
1.048306 5.209372 0.366324 
1.045778 5.221699 0.357670 
1.026250 5.213070 0.369817 
1.072789 5.216798 0.349711 
1.044975 5.226335 0.344946 
1.059131 5.210380 0.367022 
1.024728 5.231780 0.344661 
1.070837 5.221825 0.342095 
1.052035 5.235971 0.332586 
1.033218 5.229946 0.342730 
1.028368 5.227308 0.349279 
1.078742 5.226828 0.337531 
1.062353 5.216916 0.355112 
1.048984 5.236793 0.335003 
1.044860 5.219857 0.359712 
1.029729 5.235451 0.338084 
1.018863 5.232905 0.345096 
1.058682 5.217977 0.350513 
1.021435 5.230453 0.350439 
1.028138 5.213726 0.365882 
1.066135 5.222619 0.347423 
1.075116 5.225298 0.339091 
1.077956 5.213253 0.356699 
1.058159 5.237224 0.331215 
1.062668 5.218912 0.352617 
1.054435 5.219226 0.350508 
1.036804 5.226905 0.343458 
1.051687 5.232360 0.335578 
1.075986 5.218099 0.347472 
1.053150 5.232492 0.339237 
1.025157 5.229306 0.343877 
1.059562 5.226850 0.340766 
1.034749 5.236708 0.333444 
1.033382 5.225767 0.352733 
1.026219 5.231007 0.345540 
1.037031 5.228374 0.347627 
1.034577 5.211073 0.371561 
1.038702 5.234663 0.337839 
1.030622 5.211776 0.370563 
1.053973 5.212324 0.359163 
1.037729 5.215530 0.366797 
1.037391 5.216961 0.357175 
1.063026 5.214532 0.358374 
1.021928 5.225699 0.353155 
1.051164 5.234652 0.331926 
1.025227 5.233336 0.341384 
1.053487 5.224434 0.351500 
1.028391 5.213153 0.369438 
1.026463 5.216247 0.368002 
1.040983 5.209364 0.368983 
1.063784 5.228217 0.343475 
1.033956 5.231515 0.339869 
1.031315 5.232853 0.338593 
1.050319 5.216389 0.359170 
1.022440 5.222757 0.358634 
1.049287 5.215056 0.356181 
1.037646 5.232944 0.338370 
1.052224 5.220370 0.356846 
1.025807 5.237421 0.336346 
1.041976 5.237068 0.333702 
1.066954 5.223662 0.344277 
1.064979 5.222555 0.351314 
1.063410 5.219747 0.348230 
1.063444 5.222521 0.349251 
1.058037 5.224977 0.341695 
1.033169 5.210029 0.370443 
1.036865 5.226364 0.353854 
1.047884 5.225445 0.351494 
1.062261 5.212608 0.360281 
1.041301 5.239340 0.330664 
1.039583 5.222695 0.350044 
1.030479 5.211903 0.370753 
1.040749 5.214860 0.358733 
1.033822 5.221304 0.358614 
1.062995 5.209876 0.363346 
1.043386 5.210532 0.370515 
1.051211 5.214551 0.363164 
1.042488 5.223956 0.351739 
1.032988 5.224057 0.357583 
1.068433 5.225376 0.339513 
1.068438 5.221578 0.347103 
1.064423 5.225960 0.339587 
1.032181 5.222668 0.353478 
1.053962 5.212954 0.358779 
1.033825 5.217120 0.356986 
1.020045 5.216370 0.365896 
1.048258 5.219146 0.353368 
1.027921 5.227317 0.350951 
1.065416 5.222840 0.348241 
1.046745 5.216955 0.355375 
1.047326 5.214257 0.360274 
1.065786 5.223363 0.347622 
1.039693 5.233252 0.343663 
1.014673 5.221914 0.361119 
1.051896 5.220201 0.355942 
1.038037 5.226425 0.347632 
1.025289 5.218689 0.363960 
1.052269 5.217291 0.360977 
1.054138 5.210745 0.362723 
1.042212 5.221516 0.353717 
1.044975 5.211594 0.366447 
1.047228 5.216387 0.359294 
1.024783 5.231347 0.342287 
1.051335 5.225234 0.351938 
1.046565 5.224639 0.345720 
1.059239 5.222035 0.348537 
1.075802 5.214780 0.355656 
1.074720 5.213580 0.356699 
1.068324 5.211238 0.362209 
1.028375 5.221032 0.359721 
1.059524 5.215327 0.358366 
1.066540 5.223697 0.348952 
1.024753 5.215018 0.368256 
1.053145 5.221989 0.347987 
1.042495 5.227172 0.345325 
1.027426 5.225384 0.352756 
1.065490 5.218820 0.349590 
1.020215 5.218436 0.361558 
1.072780 5.218435 0.352430 
1.040074 5.222915 0.350487 
1.041331 5.211257 0.367389 
1.064820 5.234183 0.333087 
1.048732 5.215846 0.363132 
1.044868 5.217448 0.353032 
1.036942 5.236321 0.337546 
1.063055 5.227906 0.338213 
1.036567 5.214737 0.364901 
1.024244 5.233111 0.346108 
1.045839 5.232764 0.337548 
1.040983 5.217837 0.358195 
1.045962 5.219410 0.352930 
1.036655 5.215947 0.359198 
1.040619 5.228708 0.346734 
1.051642 5.231386 0.341176 
1.033249 5.222672 0.355052 
1.027120 5.226891 0.348210 
1.045034 5.212274 0.361102 
1.035395 5.234523 0.341760 
1.045293 5.218023 0.358009 
1.027281 5.218296 0.360533 
1.029523 5.227613 0.348504 
1.041220 5.229150 0.341788 
1.072635 5.225183 0.339714 
1.048799 5.219243 0.359286 
1.068452 5.220813 0.344113 
1.044341 5.228880 0.344291 
1.049280 5.212828 0.365109 
1.070929 5.211510 0.357298 
1.071524 5.227996 0.338367 
1.053257 5.220620 0.349477 
1.074290 5.220017 0.346921 
1.050480 5.209010 0.369749 
1.038284 5.238433 0.333869 
1.036510 5.211352 0.369387 
1.054640 5.218436 0.350001 
1.070979 5.217885 0.352808 
1.059543 5.235084 0.333644 
1.052578 5.237249 0.332294 
1.067771 5.223005 0.346296 
1.053278 5.229387 0.341027 
1.024625 5.236851 0.337940 
1.053196 5.232913 0.335444 
1.040425 5.222919 0.348438 
1.038427 5.224646 0.349368 
1.033501 5.212336 0.368511 
1.046840 5.225869 0.350962 
1.046551 5.230584 0.338450 
1.080799 5.222684 0.343847 
1.028312 5.237120 0.338686 
1.039995 5.235766 0.338720 
1.037732 5.219114 0.358883 
1.037737 5.228823 0.347954 
1.053808 5.234804 0.332118 
1.076990 5.224048 0.340906 
1.028057 5.223090 0.357308 
1.046219 5.231985 0.337113 
1.050494 5.222221 0.347592 
1.032535 5.221910 0.357927 
1.030449 5.234517 0.341193 
1.076338 5.218748 0.345899 
1.080354 5.218065 0.349020 
1.076301 5.218622 0.348815 
1.046318 5.237925 0.330400 
1.072208 5.217347 0.348840 
1.069930 5.223295 0.340360 
1.025913 5.230908 0.345941 
1.071832 5.225920 0.337527 
1.021397 5.218231 0.362394 
1.063381 5.213100 0.355396 
1.034482 5.211084 0.368322 
1.062199 5.211422 0.360935 
1.036138 5.237666 0.336205 
1.067755 5.222819 0.349244 
1.055175 5.210393 0.362404 
1.059760 5.223974 0.349664 
1.050663 5.232291 0.340722 
1.080168 5.216608 0.351205 
1.055729 5.219127 0.355216 
1.050549 5.217407 0.360004 
1.045324 5.230369 0.345634 
1.030895 5.232070 0.340516 
1.057462 5.212055 0.361502 
1.023379 5.231222 0.344820 
1.036670 5.215997 0.361726 
1.033013 5.214184 0.365444 
1.026859 5.221950 0.352825 
1.057178 5.233018 0.338760 
1.049367 5.230559 0.344091 
1.049672 5.232039 0.342028 
1.055480 5.229087 0.344036 
1.054844 5.229748 0.337927 
1.061775 5.212104 0.358333 
1.018612 5.226669 0.354302 
1.059188 5.230536 0.336342 
1.039362 5.221988 0.350879 
1.035795 5.212831 0.366848 
1.048288 5.226498 0.346379 
1.063838 5.218770 0.347579 
1.039663 5.217231 0.360966 
1.015982 5.227491 0.352034 
1.027367 5.219627 0.363619 
1.022969 5.218464 0.362111 
1.071407 5.213621 0.357429 
1.047664 5.228029 0.349110 
1.036535 5.234074 0.339216 
1.042763 5.212677 0.364958 
1.060965 5.220086 0.349777 
1.037849 5.235560 0.337920 
1.079852 5.221457 0.342381 
1.047947 5.234457 0.336461 
1.077630 5.220445 0.348297 
1.063171 5.210109 0.365201 
1.069206 5.222004 0.342524 
1.027147 5.217759 0.365642 
1.051594 5.224350 0.345875 
1.030631 5.234004 0.337218 
1.072832 5.223120 0.346696 
1.029485 5.218296 0.360115 
1.051903 5.224476 0.345643 
1.032064 5.231141 0.339868 
1.023957 5.228526 0.352353 
1.032850 5.220850 0.361507 
1.045750 5.221779 0.348197 
1.014992 5.232423 0.345253 
1.076628 5.212912 0.356589 
1.026366 5.222679 0.354781 
1.072124 5.225113 0.345192 
1.069071 5.215396 0.355995 
1.039444 5.218717 0.354117 
1.049290 5.227495 0.347895 
1.043028 5.232573 0.343044 
1.051507 5.234741 0.334024 
1.072587 5.225292 0.340000 
1.022255 5.225453 0.355808 
1.064728 5.215311 0.353136 
1.028091 5.213822 0.364976 
1.054001 5.231885 0.337085 
1.026693 5.225969 0.349161 
1.072956 5.223579 0.346099 
1.030629 5.216438 0.366026 
1.028337 5.233594 0.340142 
1.022251 5.233540 0.344190 
1.045763 5.211226 0.363175 
1.036597 5.220991 0.352507 
1.024260 5.228433 0.345224 
1.052754 5.223997 0.352567 
1.024367 5.220977 0.360474 
1.054241 5.225478 0.346068 
1.039969 5.238140 0.334613 
1.033620 5.235403 0.336176 
1.016788 5.231800 0.348545 
1.016569 5.225298 0.356659 
1.070506 5.223885 0.344576 
1.069512 5.215862 0.356814 
1.028886 5.226417 0.351252 
1.047389 5.208299 0.368286 
1.020269 5.218587 0.363727 
1.043738 5.218433 0.358826 
1.071164 5.210768 0.361466 
1.046121 5.219725 0.350348 
1.038229 5.237409 0.333211 
1.046159 5.216565 0.354199 
1.064860 5.213294 0.362193 
1.042233 5.229861 0.339390 
1.066808 5.225793 0.342997 
1.076755 5.222756 0.343995 
1.058804 5.215960 0.356140 
1.042220 5.219861 0.351454 
1.052485 5.222789 0.346112 
1.048530 5.221603 0.347325 
1.037287 5.225567 0.347280 
1.045149 5.221894 0.354124 
1.036132 5.218582 0.354843 
1.041380 5.212106 0.366867 
1.061503 5.216279 0.354230 
1.035017 5.215069 0.367098 
1.058472 5.209850 0.366592 
1.031659 5.219065 0.362203 
1.035082 5.218928 0.363624 
1.042734 5.232010 0.340834 
1.045194 5.231739 0.341040 
1.042741 5.214348 0.364030 
1.039733 5.220424 0.358529 
1.035644 5.232569 0.344687 
1.065901 5.222774 0.346971 
1.055299 5.215914 0.352752 
1.057640 5.217386 0.352583 
1.029085 5.214326 0.364041 
1.062053 5.232863 0.336674 
1.016997 5.232561 0.344430 
1.037222 5.219787 0.360852 
1.033441 5.213081 0.365257 
1.055708 5.221012 0.346045 
1.043346 5.224849 0.350376 
1.052887 5.234465 0.337850 
1.033546 5.232652 0.345462 
1.079263 5.220142 0.345164 
1.052185 5.207818 0.367835 
1.055714 5.229730 0.335917 
1.043867 5.225736 0.353211 
1.042703 5.225919 0.348376 
1.063695 5.216415 0.357514 
1.023371 5.214631 0.366166 
1.040337 5.221504 0.354887 
1.064142 5.231211 0.339545 
1.032669 5.222126 0.355861 
1.053285 5.216011 0.354977 
1.034191 5.229573 0.347846 
1.050823 5.224862 0.343132 
1.056102 5.209866 0.363047 
1.044974 5.237651 0.333559 
1.049323 5.226698 0.350569 
1.074194 5.220946 0.347685 
1.059116 5.235105 0.331643 
1.053020 5.230145 0.339286 
1.027487 5.215026 0.366111 
1.019951 5.224437 0.355480 
1.023530 5.229355 0.346519 
1.067744 5.215901 0.350671 
1.024742 5.222161 0.360709 
1.049966 5.232554 0.341141 
1.079105 5.214961 0.352325 
1.040960 5.225860 0.353071 
1.046980 5.238307 0.331887 
1.027444 5.224095 0.349653 
1.030814 5.235784 0.341112 
1.037474 5.234532 0.335903 
1.060923 5.228885 0.342983 
1.078613 5.226254 0.339051 
1.038049 5.213912 0.367599 
1.038158 5.217396 0.363567 
1.050458 5.210567 0.367257 
1.028686 5.225172 0.350320 
1.067907 5.211511 0.362831 
1.021274 5.227091 0.352528 
1.060317 5.219585 0.355549 
1.020421 5.222598 0.357610 
1.077085 5.220724 0.347963 
1.061460 5.214120 0.357450 
1.046734 5.215677 0.361698 
1.045309 5.211226 0.369672 
1.048078 5.226522 0.348978 
1.016831 5.223244 0.359847 
1.032229 5.217080 0.363906 
1.058161 5.229694 0.340480 
1.032989 5.213481 0.363963 
1.068015 5.220845 0.345344 
1.030570 5.221768 0.358528 
1.045699 5.234372 0.336782 
1.050344 5.237856 0.332719 
1.061990 5.226326 0.340238 
1.079831 5.220390 0.345516 
1.040075 5.227388 0.350451 
1.043799 5.210941 0.365124 
1.069130 5.231916 0.334361 
1.067140 5.210119 0.360846 
1.081541 5.217084 0.350053 
1.046106 5.228820 0.346755 
1.020394 5.232276 0.345799 
1.069135 5.232245 0.335051 
1.058989 5.233895 0.334399 
1.048337 5.210434 0.370100 
1.035318 5.233516 0.341836 
1.040496 5.235548 0.335519 
1.054770 5.218269 0.352591 
1.067708 5.218677 0.346734 
1.016760 5.220737 0.359046 
1.046910 5.220317 0.353655 
1.068725 5.215925 0.350909 
1.063712 5.209879 0.363241 
1.062756 5.232658 0.334545 
1.046954 5.235619 0.337225 
1.032121 5.232273 0.340035 
1.019142 5.235395 0.341102 
1.061027 5.227385 0.345653 
1.065206 5.230105 0.337047 
1.057771 5.222135 0.350683 
1.019728 5.225421 0.353412 
1.063328 5.224615 0.346518 
1.057663 5.224624 0.350029 
1.067138 5.230138 0.333089 
1.039718 5.231395 0.336958 
1.030690 5.228999 0.349910 
1.030498 5.235772 0.337638 
1.033132 5.222809 0.352942 
1.050929 5.231222 0.337259 
1.035070 5.226560 0.344606 
1.054279 5.232701 0.337146 
1.013087 5.221829 0.360659 
1.052556 5.232179 0.333959 
1.070100 5.224057 0.346111 
1.035034 5.213261 0.368425 
1.049290 5.213715 0.360146 
1.036890 5.232189 0.338436 
1.066583 5.232484 0.331939 
1.039664 5.217176 0.362582 
1.026150 5.227248 0.347165 
1.042393 5.224155 0.348075 
1.053846 5.229984 0.337154 
1.069409 5.210177 0.360121 
1.021967 5.227125 0.353669 
1.052972 5.225465 0.348543 
1.057644 5.227713 0.337474 
1.014291 5.223243 0.357695 
1.035144 5.222629 0.351081 
1.047787 5.230376 0.343763 
1.070991 5.230114 0.337357 
1.064653 5.210458 0.365504 
1.024354 5.226485 0.351002 
1.059367 5.223744 0.350211 
1.023485 5.222524 0.360999 
1.053678 5.217446 0.355583 
1.070780 5.217923 0.350317 
1.021771 5.220366 0.362283 
1.042848 5.233060 0.338531 
1.055476 5.224629 0.348191 
1.051335 5.213898 0.365301 
1.051784 5.220137 0.352918 
1.050568 5.233417 0.340658 
1.032414 5.220854 0.361424 
1.033119 5.214781 0.368209 
1.017640 5.227474 0.353279 
1.046428 5.231936 0.343869 
1.040785 5.216633 0.361912 
1.051331 5.220819 0.356314 
1.030383 5.224220 0.352044 
1.065759 5.214634 0.353182 
1.062350 5.218783 0.352139 
1.074048 5.210696 0.360892 
1.054676 5.236816 0.330266 
1.070018 5.223571 0.347465 
1.042778 5.224906 0.352154 
1.030476 5.224682 0.354964 
1.056733 5.228099 0.339245 
1.049322 5.233023 0.340472 
1.023500 5.223917 0.353742 
1.032936 5.221584 0.354062 
1.040131 5.223251 0.348323 
1.022265 5.222623 0.355396 
1.047861 5.224899 0.347002 
1.046404 5.220377 0.350152 
1.015969 5.225349 0.353063 
1.025798 5.225945 0.350142 
1.028749 5.230757 0.341308 
1.065009 5.224015 0.342648 
1.048029 5.219716 0.359838 
1.030713 5.225173 0.350474 
1.044015 5.225323 0.347575 
1.036613 5.216058 0.360409 
1.059791 5.228144 0.343905 
1.055108 5.230929 0.335965 
1.034796 5.215156 0.365820 
1.039531 5.209795 0.369925 
1.048271 5.215477 0.360094 
1.049792 5.222245 0.351501 
1.050791 5.219878 0.358134 
1.056813 5.235650 0.333992 
1.031471 5.218565 0.360374 
1.020738 5.231569 0.344471 
1.030840 5.222938 0.352501 
1.075661 5.228687 0.335453 
1.067430 5.233073 0.334482 
1.063748 5.213457 0.362060 
1.074983 5.216840 0.349372 
1.034341 5.213732 0.365776 
1.056684 5.215900 0.354289 
1.031642 5.224815 0.351581 
1.037575 5.217832 0.358083 
1.072394 5.219925 0.348638 
1.037225 5.224740 0.345797 
1.058237 5.225104 0.340767 
1.076274 5.214799 0.351755 
1.021071 5.235924 0.340039 
1.053587 5.229360 0.342584 
1.058047 5.235631 0.332188 
1.023890 5.223508 0.353121 
1.033571 5.213896 0.366826 
1.057535 5.229012 0.341172 
1.067681 5.214762 0.359239 
1.056486 5.214942 0.354237 
1.067574 5.210453 0.361372 
1.046629 5.228569 0.342878 
1.055459 5.209566 0.364611 
1.052326 5.217499 0.356238 
1.043797 5.226047 0.349997 
1.053513 5.214908 0.361420 
1.055983 5.220710 0.351510 
1.038231 5.218040 0.361949 
1.050048 5.216581 0.356135 
1.023414 5.219357 0.361368 
1.065096 5.213223 0.358633 
1.043354 5.219332 0.361263 
1.022808 5.220912 0.358794 
1.049279 5.216785 0.358908 
1.048118 5.230935 0.336566 
1.061993 5.217449 0.351576 
1.072314 5.219682 0.348456 
1.028734 5.228262 0.347006 
1.045580 5.232208 0.340383 
1.073646 5.222314 0.346543 
1.037483 5.212588 0.370381 
1.040914 5.222652 0.351484 
1.053159 5.230268 0.340711 
1.034284 5.221720 0.356049 
1.029827 5.234477 0.338028 
1.065728 5.217861 0.355582 
1.057837 5.235178 0.329726 
1.065079 5.217572 0.352689 
1.080510 5.215491 0.352503 
1.052776 5.228596 0.342726 
1.026334 5.233572 0.344809 
1.063459 5.215210 0.359389 
1.050835 5.232439 0.333938 
1.067113 5.216468 0.351997 
1.043874 5.225438 0.347010 
1.047207 5.223238 0.345237 
1.042415 5.223200 0.352989 
1.069087 5.211822 0.361316 
1.053033 5.216210 0.359047 
1.032665 5.218406 0.364021 
1.049425 5.219463 0.358590 
1.032995 5.235783 0.335505 
1.045697 5.224472 0.350002 
1.016343 5.219701 0.361530 
1.013696 5.221441 0.360361 
1.075933 5.215811 0.349837 
1.023678 5.227329 0.347457 
1.058497 5.223383 0.349094 
1.061308 5.224323 0.346472 
1.021504 5.233388 0.345055 
1.031645 5.235450 0.337240 
1.068637 5.222067 0.346618 
1.023896 5.224495 0.353471 
1.028666 5.218036 0.361970 
1.066816 5.224332 0.344497 
1.036435 5.235676 0.338814 
1.043518 5.234328 0.337565 
1.018632 5.222872 0.358238 
1.021094 5.226606 0.354332 
1.054836 5.222985 0.349748 
1.050892 5.225595 0.347061 
1.038402 5.228072 0.345476 
1.048192 5.221176 0.349761 
1.059085 5.221296 0.348745 
1.020577 5.226059 0.354998 
1.038717 5.223264 0.355794 
1.055320 5.234126 0.337969 
1.031720 5.213200 0.367005 
1.060685 5.213499 0.361383 
1.019301 5.219805 0.364507 
1.043458 5.219172 0.355811 
1.034082 5.221352 0.352000 
1.056229 5.218028 0.350390 
1.045587 5.208002 0.372379 
1.045807 5.230537 0.337793 
1.052066 5.219506 0.357049 
1.049255 5.235836 0.336069 
1.033243 5.222033 0.357005 
1.061286 5.219861 0.346435 
1.027279 5.211956 0.370661 
1.071594 5.221133 0.347945 
1.058187 5.212198 0.366122 
1.044467 5.237040 0.331799 
1.048680 5.233035 0.339806 
1.080136 5.221701 0.342718 
1.017518 5.222371 0.357533 
1.032828 5.237655 0.333046 
1.047453 5.216703 0.360798 
1.049143 5.222128 0.354481 
1.051361 5.216594 0.357423 
1.015607 5.219843 0.362820 
1.053674 5.220894 0.346401 
1.030285 5.229061 0.344684 
1.025624 5.229736 0.346535 
1.056262 5.216285 0.352916 
1.061665 5.208183 0.368008 
1.074183 5.221835 0.347772 
1.064723 5.223348 0.346213 
1.058452 5.227989 0.343934 
1.045829 5.214766 0.363333 
1.047646 5.226144 0.350161 
1.036606 5.231757 0.340327 
1.075073 5.226976 0.340796 
1.059263 5.228798 0.338379 
1.078910 5.217301 0.348627 
1.054925 5.237212 0.329055 
1.045870 5.213611 0.361583 
1.039392 5.228303 0.345899 
1.068389 5.218017 0.348441 
1.049613 5.213704 0.357728 
1.030198 5.223290 0.358921 
1.038003 5.213322 0.367651 
1.056409 5.216117 0.354343 
1.032520 5.238384 0.333355 
1.071258 5.225083 0.341104 
1.018087 5.228299 0.350782 
1.047809 5.216084 0.357355 
1.037775 5.227216 0.343952 
1.020705 5.225469 0.351468 
1.063033 5.232734 0.331877 
1.034648 5.223486 0.354055 
1.059191 5.213655 0.359016 
1.023783 5.230244 0.344569 
1.049476 5.224662 0.352675 
1.035919 5.227298 0.343065 
1.029065 5.229173 0.346024 
1.037026 5.235015 0.335931 
1.031745 5.221261 0.359980 
1.072861 5.223254 0.344054 
1.052451 5.221219 0.346072 
1.048954 5.233395 0.340223 
1.072716 5.230271 0.333451 
1.027924 5.229148 0.348786 
1.040983 5.226190 0.343999 
1.025082 5.221103 0.357666 
1.029480 5.226861 0.348819 
1.077357 5.214350 0.355122 
1.041191 5.226281 0.345737 
1.058803 5.230787 0.333664 
1.056721 5.209220 0.364346 
1.072649 5.225858 0.340970 
1.044464 5.215733 0.358420 
1.045392 5.225927 0.344436 
1.056552 5.228540 0.345932 
1.068369 5.230943 0.337125 
1.022736 5.219186 0.361583 
1.036926 5.228124 0.341346 
1.042960 5.234736 0.335320 
1.053808 5.215131 0.358221 
1.056530 5.220292 0.356411 
1.020951 5.223306 0.358322 
1.058241 5.211671 0.363688 
1.047012 5.239538 0.329580 
1.049341 5.222391 0.354579 
1.064277 5.228439 0.341355 
1.039355 5.212895 0.369899 
1.021791 5.224101 0.359230 
1.039549 5.230313 0.345130 
1.028123 5.215545 0.362907 
1.052356 5.226033 0.339979 
1.043822 5.238382 0.331121 
1.052509 5.214067 0.356376 
1.066804 5.229840 0.337654 
1.060383 5.231109 0.340472 
1.076113 5.225731 0.338194 
1.032341 5.237680 0.334110 
1.055422 5.210792 0.366556 
1.027967 5.229318 0.345075 
1.039503 5.235250 0.333823 
1.027202 5.224319 0.355039 
1.035163 5.226134 0.349842 
1.029286 5.216106 0.363784 
1.060292 5.231399 0.336003 
1.048709 5.209035 0.368981 
1.022789 5.231982 0.346892 
1.050500 5.228755 0.346187 
1.051119 5.217739 0.359140 
1.074061 5.222228 0.346498 
1.044215 5.217093 0.363855 
1.057935 5.228466 0.345501 
1.038751 5.233002 0.340180 
1.048028 5.223208 0.352928 
1.039487 5.224649 0.347934 
1.031053 5.234985 0.337538 
1.067117 5.230959 0.337498 
1.038307 5.236067 0.338849 
1.032935 5.218109 0.361430 
1.045567 5.212499 0.362270 
1.019042 5.229705 0.349746 
1.052207 5.237154 0.333560 
1.055522 5.229107 0.341013 
1.056036 5.223140 0.343630 
1.026663 5.234240 0.340449 
1.071056 5.216731 0.354978 
1.033012 5.218527 0.363137 
1.042869 5.217141 0.357455 
1.055350 5.232751 0.332827 
1.060805 5.225215 0.342102 
1.032605 5.221756 0.353611 
1.023127 5.222178 0.354022 
1.047226 5.216642 0.360027 
1.056370 5.229830 0.342205 
1.015565 5.227875 0.353625 
1.050139 5.208856 0.366946 
1.040142 5.220095 0.359319 
1.022599 5.218560 0.365382 
1.045360 5.225316 0.352857 
1.058051 5.211916 0.361808 
1.052827 5.219348 0.348917 
1.063262 5.216087 0.352777 
1.050448 5.237700 0.330838 
1.039296 5.220278 0.357168 
1.047233 5.223379 0.350000 