1.631216 2.161656 0.290547 
1.602896 2.164658 0.309639 
1.637733 2.156140 0.306972 
1.626337 2.155523 0.319960 
1.607769 2.160676 0.318518 
1.596984 2.165422 0.312465 
1.609097 2.166627 0.292282 
1.583195 2.173736 0.293075 
1.614175 2.160746 0.312393 
1.584462 2.165838 0.326954 
1.598317 2.158744 0.337838 
1.617551 2.165458 0.293068 
1.614807 2.157218 0.326095 
1.600611 2.164692 0.314346 
1.624498 2.158853 0.303770 
1.589413 2.162313 0.336529 
1.596765 2.166200 0.303905 
1.621368 2.155730 0.321254 
1.594459 2.170424 0.290462 
1.574480 2.172572 0.302139 
1.602400 2.167051 0.299189 
1.584559 2.164099 0.327014 
1.577527 2.170111 0.310010 
1.621537 2.158143 0.319200 
1.611570 2.168230 0.286251 
1.577399 2.166030 0.324465 
1.597713 2.170895 0.288513 
1.619234 2.161453 0.307416 
1.578497 2.167198 0.326989 
1.580281 2.171502 0.303260 
1.631474 2.159227 0.302061 
1.621328 2.160277 0.306198 
1.633822 2.158137 0.299510 
1.612311 2.163240 0.301123 
1.600697 2.171616 0.284046 
1.584310 2.166089 0.317592 
1.601810 2.161894 0.325064 
1.575946 2.167983 0.318518 
1.586823 2.164396 0.324108 
1.611533 2.156497 0.334617 
1.570727 2.169525 0.319953 
1.567542 2.171646 0.312917 
1.623539 2.163179 0.296229 
1.633082 2.156003 0.313816 
1.597173 2.164591 0.310273 
1.605265 2.164985 0.300022 
1.595253 2.171239 0.288907 
1.621243 2.162173 0.299613 
1.586252 2.162982 0.329980 
1.617823 2.164782 0.294666 
1.608547 2.160956 0.316407 
1.592802 2.167987 0.308425 
1.573385 2.170654 0.312760 
1.614531 2.163006 0.303233 
1.597323 2.159209 0.335661 
1.609920 2.161023 0.320875 
1.603928 2.162577 0.320782 
1.604723 2.161319 0.313756 
1.631949 2.158172 0.302957 
1.608748 2.169486 0.284040 
1.612165 2.160193 0.311442 
1.586754 2.170072 0.301545 
1.615008 2.161303 0.307105 
1.584124 2.165813 0.324989 
1.589260 2.166567 0.308616 
1.632487 2.155422 0.312790 
1.595953 2.166617 0.306229 
1.621459 2.157256 0.314426 
1.589981 2.168569 0.306195 
1.599995 2.167760 0.296911 
1.628390 2.158880 0.308317 
1.578651 2.171683 0.301366 
1.616737 2.158570 0.318995 
1.594782 2.161701 0.325808 
1.586740 2.169845 0.300362 
1.586824 2.161695 0.334007 
1.595482 2.161196 0.331048 
1.594809 2.166958 0.308074 
1.584090 2.163748 0.332720 
1.599994 2.165823 0.308262 
1.619100 2.162678 0.298333 
1.580186 2.168939 0.308790 
1.602921 2.169436 0.288244 
1.580337 2.168280 0.316909 
1.582246 2.162366 0.337772 
1.623624 2.164589 0.287997 
1.586985 2.168518 0.304915 
1.599255 2.163550 0.309525 
1.581768 2.172769 0.299296 
1.621456 2.160598 0.303299 
1.581819 2.173260 0.290711 
1.608091 2.160290 0.321062 
1.617724 2.162750 0.302748 
1.595215 2.165413 0.313130 
1.573854 2.165936 0.333859 
1.579045 2.166960 0.318747 
1.579769 2.163954 0.336782 
1.583006 2.164685 0.323711 
1.616266 2.164428 0.296717 
1.594114 2.166231 0.314347 
1.587672 2.163077 0.332059 
1.598988 2.162202 0.318258 
1.586695 2.163245 0.327266 
1.614033 2.157577 0.320920 
1.606451 2.162655 0.317249 
1.612994 2.162268 0.303938 
1.623183 2.159680 0.311756 
1.615385 2.161737 0.311612 
1.619844 2.156943 0.321452 
1.638668 2.157745 0.298098 
1.571967 2.169867 0.320842 
1.592319 2.168167 0.298748 
1.593556 2.163383 0.325812 
1.614443 2.158692 0.315976 
1.572809 2.169032 0.320264 
1.614223 2.168237 0.282496 
1.596481 2.160906 0.332089 
1.567267 2.173698 0.308442 
1.588118 2.162049 0.331339 
1.605855 2.165580 0.297366 
1.607592 2.163632 0.307949 
1.595345 2.163726 0.323662 
1.615183 2.166223 0.290891 
1.621249 2.162472 0.301411 
1.589236 2.160628 0.338170 
1.568737 2.172446 0.311496 
1.584317 2.174496 0.286210 
1.626995 2.161855 0.290894 
1.617620 2.161834 0.306224 
1.587310 2.170143 0.305083 
1.586382 2.163122 0.335592 
1.574795 2.167059 0.325889 
1.602587 2.164778 0.307952 
1.580646 2.174485 0.288987 
1.588480 2.160545 0.339391 
1.586976 2.163840 0.328502 
1.592481 2.171127 0.293774 
1.596492 2.169980 0.294861 
1.589189 2.161940 0.334835 
1.577628 2.170274 0.312146 
1.572659 2.174296 0.299645 
1.607890 2.166223 0.298321 
1.599462 2.164203 0.311202 
1.611469 2.158924 0.317334 
1.593140 2.168950 0.303638 
1.622313 2.163962 0.287268 
1.568922 2.168269 0.327678 
1.592346 2.165017 0.320656 
1.606378 2.166379 0.291290 
1.618840 2.165402 0.288022 
1.576668 2.168315 0.318681 
1.617975 2.164003 0.293516 
1.598569 2.165865 0.303772 
1.630606 2.154442 0.320297 
1.593887 2.164519 0.316292 
1.594833 2.159675 0.337081 
1.575835 2.169274 0.312565 
1.583157 2.172188 0.296979 
1.574895 2.172381 0.300560 
1.633451 2.156292 0.310889 
1.621767 2.159960 0.312555 
1.603504 2.168768 0.290681 
1.635180 2.156999 0.305411 
1.606176 2.168585 0.285606 
1.610139 2.164253 0.307480 
1.583599 2.167083 0.313586 
1.621938 2.154895 0.330676 
1.593878 2.169392 0.300309 
1.608523 2.161384 0.318166 
1.600016 2.168914 0.294802 
1.622549 2.157541 0.312784 
1.614393 2.164614 0.300565 
1.607976 2.161941 0.315534 
1.615594 2.167157 0.283900 
1.610810 2.157450 0.328410 
1.594585 2.171752 0.285797 
1.604425 2.159741 0.324596 
1.590767 2.166705 0.305683 
1.581831 2.164148 0.327982 
1.591187 2.164032 0.321937 
1.615116 2.161515 0.303546 
1.602729 2.157367 0.338016 
1.607682 2.156049 0.341106 
1.620551 2.161537 0.302290 
1.595343 2.168191 0.304036 
1.590337 2.167028 0.304328 
1.580404 2.174495 0.290835 
1.584820 2.170953 0.300508 
1.612808 2.160426 0.312937 
1.574329 2.168225 0.320178 
1.582463 2.165489 0.323482 
1.614788 2.158521 0.317326 
1.597751 2.165475 0.312500 
1.588750 2.161370 0.337920 
1.610518 2.166766 0.293328 
1.570838 2.170086 0.316038 
1.596428 2.165198 0.317017 
1.591982 2.160944 0.332831 
1.614460 2.163659 0.302353 
1.588469 2.166581 0.308172 
1.565530 2.171964 0.314053 
1.575974 2.171457 0.307556 
1.630331 2.157616 0.311463 
1.590559 2.160968 0.332477 
1.626480 2.155088 0.325832 
1.629451 2.161132 0.297581 
1.603314 2.165397 0.302397 
1.584823 2.168494 0.306766 
1.608475 2.163488 0.302810 
1.630530 2.153783 0.322617 
1.618900 2.162452 0.298687 
1.573052 2.169349 0.316967 
1.622013 2.160503 0.307138 
1.571934 2.172105 0.312439 
1.611251 2.161261 0.317457 
1.621288 2.156215 0.321128 
1.619594 2.161201 0.299510 
1.609173 2.158090 0.325876 
1.575675 2.166280 0.326607 
1.572942 2.169254 0.319486 
1.607793 2.167094 0.289065 
1.609468 2.161197 0.312153 
1.601000 2.157545 0.340810 
1.615557 2.162328 0.298752 
1.595106 2.161842 0.328747 
1.620040 2.165607 0.283687 
1.616932 2.155802 0.332805 
1.586189 2.165458 0.323884 
1.599270 2.171793 0.285009 
1.635939 2.157048 0.302732 
1.601464 2.163392 0.310116 
1.633805 2.154962 0.316021 
1.589798 2.171103 0.292290 
1.573838 2.172687 0.303812 
1.597656 2.161066 0.326262 
1.580244 2.171197 0.305410 
1.614368 2.156815 0.333124 
1.567731 2.169582 0.324880 
1.595956 2.166649 0.311443 
1.589607 2.170434 0.294269 
1.585425 2.166529 0.315195 
1.572835 2.170233 0.311331 
1.629657 2.157338 0.314057 
1.578345 2.168478 0.321249 
1.618910 2.159836 0.311968 
1.596837 2.167054 0.303182 
1.621167 2.159543 0.307742 
1.604083 2.161365 0.315319 
1.599689 2.159627 0.328901 
1.616107 2.157466 0.327630 
1.600370 2.166040 0.298321 
1.578791 2.168384 0.319185 
1.576629 2.168223 0.322744 
1.589445 2.162085 0.329081 
1.590495 2.160794 0.336928 
1.623837 2.161448 0.300030 
1.592637 2.163111 0.323502 
1.576420 2.168305 0.321304 
1.584290 2.166963 0.314242 
1.625524 2.158861 0.310565 
1.602962 2.169306 0.292400 
1.616735 2.160064 0.313252 
1.574102 2.165261 0.335068 
1.596756 2.158087 0.341763 
1.576535 2.167268 0.319916 
1.616396 2.162830 0.306597 
1.595722 2.168676 0.295891 
1.634976 2.157783 0.305669 
1.596990 2.159082 0.337534 
1.624060 2.159708 0.301992 
1.603727 2.162092 0.317538 
1.601623 2.167991 0.289781 
1.604059 2.159168 0.327437 
1.594703 2.166529 0.308977 
1.606278 2.165411 0.303300 
1.592269 2.163542 0.328942 
1.599532 2.169894 0.286675 
1.624089 2.160207 0.305745 
1.624644 2.156053 0.321953 
1.608326 2.160958 0.316666 
1.604525 2.160487 0.324413 
1.593651 2.171906 0.285964 
1.570579 2.168407 0.324543 
1.573640 2.171566 0.308850 
1.615617 2.162173 0.304764 
1.601195 2.168384 0.293781 
1.582591 2.168643 0.314733 
1.589875 2.166078 0.313797 
1.580322 2.165821 0.326264 
1.595440 2.161402 0.334031 
1.605634 2.168574 0.286066 
1.613915 2.162087 0.311304 
1.599566 2.162325 0.324605 
1.623506 2.157955 0.313209 
1.609193 2.160624 0.318358 
1.627429 2.161786 0.293380 
1.618347 2.162886 0.299665 
1.594442 2.172408 0.287522 
1.613081 2.163845 0.298160 
1.604116 2.159436 0.329836 
1.607818 2.163024 0.308729 
1.606575 2.156726 0.337455 
1.572124 2.172703 0.309274 
1.595457 2.164093 0.312110 
1.591156 2.162610 0.328417 
1.617277 2.161452 0.308394 
1.582471 2.168636 0.310204 
1.590872 2.170176 0.292688 
1.588155 2.165862 0.317816 
1.613910 2.155616 0.336177 
1.605038 2.170263 0.281393 
1.591247 2.161096 0.335064 
1.588539 2.162558 0.327400 
1.623466 2.156784 0.322894 
1.594296 2.158686 0.340839 
1.600899 2.167337 0.300941 
1.588443 2.172726 0.292859 
1.607500 2.158455 0.327407 
1.600206 2.161606 0.320744 
1.623834 2.161480 0.296270 
1.633075 2.156493 0.310702 
1.603971 2.158422 0.335697 
1.575387 2.170791 0.313679 
1.584241 2.170088 0.307506 
1.616413 2.164022 0.296132 
1.581591 2.168092 0.310988 
1.615888 2.160039 0.307592 
1.615876 2.165057 0.290498 
1.618063 2.158948 0.317795 
1.615140 2.162793 0.301293 
1.608086 2.160763 0.320034 
1.575735 2.169098 0.318361 
1.610625 2.159052 0.324811 
1.609860 2.160508 0.316513 
1.589000 2.169255 0.304596 
1.602133 2.164074 0.315037 
1.570856 2.171885 0.312105 
1.593104 2.169525 0.299320 
1.581412 2.165870 0.323651 
1.618435 2.157390 0.324715 
1.618774 2.155455 0.333121 
1.583991 2.165061 0.322345 
1.601124 2.161330 0.325890 
1.631715 2.160890 0.292581 
1.611217 2.163747 0.305248 
1.602221 2.170892 0.284816 
1.633196 2.159174 0.297971 
1.586403 2.163580 0.329529 
1.594457 2.168657 0.297725 
1.582379 2.172961 0.296121 
1.586423 2.172762 0.289439 
1.578713 2.169337 0.315285 
1.593076 2.164688 0.316093 
1.602495 2.165526 0.299184 
1.595930 2.166754 0.304463 
1.601746 2.166025 0.302996 
1.578244 2.168773 0.316016 
1.577619 2.166744 0.328846 
1.617338 2.166189 0.283497 
1.616426 2.161616 0.307834 
1.582587 2.172767 0.292722 
1.581575 2.163963 0.334764 
1.590046 2.164733 0.322750 
1.589516 2.165541 0.323815 
1.596034 2.161800 0.326759 
1.581475 2.163930 0.332564 
1.616179 2.158611 0.324477 
1.618767 2.158462 0.316965 
1.575081 2.172015 0.303797 
1.601061 2.163935 0.315442 
1.609491 2.165263 0.294238 
1.616752 2.158358 0.315851 
1.603034 2.167909 0.293873 
1.629546 2.155148 0.315530 
1.604537 2.164255 0.309617 
1.573906 2.166285 0.333733 
1.631440 2.156587 0.308788 
1.574257 2.170387 0.316298 
1.625836 2.158541 0.311181 
1.608290 2.159488 0.327889 
1.567496 2.171863 0.311993 
1.590904 2.164559 0.315558 
1.584161 2.164933 0.325070 
1.619077 2.165037 0.292428 
1.611028 2.161910 0.316085 
1.581791 2.171610 0.303717 
1.585274 2.171770 0.297403 
1.588010 2.172503 0.288701 
1.591654 2.166208 0.308273 
1.607056 2.161443 0.313182 
1.593742 2.162043 0.333551 
1.613254 2.155460 0.334413 
1.603462 2.157617 0.338122 
1.602392 2.167836 0.299612 
1.604849 2.167903 0.292973 
1.606107 2.170536 0.281232 
1.606511 2.167492 0.289407 
1.612215 2.162486 0.308365 
1.585489 2.167870 0.307084 
1.603536 2.160268 0.323868 
1.573035 2.173931 0.300457 
1.612134 2.160097 0.318759 
1.601401 2.165535 0.311311 
1.596535 2.162840 0.324791 
1.632084 2.161890 0.288000 
1.637624 2.158160 0.297621 
1.592536 2.164295 0.313968 
1.568446 2.173070 0.305520 
1.593682 2.163189 0.321218 
1.611266 2.168519 0.286815 
1.604121 2.165206 0.301934 
1.572798 2.168300 0.324056 
1.605793 2.164975 0.307863 
1.619440 2.157270 0.320138 
1.606790 2.163001 0.307627 
1.619460 2.157984 0.322036 
1.584212 2.165153 0.323505 
1.609959 2.160700 0.322418 
1.595797 2.169071 0.300690 
1.624781 2.163920 0.285354 
1.603198 2.163323 0.308102 
1.617420 2.166730 0.283293 
1.612794 2.162127 0.302830 
1.619071 2.164308 0.293269 
1.592190 2.172040 0.292113 
1.611761 2.166182 0.290403 
1.599648 2.165774 0.306832 
1.609393 2.162690 0.313174 
1.618199 2.164328 0.290938 
1.595764 2.171251 0.286485 
1.594559 2.165736 0.305488 
1.587188 2.169238 0.307295 
1.629102 2.154174 0.324813 
1.606803 2.168344 0.287402 
1.602055 2.166201 0.299899 
1.622279 2.161528 0.299658 
1.615432 2.160327 0.306515 
1.623831 2.162039 0.299544 
1.577198 2.166395 0.323461 
1.586690 2.170637 0.299861 
1.630347 2.155065 0.317091 
1.604317 2.167992 0.291082 
1.610680 2.157117 0.327409 
1.602177 2.167617 0.300328 
1.617131 2.160494 0.307229 
1.599993 2.162417 0.316459 
1.598102 2.158541 0.337193 
1.617376 2.161821 0.304157 
1.615745 2.165648 0.288021 
1.585302 2.161795 0.336385 
1.589405 2.165456 0.317658 
1.615380 2.166284 0.291744 
1.571820 2.168958 0.323371 
1.603812 2.160328 0.323513 
1.616384 2.164310 0.296579 
1.599758 2.164532 0.312995 
1.594523 2.168299 0.303322 
1.605704 2.166744 0.298325 
1.609714 2.168746 0.287382 
1.588282 2.164208 0.328303 
1.622912 2.157164 0.319035 
1.582149 2.170181 0.304656 
1.582384 2.167446 0.311492 
1.573381 2.171498 0.308245 
1.609337 2.161509 0.318358 
1.608206 2.159875 0.315632 
1.588453 2.161919 0.334822 
1.599994 2.164198 0.311803 
1.567466 2.170050 0.321814 
1.614630 2.156916 0.330194 
1.604612 2.166284 0.301437 
1.568736 2.173811 0.306542 
1.579736 2.166322 0.321947 
1.611077 2.159215 0.317956 
1.614963 2.157059 0.330905 
1.579998 2.167626 0.320191 
1.618113 2.167360 0.280449 
1.618771 2.164819 0.288787 
1.573218 2.168223 0.325656 
1.616907 2.154366 0.337404 
1.620487 2.164155 0.290739 
1.611564 2.160432 0.320983 
1.629911 2.161657 0.290326 
1.604982 2.168974 0.287268 
1.590748 2.169800 0.295391 
1.626622 2.162623 0.288996 
1.597037 2.168159 0.296629 
1.584242 2.167892 0.312133 
1.616038 2.163275 0.294761 
1.575896 2.170428 0.307488 
1.597886 2.159691 0.334540 
1.598753 2.171414 0.283379 
1.575137 2.170597 0.315129 
1.608324 2.157992 0.331077 
1.594930 2.166168 0.314041 
1.609519 2.168125 0.287287 
1.616502 2.160108 0.312715 
1.604521 2.166453 0.296466 
1.582795 2.162822 0.337971 
1.596994 2.171626 0.287633 
1.632264 2.158890 0.299940 
1.612271 2.156360 0.334723 
1.627281 2.158959 0.310249 
1.612120 2.159399 0.322953 
1.625106 2.157021 0.317529 
1.578141 2.171233 0.306027 
1.584979 2.163078 0.332557 
1.631857 2.159397 0.298729 
1.594600 2.160956 0.335968 
1.603526 2.165767 0.305798 
1.596110 2.170854 0.286220 
1.583021 2.163348 0.330500 
1.609472 2.163965 0.298194 
1.617154 2.166929 0.281418 
1.567636 2.171468 0.315293 
1.633443 2.156929 0.307326 
1.595912 2.171466 0.284459 
1.610373 2.165174 0.295892 
1.588396 2.169998 0.300750 
1.594501 2.167838 0.299877 
1.593664 2.166459 0.311590 
1.615481 2.157801 0.327327 
1.620675 2.158607 0.315368 
1.613343 2.162999 0.297972 
1.593260 2.160932 0.334122 
1.592251 2.169375 0.294462 
1.598703 2.163394 0.310429 
1.606782 2.157620 0.331048 
1.604094 2.167699 0.298868 
1.607328 2.163483 0.310825 
1.602887 2.162964 0.308857 
1.582214 2.169284 0.307775 
1.616183 2.160977 0.314796 
1.568474 2.170290 0.322744 
1.577119 2.166032 0.329642 
1.608444 2.157557 0.329773 
1.592235 2.165808 0.313210 
1.619658 2.157483 0.318719 
1.574399 2.166546 0.329386 
1.589179 2.166032 0.312698 
1.593960 2.172629 0.283589 
1.606179 2.161650 0.321978 
1.619134 2.155114 0.329630 
1.589171 2.167641 0.304600 
1.622896 2.160998 0.304244 
1.592857 2.168404 0.299811 
1.620938 2.164639 0.288895 
1.579489 2.166298 0.323340 
1.632004 2.159939 0.295638 
1.584918 2.163458 0.331144 
1.576339 2.169012 0.319121 
1.618283 2.159758 0.316097 
1.579934 2.172032 0.299972 
1.582018 2.172975 0.298742 
1.618549 2.162069 0.301349 
1.614215 2.157266 0.321872 
1.632179 2.157935 0.306316 
1.617172 2.165265 0.292874 
1.631292 2.161620 0.289612 
1.606701 2.160966 0.323736 
1.581185 2.166648 0.321750 
1.596843 2.165114 0.312534 
1.602823 2.157275 0.336724 
1.569181 2.171791 0.311365 
1.594631 2.170076 0.290974 
1.590238 2.171529 0.288071 
1.576835 2.170029 0.314921 
1.609454 2.168299 0.285394 
1.617204 2.161587 0.299994 
1.598045 2.159241 0.332048 
1.622658 2.157096 0.320113 
1.617014 2.163004 0.296852 
1.588608 2.165837 0.313943 
1.590855 2.166439 0.307126 
1.625868 2.162811 0.291195 
1.591588 2.160392 0.336230 
1.602248 2.165084 0.309355 
1.626413 2.158868 0.305870 
1.616461 2.161356 0.305289 
1.568538 2.171957 0.311968 
1.629111 2.160102 0.301760 
1.615320 2.159960 0.318300 
1.601352 2.169526 0.290520 
1.579816 2.172551 0.302928 
1.596266 2.163885 0.316467 
1.577489 2.165997 0.324301 
1.599254 2.161741 0.328419 
1.622041 2.154226 0.332012 
1.613856 2.168661 0.280868 
1.587895 2.172944 0.290076 
1.588386 2.162890 0.328816 
1.589212 2.163667 0.323616 
1.605525 2.166132 0.296700 
1.612090 2.167179 0.291676 
1.584094 2.165508 0.325771 
1.591533 2.166037 0.318428 
1.626955 2.162060 0.291478 
1.582306 2.171809 0.298749 
1.582568 2.167651 0.317964 
1.609979 2.166331 0.292383 
1.586481 2.171106 0.299008 
1.607868 2.164243 0.299535 
1.612079 2.166935 0.285214 
1.619459 2.164361 0.292470 
1.596332 2.167776 0.297029 
1.628155 2.157793 0.311177 
1.617707 2.163555 0.295315 
1.610146 2.163419 0.300495 
1.576828 2.163989 0.338862 
1.569598 2.174100 0.302919 
1.594406 2.162525 0.327709 
1.620974 2.157408 0.323034 
1.608530 2.165957 0.292329 
1.597983 2.163490 0.318916 
1.580799 2.172371 0.302168 
1.601061 2.160950 0.329655 
1.609453 2.163396 0.300658 
1.627306 2.160964 0.293493 
1.614743 2.167611 0.285688 
1.612469 2.158684 0.327961 
1.596199 2.169989 0.289375 
1.606916 2.158260 0.334068 
1.603513 2.168057 0.294011 
1.599319 2.161501 0.327628 
1.602259 2.163918 0.315802 
1.622275 2.162980 0.292255 
1.595634 2.166206 0.306950 
1.578360 2.167754 0.318043 
1.621997 2.156945 0.323480 
1.599899 2.161228 0.322704 
1.610963 2.159522 0.321295 
1.598163 2.165625 0.302134 
1.627860 2.156729 0.310168 
1.636235 2.156508 0.307024 
1.609150 2.163395 0.309468 
1.595580 2.167761 0.305800 
1.634655 2.156859 0.309481 
1.583135 2.169022 0.308412 
1.569500 2.170825 0.315513 
1.590387 2.164795 0.323333 
1.580307 2.171488 0.300407 
1.616732 2.165823 0.285657 
1.623663 2.156689 0.321850 
1.622621 2.158395 0.313948 
1.606153 2.161685 0.318867 
1.575770 2.171096 0.308395 
1.584590 2.167660 0.314877 
1.605961 2.166242 0.303189 
1.602302 2.161865 0.315977 
1.578343 2.164696 0.330985 
1.624751 2.159657 0.302315 
1.610480 2.158070 0.331725 
1.608579 2.158491 0.327697 
1.604934 2.162686 0.318502 
1.568727 2.173276 0.306587 
1.626042 2.156889 0.316934 
1.631936 2.155598 0.316234 
1.622363 2.165464 0.286718 
1.623852 2.160356 0.307071 
1.604157 2.157954 0.331061 
1.585139 2.170357 0.299391 
1.619938 2.155734 0.323659 
1.607030 2.161929 0.315391 
1.593768 2.164538 0.320523 
1.567209 2.171233 0.316628 
1.580087 2.165964 0.328834 
1.630420 2.160312 0.294098 
1.589930 2.170453 0.293090 
1.619439 2.158542 0.315350 
1.623970 2.158805 0.311730 
1.624349 2.163755 0.292687 
1.631593 2.155285 0.318016 
1.630917 2.154309 0.319098 
1.589947 2.167482 0.307965 
1.573839 2.167642 0.323245 
1.604377 2.163895 0.307841 
1.575090 2.167448 0.325365 
1.596005 2.159228 0.337059 
1.628062 2.154257 0.324102 
1.602985 2.160460 0.321620 
1.632572 2.158007 0.303905 
1.615225 2.166318 0.289841 
1.608401 2.161892 0.306817 
1.614650 2.156910 0.323191 
1.615092 2.157570 0.320006 
1.612464 2.161078 0.308362 
1.584941 2.173553 0.292632 
1.609392 2.167134 0.290451 
1.632577 2.157532 0.302743 
1.573128 2.168796 0.318794 
1.629675 2.161097 0.294356 
1.617137 2.165564 0.285321 
1.609628 2.166277 0.293496 
1.599844 2.159791 0.325872 
1.591874 2.160021 0.337245 
1.582623 2.165183 0.329343 
1.616621 2.164100 0.298063 
1.621649 2.157250 0.319500 
1.601111 2.162868 0.311958 
1.601889 2.161716 0.319653 
1.591583 2.166370 0.309516 
1.615554 2.160867 0.304885 
1.609619 2.167978 0.284343 
1.594489 2.168956 0.295134 
1.596728 2.164762 0.307145 
1.603340 2.165370 0.301221 
1.621247 2.157337 0.317547 
1.589996 2.169295 0.302890 
1.581224 2.168345 0.316903 
1.630184 2.157162 0.312115 
1.587779 2.166468 0.318273 
1.594621 2.170323 0.294799 
1.595217 2.168373 0.296420 
1.590662 2.170113 0.297752 
1.591401 2.170445 0.294037 
1.632759 2.156962 0.306918 
1.592582 2.170543 0.292925 
1.584866 2.167523 0.314902 
1.600344 2.164797 0.311704 
1.593968 2.165922 0.317130 
1.588301 2.164013 0.325860 
1.573172 2.168848 0.319303 
1.605163 2.163514 0.307828 
1.634216 2.157284 0.304569 
1.604786 2.163035 0.318475 
1.609153 2.158845 0.329688 
1.588696 2.160631 0.338958 
1.596993 2.170628 0.285209 
1.582643 2.166991 0.320007 
1.577002 2.173560 0.299152 
1.616153 2.160952 0.312761 
1.599505 2.167647 0.294426 
1.592174 2.163144 0.328248 
1.633102 2.157876 0.301291 
1.634511 2.154535 0.314288 
1.625319 2.163781 0.291333 
1.585643 2.167965 0.311023 
1.598342 2.164722 0.308202 
1.621589 2.164193 0.293057 
1.572659 2.173339 0.305395 
1.598823 2.161448 0.321643 
1.587636 2.173614 0.286768 
1.615609 2.165619 0.293552 
1.589710 2.167646 0.312303 
1.594797 2.170474 0.289367 
1.590519 2.163096 0.324567 
1.592171 2.165370 0.312955 
1.577323 2.170348 0.308566 
1.607123 2.160546 0.321762 
1.605986 2.158929 0.323027 
1.591239 2.161516 0.336297 
1.627849 2.156852 0.316011 
1.603883 2.158317 0.333293 
1.629841 2.159212 0.300379 
1.571425 2.172367 0.304954 
1.614687 2.164814 0.295974 
1.578897 2.172794 0.298085 
1.631417 2.157792 0.306713 
1.610362 2.168468 0.285235 
1.582886 2.173760 0.290717 
1.588151 2.164394 0.327004 
1.599278 2.159611 0.334780 
1.566423 2.169885 0.325402 
1.579056 2.171859 0.298442 
1.606853 2.160170 0.327848 
1.575941 2.171815 0.307572 
1.606188 2.160017 0.327704 
1.619555 2.163085 0.292270 
1.599745 2.165372 0.303656 
1.587883 2.168693 0.300308 
1.600707 2.165102 0.312807 
1.612116 2.165336 0.290041 
1.599044 2.159610 0.332822 
1.608621 2.168039 0.285558 
1.587222 2.169025 0.306668 
1.605216 2.162437 0.310419 
1.596971 2.159329 0.334384 
1.600870 2.167828 0.297568 
1.589070 2.162251 0.327759 
1.610097 2.159446 0.322692 
1.605418 2.160429 0.317541 
1.618957 2.166243 0.287784 
1.591964 2.166256 0.314870 
1.621812 2.162782 0.296644 
1.624043 2.155688 0.323551 
1.596045 2.166160 0.312173 
1.588401 2.170876 0.292921 
1.607048 2.168698 0.284143 
1.612397 2.165981 0.297465 
1.584447 2.166290 0.321974 
1.623219 2.160429 0.301446 
1.623107 2.154026 0.332644 
1.598381 2.161163 0.325682 
1.600473 2.164865 0.305466 
1.581266 2.166832 0.322322 
1.581480 2.167678 0.321802 
1.601852 2.159844 0.332683 
1.611216 2.157473 0.330295 
1.587097 2.167193 0.317497 
1.568912 2.168430 0.326197 
1.584504 2.168789 0.309070 
1.613888 2.162291 0.300048 
1.618366 2.160466 0.309973 
1.595713 2.167713 0.297109 
1.607383 2.159842 0.327489 
1.613019 2.157011 0.332990 
1.588704 2.170672 0.295465 
1.593952 2.168060 0.305292 
1.591471 2.171172 0.292504 
1.627784 2.160290 0.298870 
1.599687 2.168571 0.298272 
1.611391 2.168438 0.287049 
1.581211 2.171595 0.297004 
1.607004 2.166758 0.292816 
1.589310 2.167904 0.313185 
1.581677 2.165183 0.323105 
1.598592 2.167296 0.298928 
1.588356 2.169231 0.299755 
1.631343 2.155233 0.319474 
1.622033 2.159903 0.303551 
1.616891 2.160879 0.309681 
1.613589 2.159037 0.325170 
1.616389 2.160478 0.305534 
1.588126 2.167367 0.314878 
1.603556 2.168824 0.292163 
1.613458 2.162067 0.302236 
1.575616 2.166427 0.327591 
1.580618 2.164593 0.331108 
1.599225 2.161157 0.325383 
1.607988 2.169155 0.286061 
1.625681 2.155857 0.317252 
1.626546 2.158396 0.308720 
1.609216 2.165519 0.295679 
1.578521 2.167783 0.315120 
1.601216 2.158666 0.330273 
1.581929 2.168487 0.309165 
1.617828 2.156348 0.329768 
1.597985 2.161379 0.326369 
1.613329 2.164998 0.296140 
1.586949 2.162754 0.334277 
1.630150 2.158546 0.302606 
1.582068 2.165713 0.320229 
1.590940 2.161274 0.331610 
1.579197 2.168137 0.318765 
1.604345 2.170099 0.285479 
1.575944 2.170267 0.307885 
1.614370 2.162340 0.304698 
1.607293 2.159607 0.323917 
1.604762 2.167979 0.295117 
1.607132 2.157113 0.331602 
1.628824 2.157730 0.313578 
1.585770 2.170208 0.306234 
1.606911 2.167684 0.287295 
1.592355 2.161763 0.335161 
1.609635 2.160406 0.315612 
1.578151 2.171645 0.300010 
1.588042 2.166511 0.317470 
1.603501 2.163580 0.311285 
1.607940 2.167066 0.291610 
1.604861 2.156186 0.341602 
1.612683 2.161511 0.307203 
1.625686 2.158120 0.307553 
1.578531 2.174357 0.290790 
1.585637 2.168778 0.308733 
1.608897 2.155705 0.340074 
1.603179 2.159164 0.334587 
1.572549 2.167482 0.326934 
1.585557 2.169567 0.309078 
1.613257 2.159869 0.313655 
1.626568 2.155834 0.317010 
1.578558 2.166805 0.327382 
1.604944 2.166913 0.294040 
1.610269 2.164246 0.296715 
1.582137 2.166405 0.324221 
1.609463 2.167612 0.287228 
1.608273 2.160869 0.311423 
1.576916 2.168033 0.320251 
1.618836 2.156662 0.320278 
1.601944 2.161810 0.318092 
1.583874 2.164478 0.330933 
1.592315 2.163755 0.326240 
1.594318 2.171872 0.284838 
1.584291 2.168567 0.308056 
1.598248 2.164817 0.314834 
1.573780 2.171316 0.305595 
1.606423 2.162665 0.312130 
1.597930 2.166770 0.305714 
1.620265 2.164964 0.292198 
1.616594 2.160102 0.306835 
1.602304 2.164432 0.313987 
1.607842 2.165009 0.299101 
1.624477 2.159928 0.304255 
1.605083 2.162558 0.310337 
1.616041 2.167017 0.286522 
1.588042 2.168744 0.308788 
1.608910 2.161722 0.314674 
1.599036 2.162309 0.323567 
1.633370 2.160680 0.291146 
1.582369 2.168629 0.310033 
1.623529 2.161818 0.298899 
1.568465 2.172861 0.310812 
1.587940 2.169660 0.306311 
1.610877 2.161309 0.318731 
1.585657 2.164797 0.322108 
1.611486 2.156652 0.335520 
1.569110 2.170139 0.322903 
1.575114 2.167172 0.324658 
1.607734 2.161463 0.311337 
1.621382 2.166087 0.283727 
1.580678 2.173334 0.293561 
1.608744 2.161661 0.313251 
1.592991 2.159850 0.337699 
1.615650 2.158928 0.323894 
1.575328 2.171745 0.307209 
1.623339 2.161680 0.297604 
1.610597 2.159182 0.317223 
1.583639 2.170660 0.303120 
1.616568 2.157868 0.322698 
1.610665 2.165942 0.290902 
1.597369 2.164559 0.307875 
1.604539 2.169925 0.286225 
1.593154 2.160772 0.330348 
1.602586 2.168149 0.298204 
1.573212 2.169363 0.319198 
1.592285 2.159843 0.340558 
1.584121 2.168997 0.305289 
1.621039 2.159329 0.307389 
1.594888 2.168648 0.295765 
1.634362 2.159537 0.295710 
1.580558 2.165504 0.331737 
1.582719 2.169335 0.305457 
1.638618 2.156220 0.304535 
1.622326 2.163193 0.294567 
1.583935 2.164692 0.323856 
1.606434 2.169549 0.282387 
1.571563 2.171760 0.312069 
1.624971 2.159178 0.302162 
1.566319 2.171780 0.315617 
1.590007 2.163638 0.324383 
1.604181 2.164289 0.310806 
1.576809 2.171902 0.305425 
1.617441 2.161460 0.304908 
1.594562 2.168570 0.296240 
1.630418 2.158876 0.303296 
1.617221 2.166062 0.290868 
1.572353 2.173017 0.305054 
1.583058 2.165857 0.328719 
1.618612 2.161504 0.303299 
1.602455 2.168495 0.293820 
1.611589 2.157028 0.329485 
1.606803 2.158264 0.334687 
1.605779 2.159980 0.320183 
1.635342 2.160300 0.291301 
1.601519 2.162813 0.315543 
1.585862 2.162170 0.332978 
1.630378 2.158190 0.309993 
1.611870 2.167442 0.284245 
1.573240 2.168483 0.323853 
1.573608 2.172643 0.305378 
1.607030 2.159966 0.321749 
1.615992 2.156482 0.331053 
1.599093 2.160479 0.324569 
1.605288 2.162262 0.318013 
1.619821 2.160824 0.308145 
1.589650 2.166450 0.308350 
1.605862 2.162601 0.313530 
1.635064 2.160345 0.291638 
1.576318 2.174311 0.295396 
1.624683 2.154711 0.324125 
1.625537 2.154597 0.325689 
1.625521 2.158491 0.307155 
1.619083 2.159919 0.309818 
1.566915 2.173105 0.311462 
1.601883 2.170204 0.287835 
1.574687 2.169129 0.321658 
1.597033 2.159845 0.335868 
1.589073 2.162422 0.328379 
1.581714 2.162580 0.340507 
1.588148 2.163118 0.329714 
1.584873 2.170904 0.300520 
1.606606 2.160540 0.326539 
1.596840 2.162061 0.323821 
1.626730 2.161829 0.294464 
1.587117 2.171411 0.292641 
1.617744 2.165038 0.291053 
1.579125 2.170236 0.309305 
1.597483 2.171266 0.285204 
1.627072 2.164096 0.287310 
1.609268 2.167415 0.292352 
1.609124 2.167262 0.288610 
1.610854 2.167621 0.290269 
1.611884 2.163493 0.296738 
1.619749 2.162589 0.297102 
1.614589 2.163833 0.294918 
1.585094 2.162351 0.339249 
1.584627 2.163941 0.333078 
1.591769 2.171627 0.290818 
1.615151 2.155271 0.335304 
1.616026 2.162242 0.299647 
1.577612 2.169788 0.313936 
1.577416 2.166842 0.321707 
1.599656 2.157850 0.337569 
1.581494 2.162564 0.338987 
1.610397 2.167754 0.283629 
1.584008 2.162904 0.332344 
1.621101 2.156106 0.326264 
1.628557 2.157358 0.309473 
1.619277 2.155682 0.326131 
1.628143 2.154132 0.325470 
1.613170 2.160376 0.320742 
1.613790 2.161021 0.316347 
1.604850 2.160657 0.326513 
1.574418 2.170703 0.313188 
1.622225 2.155725 0.323812 
1.578623 2.174950 0.291235 
1.593261 2.170552 0.297340 
1.578134 2.170031 0.314830 
1.588290 2.164724 0.327465 
1.595526 2.159384 0.338672 
1.584371 2.167265 0.320403 
1.587584 2.166469 0.315052 
1.615158 2.162909 0.307567 
1.601808 2.164280 0.310000 