1.547187 0.343217 0.309712 
1.573626 0.363825 0.317940 
1.563134 0.351879 0.315884 
1.545225 0.335894 0.302216 
1.548642 0.328994 0.304187 
1.556681 0.364100 0.316031 
1.533138 0.374538 0.308812 
1.546057 0.362129 0.308366 
1.541535 0.334771 0.304698 
1.581174 0.366020 0.321263 
1.532308 0.360143 0.303049 
1.525453 0.336477 0.298286 
1.564356 0.379691 0.317406 
1.553309 0.382380 0.317477 
1.553149 0.348791 0.308007 
1.549856 0.334499 0.306093 
1.576789 0.363083 0.318879 
1.568137 0.348475 0.315641 
1.535989 0.335439 0.299641 
1.538580 0.349781 0.305790 
1.548469 0.375103 0.316528 
1.548482 0.364177 0.314941 
1.541667 0.343848 0.304883 
1.540280 0.358834 0.311684 
1.552557 0.349345 0.306040 
1.536152 0.358327 0.308663 
1.535706 0.374228 0.306469 
1.561335 0.373724 0.314175 
1.538474 0.358124 0.303200 
1.561726 0.346454 0.310359 
1.539195 0.352557 0.305115 
1.567833 0.343045 0.313674 
1.534779 0.331183 0.299900 
1.547892 0.360390 0.306663 
1.547058 0.354904 0.309510 
1.541975 0.364400 0.311600 
1.538637 0.363248 0.304830 
1.556919 0.378701 0.318689 
1.519734 0.350262 0.299030 
1.541383 0.337544 0.306732 
1.572362 0.373975 0.321541 
1.555010 0.346550 0.313679 
1.541565 0.358955 0.311750 
1.551743 0.364898 0.312036 
1.540224 0.358505 0.306621 
1.520005 0.362246 0.302190 
1.532579 0.349578 0.305869 
1.553227 0.368779 0.314476 
1.557678 0.372533 0.312718 
1.570179 0.365206 0.320431 
1.554997 0.350703 0.312355 
1.561818 0.345891 0.311416 
1.536530 0.358607 0.304902 
1.528731 0.350607 0.303534 
1.544065 0.329376 0.301317 
1.544125 0.347239 0.304803 
1.545378 0.334922 0.302716 
1.561155 0.366484 0.311513 
1.566819 0.344066 0.312072 
1.543989 0.380680 0.309937 
1.538826 0.343365 0.302262 
1.555022 0.364596 0.313677 
1.547291 0.365912 0.310588 
1.578206 0.363747 0.319060 
1.548356 0.333259 0.305635 
1.546669 0.374937 0.311201 
1.525997 0.358593 0.301820 
1.577635 0.357199 0.320606 
1.533500 0.345599 0.300010 
1.552159 0.349124 0.307521 
1.555414 0.358667 0.313864 
1.536204 0.354605 0.304872 
1.565815 0.382591 0.318763 
1.543889 0.374533 0.309392 
1.551359 0.367878 0.308192 
1.530550 0.342789 0.300764 
1.543031 0.340262 0.306067 
1.538484 0.375303 0.308954 
1.541297 0.348602 0.307859 
1.551348 0.343373 0.309634 
1.542805 0.366262 0.312807 
1.527754 0.343003 0.299200 
1.552464 0.330204 0.307677 
1.541250 0.358897 0.305276 
1.550466 0.338024 0.304384 
1.525247 0.344879 0.298630 
1.554430 0.361218 0.313066 
1.564470 0.356402 0.317762 
1.542016 0.379901 0.310262 
1.541884 0.370342 0.312094 
1.553284 0.333950 0.303725 
1.556912 0.337889 0.306503 
1.580035 0.349638 0.318492 
1.561302 0.358048 0.311671 
1.557983 0.358125 0.309621 
1.534326 0.379349 0.309255 
1.558701 0.354548 0.310856 
1.570040 0.342426 0.311908 
1.553802 0.385937 0.315744 
1.519954 0.360981 0.302269 
1.551957 0.338196 0.308047 
1.559488 0.359146 0.317399 
1.567598 0.346671 0.314602 
1.572022 0.348154 0.314604 
1.525362 0.372324 0.306510 
1.538140 0.379647 0.312097 
1.556622 0.361752 0.310819 
1.526554 0.348818 0.302805 
1.543316 0.347193 0.305895 
1.553041 0.349460 0.306626 
1.536920 0.355584 0.304667 
1.549351 0.358592 0.310159 
1.546165 0.365782 0.309055 
1.575509 0.355535 0.319334 
1.559991 0.346175 0.312486 
1.565309 0.361008 0.314285 
1.537167 0.334029 0.302708 
1.531020 0.366537 0.306916 
1.550142 0.336835 0.309063 
1.561808 0.333475 0.310186 
1.530025 0.334504 0.300138 
1.558890 0.378563 0.314370 
1.550951 0.378996 0.317184 
1.546462 0.357591 0.306513 
1.574644 0.370286 0.322446 
1.547348 0.371853 0.310837 
1.527188 0.355004 0.300018 
1.538697 0.332982 0.303498 
1.544025 0.334343 0.305198 
1.553643 0.371331 0.311129 
1.559876 0.329686 0.308577 
1.567761 0.340849 0.312674 
1.530072 0.359906 0.306725 
1.573247 0.346508 0.313366 
1.562150 0.332619 0.308340 
1.562685 0.333959 0.309616 
1.558610 0.382571 0.318075 
1.535951 0.377155 0.310158 
1.533307 0.354622 0.303165 
1.532922 0.381324 0.309847 
1.555871 0.352898 0.312029 
1.555036 0.370760 0.315186 
1.568319 0.362146 0.319823 
1.581070 0.363260 0.321225 
1.556519 0.366207 0.313863 
1.555508 0.369135 0.314024 
1.559566 0.379829 0.318274 
1.533153 0.346404 0.303816 
1.526185 0.368892 0.306781 
1.566235 0.352292 0.314453 
1.549338 0.362460 0.309487 
1.562868 0.339843 0.310876 
1.542166 0.353084 0.310050 
1.565953 0.372208 0.317962 
1.552112 0.378987 0.312178 
1.556591 0.382229 0.315631 
1.550788 0.340933 0.306151 
1.547039 0.377035 0.314992 
1.557836 0.350046 0.307785 
1.542634 0.359626 0.311018 
1.560798 0.350129 0.307601 
1.535945 0.363393 0.304592 
1.523251 0.353758 0.303545 
1.558812 0.342989 0.312729 
1.542902 0.359523 0.303751 
1.537536 0.373575 0.312141 
1.543382 0.341798 0.305812 
1.560000 0.360716 0.310147 
1.546593 0.329263 0.304282 
1.541211 0.363307 0.308355 
1.546808 0.364152 0.308432 
1.557251 0.361654 0.312734 
1.566103 0.365959 0.312967 
1.541174 0.360789 0.311032 
1.547071 0.380917 0.311236 
1.571324 0.348580 0.316053 
1.566321 0.356969 0.312540 
1.567545 0.363616 0.320009 
1.563173 0.373241 0.315809 
1.546093 0.349583 0.305730 
1.549726 0.366631 0.312354 
1.548809 0.375886 0.314524 
1.565945 0.356319 0.315793 
1.557521 0.353979 0.311577 
1.540598 0.377366 0.313780 
1.534143 0.365341 0.309956 
1.540968 0.372736 0.313505 
1.571532 0.338267 0.312178 
1.557436 0.346621 0.312977 
1.543394 0.373568 0.308833 
1.537004 0.367381 0.307332 
1.558399 0.344180 0.307702 
1.562595 0.384836 0.318165 
1.538873 0.360409 0.310416 
1.551666 0.338477 0.309284 
1.553277 0.352194 0.312212 
1.559563 0.348211 0.311553 
1.541546 0.341278 0.302502 
1.568691 0.353670 0.318320 
1.564861 0.367979 0.313280 
1.545581 0.367843 0.309156 
1.548982 0.360223 0.314847 
1.576824 0.368894 0.322444 
1.566316 0.366742 0.316931 
1.567793 0.373730 0.321519 
1.565967 0.333749 0.311067 
1.567300 0.377268 0.317598 
1.549824 0.338007 0.303157 
1.547412 0.384646 0.316288 
1.548274 0.364833 0.309799 
1.529561 0.361859 0.301859 
1.539831 0.332503 0.302859 
1.576743 0.359748 0.318026 
1.561269 0.367653 0.315356 
1.528802 0.353546 0.305833 
1.537119 0.353709 0.303395 
1.568647 0.338986 0.313173 
1.571367 0.348181 0.316371 
1.552836 0.335819 0.307167 
1.557853 0.372739 0.319168 
1.545010 0.339177 0.305200 
1.568844 0.359982 0.314615 
1.538002 0.329986 0.302568 
1.564446 0.337355 0.313452 
1.554690 0.350826 0.306517 
1.556485 0.355110 0.308629 
1.553680 0.386937 0.316663 
1.543667 0.384160 0.312173 
1.537076 0.358783 0.307880 
1.556465 0.338685 0.311418 
1.539050 0.333695 0.301953 
1.554247 0.344148 0.310418 
1.563671 0.349693 0.308902 
1.555452 0.341055 0.304838 
1.577949 0.348314 0.317842 
1.539758 0.360413 0.310005 
1.548217 0.326899 0.303269 
1.544149 0.356083 0.307519 
1.543102 0.383674 0.313988 
1.539237 0.372419 0.309156 
1.556493 0.338289 0.306329 
1.550956 0.357019 0.307590 
1.543595 0.336083 0.306122 
1.545535 0.345465 0.309612 
1.542566 0.349314 0.302683 
1.556927 0.358582 0.316368 
1.548524 0.381304 0.314708 
1.569095 0.382553 0.320485 
1.536213 0.352256 0.307068 
1.530614 0.370265 0.306097 
1.527677 0.369012 0.303929 
1.553882 0.340264 0.306227 
1.531420 0.370612 0.308907 
1.554690 0.382975 0.315427 
1.567515 0.347962 0.311262 
1.565792 0.350738 0.314868 
1.533561 0.377331 0.309300 
1.548992 0.372554 0.312543 
1.574894 0.368866 0.320016 
1.564100 0.371225 0.316936 
1.533905 0.353497 0.305589 
1.549260 0.356819 0.314197 
1.564905 0.364158 0.312598 
1.530188 0.357737 0.305933 
1.526801 0.372107 0.306349 
1.575307 0.363656 0.318098 
1.542534 0.359904 0.306000 
1.538889 0.329962 0.302770 
1.556253 0.332041 0.307998 
1.563997 0.363235 0.311938 
1.535513 0.349100 0.307846 
1.521074 0.364688 0.303129 
1.560851 0.372999 0.315520 
1.541706 0.348308 0.307858 
1.531754 0.360129 0.304231 
1.574217 0.352684 0.315139 
1.536111 0.355365 0.309562 
1.577042 0.349237 0.318611 
1.537970 0.377759 0.311827 
1.555611 0.354092 0.307832 
1.563183 0.358369 0.317289 
1.550847 0.343661 0.304873 
1.577021 0.366471 0.317839 
1.550886 0.367786 0.308539 
1.537853 0.346810 0.304348 
1.571031 0.348928 0.316086 
1.540966 0.356716 0.309840 
1.560877 0.359517 0.312583 
1.576087 0.352887 0.314842 
1.536223 0.336575 0.302515 
1.545558 0.364516 0.314469 
1.573388 0.368049 0.317239 
1.576757 0.366683 0.317711 
1.556185 0.371591 0.313919 
1.568091 0.351853 0.315579 
1.552671 0.347731 0.310079 
1.538463 0.346282 0.302513 
1.521182 0.343864 0.298301 
1.559421 0.353231 0.311628 
1.562654 0.354175 0.312670 
1.562329 0.351313 0.311840 
1.558325 0.331036 0.305805 
1.549101 0.351800 0.307763 
1.536639 0.360014 0.303469 
1.573184 0.369234 0.321805 
1.565466 0.362391 0.316684 
1.548555 0.365447 0.308330 
1.541830 0.332995 0.303066 
1.553918 0.370884 0.314335 
1.529354 0.366655 0.305839 
1.553249 0.367488 0.313952 
1.563763 0.373029 0.320199 
1.537820 0.373770 0.309697 
1.545651 0.366157 0.313169 
1.531623 0.356808 0.300684 
1.567159 0.367037 0.315561 
1.534967 0.352628 0.304954 
1.528794 0.375402 0.305521 
1.546934 0.362486 0.306426 
1.560949 0.342282 0.307639 
1.542999 0.351660 0.307061 
1.543650 0.353887 0.311871 
1.545950 0.349756 0.307871 
1.572373 0.365053 0.321194 
1.565919 0.367163 0.313153 
1.552875 0.379263 0.314474 
1.536052 0.365874 0.308695 
1.525882 0.343782 0.298248 
1.548760 0.329847 0.305574 
1.553897 0.335847 0.307009 
1.572965 0.364856 0.319808 
1.552054 0.385511 0.316969 
1.562892 0.368917 0.313629 
1.533979 0.337413 0.299910 
1.523652 0.353907 0.299934 
1.525526 0.338921 0.298890 
1.557033 0.359749 0.309942 
1.556367 0.358126 0.310116 
1.533443 0.362467 0.303052 
1.553765 0.328740 0.307027 
1.575175 0.358568 0.318731 
1.532939 0.366869 0.303837 
1.542559 0.379551 0.309667 
1.532949 0.375686 0.309915 
1.554467 0.347727 0.312772 
1.540280 0.380125 0.308930 
1.556870 0.331748 0.305066 
1.563998 0.332435 0.310334 
1.572532 0.346660 0.314569 
1.551953 0.336053 0.305493 
1.527650 0.362344 0.301215 
1.544754 0.354926 0.308325 
1.576411 0.341756 0.316044 
1.550680 0.374897 0.310337 
1.540959 0.330354 0.304008 
1.561907 0.361358 0.315865 
1.556268 0.333517 0.307451 
1.560899 0.378943 0.317655 
1.547966 0.344952 0.309830 
1.551522 0.374897 0.314042 
1.558307 0.368335 0.313913 
1.543839 0.381792 0.310872 
1.556934 0.381862 0.318468 
1.560272 0.342306 0.311427 
1.536364 0.367476 0.305263 
1.525339 0.347392 0.298570 
1.534318 0.355647 0.304124 
1.556031 0.357185 0.310911 
1.558157 0.360125 0.312935 
1.544441 0.337340 0.307402 
1.535293 0.367510 0.306881 
1.558842 0.372879 0.316552 
1.531715 0.345515 0.300858 
1.555738 0.333886 0.307192 
1.564510 0.371374 0.313941 
1.556680 0.387583 0.317954 
1.551687 0.386680 0.315376 
1.571605 0.368569 0.317732 
1.555549 0.368957 0.317633 
1.576411 0.365382 0.318307 
1.557096 0.340118 0.308371 
1.576816 0.353009 0.317220 
1.566088 0.365197 0.312937 
1.538395 0.370144 0.308674 
1.532546 0.362918 0.306071 
1.559667 0.353832 0.316579 
1.558665 0.375166 0.315708 
1.554536 0.364277 0.308843 
1.520447 0.355385 0.301734 
1.559327 0.335802 0.309570 
1.527879 0.372106 0.307163 
1.537259 0.342631 0.302524 
1.576290 0.366626 0.319614 
1.554767 0.366952 0.316708 
1.529940 0.354640 0.304591 
1.557104 0.334499 0.306414 
1.560334 0.366877 0.315582 
1.535642 0.339308 0.301139 
1.570510 0.369808 0.316562 
1.560711 0.361845 0.316951 
1.552156 0.357947 0.307866 
1.548393 0.380232 0.312936 
1.557158 0.346354 0.311263 
1.565305 0.349016 0.309389 
1.526842 0.372545 0.307228 
1.544674 0.386440 0.314566 
1.548207 0.369000 0.309833 
1.556968 0.343180 0.309806 
1.549247 0.376097 0.313988 
1.538764 0.368447 0.306435 
1.541138 0.376627 0.308174 
1.547306 0.367010 0.309898 
1.580822 0.359619 0.319058 
1.535228 0.366239 0.309967 
1.575760 0.362507 0.319316 
1.556138 0.384189 0.316414 
1.543637 0.374029 0.313060 
1.567634 0.340814 0.311411 
1.528748 0.357876 0.302507 
1.571051 0.353364 0.316413 
1.565808 0.341829 0.308742 
1.553920 0.351965 0.309969 
1.534279 0.343607 0.299778 
1.576715 0.360675 0.316642 
1.562203 0.362202 0.312868 
1.546915 0.384006 0.315202 
1.572259 0.373780 0.319281 
1.569636 0.353872 0.314058 
1.537580 0.355860 0.309554 
1.544335 0.371970 0.312788 
1.568155 0.382857 0.320435 
1.541005 0.342229 0.302860 
1.560123 0.365671 0.317236 
1.535269 0.363056 0.308989 
1.557719 0.341479 0.309543 
1.564979 0.359836 0.311470 
1.536355 0.372777 0.311500 
1.570087 0.361297 0.320411 
1.552544 0.342584 0.307062 
1.545447 0.359493 0.310467 
1.550068 0.364810 0.314033 
1.532289 0.374202 0.305138 
1.536314 0.341247 0.304812 
1.540278 0.374190 0.308464 
1.539098 0.354436 0.307224 
1.561430 0.367163 0.315166 
1.556421 0.382092 0.317303 
1.535299 0.363887 0.308534 
1.552535 0.346631 0.311127 
1.537986 0.367085 0.308557 
1.552838 0.378585 0.317431 
1.550615 0.354671 0.311628 
1.556819 0.361119 0.314810 
1.571315 0.370551 0.320180 
1.542904 0.352974 0.305639 
1.555985 0.362133 0.311635 
1.541297 0.327157 0.301739 
1.554971 0.339582 0.306647 
1.577743 0.364406 0.320967 
1.574959 0.368450 0.318942 
1.531049 0.352819 0.304375 
1.529184 0.344246 0.300507 
1.539557 0.336986 0.299861 
1.554924 0.336658 0.309902 
1.570840 0.377149 0.322278 
1.556315 0.377181 0.317463 
1.558754 0.335954 0.311234 
1.554535 0.369023 0.309574 
1.527322 0.365427 0.306608 
1.553548 0.350995 0.305692 
1.539806 0.339210 0.304644 
1.529659 0.355784 0.306631 
1.564080 0.343765 0.315337 
1.571561 0.347414 0.316345 
1.543715 0.365107 0.307400 
1.560665 0.358409 0.314446 
1.551474 0.359090 0.310815 
1.572541 0.358808 0.318406 
1.558388 0.378878 0.318363 
1.578874 0.349211 0.318384 
1.546040 0.353095 0.312206 
1.556784 0.369306 0.318603 
1.541425 0.351994 0.306188 
1.561773 0.381661 0.316429 
1.552909 0.385003 0.316017 
1.578038 0.351441 0.316388 
1.546063 0.371104 0.314668 
1.536240 0.343836 0.303906 
1.543719 0.360278 0.310966 
1.561106 0.343081 0.312253 
1.551763 0.330089 0.306655 
1.538788 0.332618 0.301541 
1.557101 0.354300 0.316109 
1.556024 0.339702 0.304867 
1.532288 0.344805 0.305714 
1.533815 0.371217 0.305393 
1.555010 0.336730 0.306105 
1.533443 0.370814 0.309490 
1.539114 0.342244 0.303702 
1.527750 0.351229 0.302041 
1.556905 0.355003 0.315171 
1.555044 0.369602 0.310200 
1.539638 0.357032 0.308928 
1.572875 0.368250 0.320355 
1.563014 0.355585 0.311903 
1.551194 0.347459 0.311537 
1.569043 0.366352 0.317741 
1.564256 0.364884 0.312464 
1.559170 0.339280 0.312819 
1.536712 0.330559 0.299358 
1.536223 0.382228 0.311735 
1.574443 0.370045 0.321760 
1.556884 0.338912 0.305573 
1.544357 0.328098 0.303419 
1.536234 0.336768 0.304718 
1.551824 0.373413 0.313932 
1.574021 0.360327 0.317440 
1.540410 0.366909 0.306496 
1.525754 0.342583 0.301598 
1.564697 0.332195 0.310152 
1.546135 0.375906 0.312069 
1.560438 0.358515 0.315338 
1.569833 0.352902 0.315815 
1.544858 0.370788 0.313167 
1.551360 0.364503 0.307581 
1.553980 0.368520 0.313639 
1.576370 0.363306 0.319651 
1.541775 0.371103 0.310781 
1.564546 0.363884 0.318489 
1.548229 0.358186 0.307791 
1.528407 0.360733 0.304364 
1.567107 0.353634 0.314476 
1.578552 0.361303 0.320466 
1.577114 0.350552 0.315392 
1.544354 0.337099 0.307541 
1.519565 0.356082 0.300898 
1.553239 0.343140 0.310604 
1.560294 0.352523 0.316679 
1.533007 0.339650 0.303230 
1.530604 0.349108 0.303343 
1.527428 0.353502 0.302048 
1.573291 0.372611 0.320980 
1.558264 0.383134 0.316786 
1.555189 0.365299 0.316790 
1.566027 0.373370 0.316900 
1.548025 0.372173 0.312180 
1.574334 0.345530 0.316881 
1.562988 0.369822 0.314881 
1.544067 0.339374 0.301602 
1.580714 0.353352 0.318147 
1.574654 0.344756 0.312971 
1.543010 0.362046 0.305082 
1.540136 0.341685 0.300418 
1.571231 0.374843 0.322392 
1.562362 0.338240 0.309841 
1.543879 0.380160 0.311034 
1.548223 0.350920 0.307863 
1.571996 0.350853 0.313011 
1.570852 0.353731 0.314186 
1.548532 0.376578 0.313865 
1.536677 0.351124 0.305248 
1.533015 0.347267 0.299482 
1.531408 0.362848 0.303411 
1.568349 0.338459 0.311980 
1.541134 0.363453 0.307487 
1.530335 0.346014 0.300653 
1.563703 0.336503 0.310722 
1.564797 0.362827 0.312865 
1.553469 0.371667 0.310808 
1.561062 0.350021 0.311871 
1.542740 0.374143 0.308084 
1.559608 0.369609 0.312348 
1.556570 0.378006 0.313198 
1.572270 0.340738 0.314635 
1.549773 0.341953 0.305319 
1.566502 0.365591 0.316987 
1.570704 0.367206 0.318136 
1.558209 0.366709 0.314876 
1.532424 0.361748 0.306914 
1.574224 0.363375 0.320746 
1.554747 0.359535 0.316171 
1.556929 0.376455 0.316283 
1.566903 0.356623 0.311420 
1.578532 0.346914 0.317300 
1.556450 0.343751 0.311309 
1.558296 0.373344 0.313904 
1.525633 0.343106 0.299233 
1.568592 0.350723 0.314479 
1.543642 0.363843 0.313774 
1.553152 0.356017 0.312756 
1.555057 0.359246 0.311157 
1.565010 0.378121 0.319173 
1.537522 0.328339 0.300762 
1.555833 0.346514 0.308081 
1.557689 0.377636 0.317611 
1.535004 0.370938 0.305605 
1.558119 0.357174 0.309059 
1.547164 0.360730 0.305984 
1.537736 0.347309 0.303427 
1.550275 0.327995 0.305785 
1.541062 0.359708 0.307159 
1.559858 0.343712 0.310842 
1.551726 0.382060 0.313834 
1.552333 0.362408 0.315411 
1.538180 0.369443 0.309692 
1.546523 0.372954 0.315483 
1.557802 0.381147 0.314546 
1.572416 0.349903 0.318521 
1.565504 0.342123 0.311842 
1.568746 0.339839 0.314587 
1.565557 0.335503 0.308366 
1.524496 0.371349 0.305165 
1.567213 0.366888 0.317143 
1.564652 0.368160 0.315688 
1.534781 0.338771 0.301793 
1.573929 0.340037 0.312685 
1.560526 0.361081 0.313012 
1.557537 0.343735 0.311002 
1.541818 0.356774 0.305003 
1.561103 0.358966 0.312042 
1.561291 0.376427 0.314207 
1.526309 0.341926 0.300352 
1.561641 0.379811 0.315849 
1.532727 0.375542 0.308552 
1.559901 0.376861 0.314006 
1.541008 0.361203 0.309613 
1.536595 0.351553 0.307111 
1.558134 0.363698 0.309259 
1.556150 0.358164 0.309223 
1.566532 0.366689 0.317692 
1.531266 0.360496 0.308436 
1.545392 0.341160 0.304528 
1.553493 0.334656 0.307380 
1.572536 0.361838 0.318299 
1.547386 0.368308 0.312153 
1.527872 0.343198 0.302887 
1.563600 0.340158 0.307703 
1.523782 0.354790 0.301464 
1.554125 0.351231 0.312125 
1.566809 0.345316 0.313432 
1.564902 0.351401 0.317094 
1.574571 0.360914 0.319148 
1.562345 0.339266 0.307276 
1.564908 0.355913 0.317486 
1.567838 0.366843 0.319829 
1.552483 0.380447 0.317863 
1.569053 0.362684 0.317615 
1.563631 0.370890 0.314225 
1.566822 0.363628 0.317546 
1.568683 0.360441 0.313644 
1.559950 0.378437 0.313828 
1.530294 0.341865 0.299668 
1.547094 0.330298 0.302477 
1.539101 0.365115 0.308339 
1.543110 0.338195 0.302111 
1.559446 0.336207 0.309716 
1.580172 0.367160 0.321544 
1.565034 0.369637 0.319853 
1.578218 0.371617 0.321608 
1.552923 0.383323 0.314158 
1.528708 0.375283 0.308516 
1.553453 0.336210 0.310042 
1.537820 0.366068 0.309614 
1.560171 0.330336 0.307471 
1.543815 0.376906 0.313495 
1.564100 0.351983 0.315333 
1.563398 0.345372 0.312744 
1.550806 0.345889 0.303821 
1.545007 0.358033 0.308008 
1.566039 0.342457 0.314255 
1.530942 0.354035 0.306763 
1.569037 0.377570 0.317266 
1.576161 0.359485 0.320873 
1.577556 0.371008 0.319880 
1.575825 0.352004 0.315438 
1.559037 0.351011 0.307213 
1.558899 0.384665 0.318708 
1.537669 0.374413 0.307783 
1.545770 0.356058 0.307975 
1.536969 0.365153 0.309508 
1.539625 0.348757 0.307051 
1.563416 0.338614 0.308349 
1.547611 0.341917 0.302559 
1.552446 0.365220 0.314099 
1.546582 0.345813 0.309063 
1.562178 0.331272 0.309807 
1.539079 0.354344 0.305987 
1.525596 0.359969 0.305403 
1.558688 0.365610 0.311284 
1.564742 0.349185 0.313049 
1.537733 0.366504 0.308726 
1.521648 0.354017 0.299064 
1.548808 0.342314 0.304263 
1.554681 0.357464 0.310286 
1.547387 0.353611 0.311543 
1.560799 0.332193 0.307260 
1.565652 0.342498 0.310911 
1.577029 0.348267 0.316708 
1.565328 0.362013 0.318856 
1.539319 0.384690 0.312707 
1.547590 0.343159 0.307173 
1.574744 0.369411 0.318473 
1.556954 0.361280 0.311304 
1.572270 0.339594 0.314409 
1.543506 0.349886 0.309133 
1.542461 0.359664 0.305429 
1.563995 0.378390 0.317411 
1.538844 0.328845 0.300420 
1.556923 0.348967 0.309159 
1.556754 0.362458 0.316491 
1.558310 0.346923 0.307886 
1.544527 0.376673 0.308666 
1.536601 0.344874 0.306661 
1.544724 0.379918 0.311810 
1.576451 0.348455 0.316373 
1.533066 0.361291 0.308228 
1.567203 0.335863 0.309224 
1.545748 0.333633 0.302745 
1.556915 0.343433 0.306262 
1.550233 0.356176 0.313261 
1.531821 0.361464 0.308276 
1.559166 0.335558 0.309074 
1.521573 0.356203 0.302219 
1.553639 0.364722 0.309307 
1.528594 0.343828 0.298601 
1.544511 0.362431 0.310880 
1.557167 0.333123 0.305039 
1.561736 0.336037 0.310738 
1.548154 0.377213 0.310491 
1.545492 0.327846 0.302405 
1.560455 0.355040 0.311155 
1.550361 0.344371 0.310102 
1.533302 0.346273 0.301911 
1.562836 0.365287 0.312113 
1.539525 0.358676 0.304378 
1.566099 0.337897 0.311310 
1.560813 0.352195 0.314717 
1.548836 0.360514 0.311445 
1.567362 0.358992 0.315647 
1.529653 0.356544 0.307221 
1.542585 0.362342 0.310762 
1.551144 0.358470 0.308957 
1.524566 0.366843 0.305781 
1.536554 0.383094 0.310110 
1.529177 0.359485 0.303137 
1.540265 0.337493 0.301336 
1.540804 0.351086 0.308336 
1.576939 0.355839 0.316284 
1.551236 0.330327 0.304965 
1.566869 0.383596 0.319666 
1.554260 0.338277 0.308822 
1.540730 0.344953 0.303612 
1.557568 0.347583 0.308227 
1.546378 0.331491 0.301462 
1.552249 0.374143 0.316695 
1.536390 0.342818 0.299618 
1.536649 0.351455 0.303854 
1.574267 0.344954 0.312976 
1.531112 0.368268 0.303330 
1.573658 0.367285 0.320343 
1.546616 0.378207 0.310926 
1.570291 0.342329 0.311694 
1.570819 0.370265 0.321246 
1.559867 0.330110 0.307789 
1.546630 0.384628 0.315243 
1.540791 0.363939 0.312057 
1.536810 0.375276 0.306251 
1.552380 0.362206 0.309092 
1.548248 0.369363 0.314295 
1.548706 0.379567 0.311426 
1.566646 0.358184 0.316678 
1.561682 0.336601 0.309563 
1.564955 0.342316 0.313677 
1.546191 0.345512 0.310517 
1.555733 0.363359 0.316449 
1.536817 0.372175 0.311340 
1.534539 0.369018 0.309749 
1.548472 0.356013 0.308455 
1.552846 0.360420 0.310368 
1.534356 0.344621 0.303978 
1.571764 0.349988 0.313080 
1.543388 0.336254 0.304402 
1.527843 0.357501 0.304591 
1.534043 0.348286 0.303980 
1.536242 0.351991 0.300767 
1.573583 0.377552 0.320465 
1.576812 0.364570 0.320410 
1.554364 0.351362 0.306024 
1.530879 0.367766 0.307084 
1.552236 0.360866 0.315942 
1.553019 0.329396 0.306898 
1.571863 0.346067 0.314204 
1.574363 0.371411 0.317779 
1.555435 0.347667 0.305505 
1.565235 0.366776 0.318805 
1.529339 0.374630 0.307962 
1.561733 0.333706 0.309895 
1.546162 0.359435 0.310263 
1.536262 0.373536 0.311066 
1.542575 0.350987 0.303521 
1.524944 0.366336 0.304873 
1.540163 0.362119 0.307020 
1.540606 0.341272 0.305694 
1.543578 0.375623 0.309732 
1.521362 0.360725 0.303441 
1.564553 0.339263 0.313703 
1.538272 0.352481 0.302741 
1.550346 0.362519 0.306692 
1.545515 0.361440 0.313366 
1.564552 0.359024 0.318816 
1.567709 0.377127 0.321738 
1.551284 0.356396 0.314564 
1.525378 0.350805 0.301830 
1.546689 0.343433 0.309735 
1.556162 0.334038 0.306539 
1.529618 0.353109 0.305844 
1.522142 0.361448 0.303414 
1.558878 0.366480 0.313720 
1.543319 0.375561 0.314304 
1.553607 0.355192 0.306180 
1.544608 0.349005 0.306682 
1.557976 0.357578 0.316437 
1.543453 0.385389 0.313980 
1.566654 0.362794 0.313000 
1.528421 0.358236 0.306230 
1.543642 0.344977 0.307422 
1.539460 0.329040 0.300407 
1.538337 0.357737 0.306495 
1.553589 0.358952 0.311542 
1.548076 0.371933 0.310030 
1.540957 0.355953 0.311239 
1.539416 0.330060 0.302034 
1.556889 0.359810 0.310572 
1.576233 0.351172 0.318814 
1.551920 0.365652 0.308700 
1.549825 0.350362 0.304206 
1.559675 0.376380 0.313650 
1.568242 0.363963 0.320125 
1.535556 0.338553 0.300398 
1.539154 0.365664 0.311730 
1.547413 0.376064 0.314093 
1.563901 0.333381 0.308808 
1.567153 0.357490 0.314500 
1.578442 0.355771 0.319357 
1.528595 0.358471 0.301835 
1.537134 0.364289 0.304300 
1.559136 0.382804 0.319744 
1.563066 0.380315 0.318774 
1.530603 0.353947 0.302588 
1.552475 0.380035 0.317929 
1.542251 0.344113 0.301851 
1.544269 0.364637 0.311905 
1.525220 0.373904 0.305121 
1.558485 0.349612 0.310958 
1.554024 0.360125 0.312284 
1.537376 0.349718 0.303970 
1.545792 0.371282 0.313480 
1.527631 0.349261 0.304687 
1.557324 0.328886 0.308329 
1.529978 0.349083 0.303089 
1.562272 0.369605 0.315381 
1.527103 0.355266 0.300052 
1.568169 0.341483 0.310051 
1.557862 0.329540 0.308607 
1.556377 0.329541 0.308239 
1.535465 0.362532 0.307745 
1.556581 0.369155 0.314996 
1.545816 0.371320 0.309797 
1.558069 0.362616 0.309609 
1.528387 0.353736 0.303135 
1.579468 0.351540 0.317919 
1.549902 0.333497 0.304009 
1.552730 0.338526 0.307332 
1.526323 0.352895 0.303853 
1.570608 0.362042 0.318527 
1.529618 0.366912 0.304674 
1.554699 0.372996 0.310501 
1.567474 0.357497 0.317209 
1.554701 0.351355 0.309018 
1.527320 0.344828 0.303397 
1.559896 0.347985 0.313805 
1.537864 0.351294 0.308761 
1.549256 0.340508 0.305741 
1.538908 0.355399 0.307754 
1.565431 0.371402 0.316070 
1.549421 0.345653 0.304900 
1.552884 0.380212 0.313557 
1.556919 0.365997 0.311230 
1.531743 0.359168 0.307434 
1.525778 0.360455 0.301232 
1.550105 0.382961 0.313672 
1.542790 0.333984 0.305032 
1.578122 0.354582 0.316633 
1.555608 0.358931 0.314135 
1.542078 0.381549 0.309957 
1.524861 0.342976 0.299696 
1.556211 0.356644 0.314723 
1.558930 0.357798 0.310634 
1.532851 0.369183 0.306099 
1.568069 0.360547 0.312525 
1.548877 0.353817 0.307701 
1.558710 0.343338 0.308660 
1.550593 0.366618 0.314176 
1.560327 0.356996 0.313595 
1.530941 0.364219 0.306268 
1.530422 0.358847 0.304175 
1.569823 0.340222 0.311334 
1.531872 0.349374 0.300376 
1.560343 0.329110 0.307057 
1.561869 0.342965 0.308952 
1.562506 0.341398 0.311897 
1.547957 0.384170 0.314181 
1.563066 0.376593 0.320113 
1.560810 0.369692 0.318803 
1.573266 0.355866 0.319914 
1.563090 0.340747 0.308217 
1.558481 0.362320 0.309094 
1.543078 0.338711 0.306541 
1.548754 0.342520 0.307191 
1.558670 0.370860 0.317831 
1.559776 0.380888 0.317369 
1.571771 0.361895 0.318244 
1.577536 0.363511 0.321642 
1.530517 0.349817 0.302415 
1.561883 0.333068 0.307000 
1.574849 0.359860 0.316224 
1.556662 0.350997 0.309149 
1.558477 0.383444 0.316514 
1.558012 0.372456 0.316651 
1.555885 0.379731 0.316821 
1.545133 0.349945 0.308480 
1.544892 0.379013 0.312019 
1.525616 0.346398 0.302945 
1.564002 0.355215 0.312792 
1.551820 0.338325 0.304579 
1.556511 0.350455 0.309530 
1.541756 0.333873 0.303559 
1.549010 0.337744 0.304077 
1.531998 0.367430 0.309158 
1.523577 0.358829 0.299855 
1.536461 0.357900 0.307281 
1.574037 0.359399 0.316226 
1.564410 0.341875 0.310305 
1.562169 0.360931 0.316460 
1.567129 0.363874 0.315127 
1.565954 0.343322 0.311555 
1.538552 0.335969 0.301467 
1.552406 0.377876 0.316778 
1.567387 0.355721 0.317283 
1.557195 0.370677 0.317266 
1.536674 0.359643 0.305777 
1.536761 0.362458 0.303891 
1.525252 0.370105 0.306139 
1.542517 0.347206 0.309235 
1.565973 0.357731 0.316412 
1.557646 0.335164 0.307559 
1.574168 0.352648 0.318510 
1.557894 0.351159 0.307989 
1.568360 0.339461 0.310790 
1.543062 0.346576 0.304120 
1.554362 0.344369 0.306250 
1.573432 0.355483 0.314162 
1.553879 0.358142 0.313553 
1.554872 0.338413 0.309838 
1.577132 0.373560 0.321179 
1.551316 0.351499 0.312897 
1.526858 0.348038 0.302018 
1.561376 0.345340 0.308966 
1.558152 0.331458 0.308495 
1.555086 0.377540 0.312960 
1.562628 0.374647 0.319305 
1.566799 0.348642 0.313969 
1.540953 0.359739 0.311058 
1.573966 0.339208 0.314942 
1.551423 0.346608 0.304799 
1.556772 0.366338 0.314821 
1.545571 0.341041 0.301987 
1.570578 0.375905 0.318983 
1.556095 0.348450 0.307378 
1.548210 0.348199 0.304384 
1.553490 0.377115 0.316918 
1.541134 0.375200 0.310251 
1.548875 0.369121 0.312399 
1.542873 0.357107 0.307280 
1.574241 0.368671 0.317166 
1.545247 0.360501 0.310454 
1.564138 0.382460 0.320873 
1.547674 0.371439 0.313389 
1.546876 0.347686 0.310502 
1.559552 0.371000 0.316979 
1.570519 0.377561 0.321752 
1.553972 0.347705 0.307331 
1.546289 0.358372 0.305180 
1.529565 0.370760 0.304888 
1.548376 0.361569 0.306581 
1.545163 0.371953 0.309062 
1.569444 0.345398 0.311815 
1.550540 0.354296 0.305176 
1.561265 0.349493 0.310944 
1.553762 0.381382 0.315222 
1.547077 0.364753 0.308701 
1.563489 0.349992 0.316032 
1.536119 0.363406 0.308426 
1.527944 0.344613 0.301430 
1.552242 0.344550 0.307755 
1.532989 0.358008 0.304501 
1.568050 0.363151 0.320258 
1.564412 0.363671 0.314796 
1.558881 0.375340 0.317266 
1.578597 0.367545 0.320910 
1.559498 0.338693 0.307236 
1.560098 0.356402 0.313337 
1.579266 0.356995 0.320387 
1.524221 0.356563 0.304236 
1.527738 0.369112 0.305449 
1.551036 0.374843 0.316468 
1.563770 0.374657 0.320288 
1.553888 0.355118 0.310553 
1.537398 0.367010 0.304493 
1.550673 0.357889 0.310437 
1.572841 0.341425 0.313214 
1.557017 0.347877 0.309795 
1.553730 0.334921 0.306217 
1.538679 0.351413 0.307249 
1.556957 0.353297 0.315527 
1.531220 0.353333 0.300492 
1.543512 0.333052 0.304996 
1.559077 0.353618 0.313796 
1.560589 0.349684 0.314339 
1.552336 0.357606 0.314922 
1.536488 0.382912 0.311019 
1.545985 0.380330 0.313640 
1.561459 0.365398 0.315131 
1.556537 0.339726 0.306114 
1.545124 0.345169 0.307643 
1.538937 0.376191 0.309914 
1.541590 0.338596 0.304899 
1.552785 0.363244 0.314689 
1.525793 0.348636 0.298359 
1.535684 0.376606 0.306981 
1.528078 0.364478 0.303784 
1.564104 0.375459 0.317802 
1.532401 0.375834 0.307135 
1.529615 0.373842 0.305603 
1.562306 0.360006 0.313657 
1.535587 0.367358 0.310787 
1.578456 0.346064 0.317702 
1.562447 0.334093 0.311691 
1.577580 0.359431 0.316523 
1.548840 0.342415 0.306855 
1.569874 0.368358 0.320490 
1.581294 0.362489 0.320394 
1.557856 0.351637 0.307893 
1.537652 0.342673 0.299884 
1.561504 0.375346 0.320396 
1.536074 0.355615 0.305345 
1.531795 0.366026 0.304401 
1.562830 0.347005 0.309209 
1.538427 0.332910 0.302215 
1.535564 0.360142 0.308291 
1.542992 0.335124 0.305810 
1.564016 0.350642 0.312292 
1.546355 0.359200 0.311419 
1.539968 0.336150 0.305929 
1.548253 0.342794 0.304280 
1.535343 0.344601 0.303662 
1.551959 0.337854 0.310343 
1.572907 0.338631 0.314511 
1.559151 0.358908 0.313787 
1.532610 0.364853 0.307346 
1.537631 0.353475 0.308728 
1.528802 0.353532 0.302808 
1.542424 0.338227 0.304544 
1.567018 0.378856 0.317019 
1.541435 0.346510 0.307163 
1.533132 0.335935 0.300830 
1.552925 0.333255 0.304146 
1.554407 0.345022 0.307428 
1.554360 0.370537 0.317871 
1.534068 0.379327 0.308006 
1.529105 0.376108 0.307104 
1.530461 0.346929 0.304431 
1.567694 0.382474 0.320384 
1.558800 0.382491 0.316037 
1.553065 0.351491 0.310808 
1.570658 0.363712 0.314291 
1.556428 0.331506 0.307206 
1.569109 0.354885 0.316634 
1.567977 0.368325 0.315157 
1.555234 0.381497 0.318887 
1.540249 0.362947 0.308661 
1.533597 0.350793 0.300789 
1.528058 0.371838 0.305547 
1.573736 0.356513 0.317372 
1.555002 0.376224 0.315771 
1.558946 0.356275 0.313593 
1.552502 0.369903 0.312877 
1.557872 0.343855 0.310575 
1.551087 0.332955 0.306538 
1.542750 0.342143 0.303019 
1.536049 0.357810 0.302400 
1.543542 0.333309 0.302597 
1.560984 0.348721 0.313779 
1.560622 0.365988 0.313052 
1.570866 0.340581 0.310833 
1.555963 0.334310 0.306297 
1.556574 0.358677 0.316332 
1.546603 0.367830 0.314719 
1.549953 0.356647 0.307981 
1.536700 0.335444 0.299510 
1.548431 0.338792 0.307696 
1.567927 0.364775 0.317087 
1.556922 0.346032 0.308770 
1.532983 0.371828 0.304650 
1.571150 0.360454 0.319541 
1.556447 0.361235 0.310684 
1.542586 0.369475 0.308506 
1.564537 0.339474 0.313894 
1.524248 0.360506 0.303765 
1.547503 0.367712 0.312254 
1.544610 0.359310 0.308260 
1.555301 0.335958 0.306339 
1.539846 0.353013 0.303766 
1.560497 0.358860 0.315839 
1.542355 0.347657 0.307798 
1.544283 0.369964 0.307039 
1.556633 0.374973 0.312758 
1.546457 0.331397 0.305493 
1.547956 0.347741 0.311025 
1.527715 0.358495 0.306225 
1.530529 0.377006 0.306084 
1.568401 0.364889 0.315575 
1.557566 0.359690 0.310487 
1.558113 0.349604 0.313354 
1.539462 0.351992 0.308415 
1.570296 0.358746 0.316570 
1.545801 0.345748 0.302824 
1.553124 0.340105 0.310304 
1.538452 0.369506 0.307129 
1.531375 0.363661 0.306641 
1.538402 0.373143 0.308798 
1.579909 0.365235 0.320896 
1.554003 0.350173 0.307252 
1.557951 0.335299 0.309274 
1.541965 0.354151 0.309205 
1.535393 0.376956 0.311178 
1.544782 0.382075 0.312912 
1.561649 0.342794 0.308935 
1.527119 0.364933 0.304883 
1.567610 0.347650 0.311520 
1.547550 0.371663 0.315875 
1.546133 0.367254 0.307798 
1.526416 0.365033 0.303362 
1.550511 0.330658 0.303066 
1.562207 0.364342 0.318781 
1.570562 0.375102 0.321141 
1.537272 0.364848 0.304032 
1.536706 0.356193 0.309822 
1.551035 0.331598 0.304157 
1.553803 0.348968 0.310241 
1.552273 0.370775 0.311297 
1.537792 0.358257 0.307218 
1.580316 0.357648 0.319989 
1.576380 0.364293 0.321944 
1.539118 0.372327 0.308122 
1.526011 0.365507 0.302318 
1.531837 0.351139 0.301919 
1.547630 0.338120 0.303694 
1.566311 0.372773 0.316671 
1.546016 0.387200 0.313979 
1.546978 0.357054 0.312154 
1.540676 0.365434 0.307629 
1.550986 0.344985 0.310625 
1.545298 0.333618 0.306696 
1.549904 0.385233 0.316093 
1.556940 0.367871 0.310323 
1.571600 0.342155 0.313515 
1.536320 0.345805 0.300384 
1.538990 0.349469 0.308340 
1.555031 0.361384 0.310255 
1.526717 0.353108 0.300543 
1.558904 0.370601 0.314192 
1.544868 0.367517 0.307465 
1.555054 0.331849 0.307836 
1.533069 0.360568 0.303366 
1.524857 0.359734 0.301489 
1.554945 0.362291 0.312108 
1.525641 0.374558 0.305800 
1.532990 0.372975 0.308804 
1.548511 0.340298 0.305484 
1.552342 0.376350 0.310718 
1.549288 0.370883 0.310375 
1.552627 0.347574 0.310144 
1.525766 0.357134 0.299682 
1.526213 0.342719 0.301575 
1.567688 0.358905 0.318118 
1.555604 0.346025 0.309088 
1.550062 0.339714 0.303489 
1.559512 0.350229 0.312447 
1.551121 0.353282 0.312962 
1.547956 0.370607 0.309110 
1.529617 0.335521 0.299960 
1.540691 0.371891 0.307829 
1.534341 0.363084 0.305166 
1.567700 0.379142 0.321529 
1.540718 0.363240 0.305042 
1.551237 0.380466 0.317646 
1.543382 0.375676 0.315015 
1.569231 0.362234 0.318387 
1.565358 0.338628 0.314084 
1.564079 0.364019 0.311482 
1.542821 0.342345 0.305962 
1.539014 0.349549 0.305333 
1.570687 0.359330 0.316251 
1.567738 0.359502 0.319839 
1.561586 0.343052 0.308103 
1.553382 0.372873 0.317890 
1.563534 0.367260 0.318277 
1.558344 0.328577 0.307355 
1.558577 0.387291 0.318211 
1.541814 0.362662 0.305121 
1.558937 0.357677 0.310891 
1.570038 0.363066 0.317494 
1.570740 0.357784 0.318203 
1.555386 0.370292 0.316837 
1.538406 0.335049 0.300618 
1.556940 0.343150 0.312087 
1.542408 0.354640 0.303672 
1.549170 0.344605 0.307750 
1.535985 0.349632 0.307443 
1.579072 0.369215 0.320935 
1.551614 0.359483 0.311505 
1.532647 0.364699 0.306283 
1.551405 0.364973 0.312938 
1.521875 0.346873 0.300828 
1.570660 0.359476 0.319446 
1.561110 0.361671 0.313017 
1.573797 0.351258 0.316557 
1.552524 0.349726 0.313917 
1.539429 0.365304 0.310097 
1.563647 0.355262 0.312664 
1.543569 0.371362 0.313867 
1.577077 0.361167 0.317109 
1.546814 0.368013 0.307619 
1.575020 0.359870 0.321027 
1.540210 0.362860 0.309079 
1.558572 0.353954 0.309087 
1.553097 0.338952 0.306473 
1.549374 0.347736 0.307353 
1.547641 0.348332 0.306389 
1.563022 0.344161 0.309060 
1.541548 0.367035 0.308834 
1.544169 0.386123 0.314665 
1.576152 0.366090 0.320023 
1.560886 0.372551 0.313545 
1.532545 0.349664 0.304172 
1.524808 0.351692 0.301507 
1.563904 0.367256 0.314238 
1.526544 0.373191 0.305452 
1.549974 0.362352 0.307484 
1.560652 0.371720 0.314302 
1.565212 0.344232 0.314716 
1.570861 0.373493 0.321979 
1.569925 0.340930 0.313304 
1.531834 0.350468 0.306891 
1.527002 0.342364 0.300000 
1.557697 0.363251 0.313220 
1.559826 0.376080 0.313244 
1.527293 0.351922 0.303050 
1.578788 0.353116 0.317166 
1.573510 0.351408 0.317849 
1.566359 0.361987 0.319832 
1.523340 0.358326 0.301917 
1.534133 0.336348 0.302694 
1.541995 0.329902 0.303424 
1.564524 0.351281 0.309276 
1.562781 0.353298 0.316151 
1.572432 0.357922 0.314831 
1.534103 0.369607 0.305309 
1.541648 0.338756 0.306209 
1.538169 0.351489 0.306148 
1.574226 0.363717 0.318882 
1.563151 0.348621 0.309178 
1.534283 0.369205 0.304701 
1.565762 0.368903 0.319566 
1.527009 0.337169 0.298499 
1.540707 0.350443 0.309110 
1.533166 0.333182 0.301170 
1.557198 0.345506 0.306651 
1.555308 0.348057 0.309824 
1.546439 0.350144 0.310195 
1.540134 0.371085 0.311431 
1.572003 0.373844 0.318638 
1.539954 0.359361 0.306853 
1.545996 0.370385 0.313875 
1.560468 0.384816 0.319079 
1.537995 0.340790 0.301942 
1.545581 0.354750 0.305913 
1.560598 0.356806 0.310170 
1.554258 0.339299 0.306063 
1.564136 0.363082 0.316789 
1.545731 0.339322 0.303859 
1.532922 0.349959 0.301864 
1.546854 0.350717 0.311553 
1.577350 0.368200 0.321005 
1.545551 0.341757 0.301972 
1.540887 0.338786 0.300872 
1.572107 0.356432 0.314088 
1.557466 0.374640 0.317069 
1.547099 0.379397 0.310838 
1.562872 0.333156 0.309873 
1.568156 0.353911 0.316684 
1.563287 0.367905 0.316409 
1.542423 0.345458 0.305688 
1.538127 0.354673 0.305823 
1.550696 0.357300 0.309465 
1.532114 0.362310 0.309152 
1.546140 0.347680 0.308725 
1.548073 0.342871 0.305906 
1.542201 0.351074 0.304818 
1.550495 0.343171 0.310724 
1.552648 0.345102 0.304470 
1.556648 0.375687 0.313284 
1.553101 0.345659 0.309539 
1.564041 0.358944 0.311385 
1.534101 0.351514 0.300531 
1.578651 0.355884 0.320219 
1.554531 0.329579 0.307587 
1.537318 0.354467 0.307829 
1.528925 0.350843 0.302430 
1.543737 0.348730 0.302360 
1.537542 0.344218 0.304744 
1.557899 0.347361 0.311367 
1.548018 0.369745 0.307614 
1.552581 0.345737 0.305503 
1.571064 0.338251 0.312438 
1.556585 0.359678 0.308319 
1.553759 0.355073 0.310853 
1.555131 0.362428 0.315233 
1.555280 0.374645 0.318720 
1.544169 0.346102 0.309572 
1.550228 0.344119 0.304780 
1.554978 0.337314 0.306501 
1.548337 0.375332 0.309935 
1.562349 0.344685 0.308929 
1.527730 0.353933 0.305729 
1.559979 0.379370 0.315752 
1.532463 0.366176 0.303853 
1.543098 0.354626 0.306619 
1.574043 0.355077 0.319171 
1.537216 0.348462 0.303624 
1.530582 0.351918 0.304883 
1.566637 0.356818 0.316264 
1.525843 0.345155 0.298616 
1.563148 0.337082 0.310722 
1.555485 0.381601 0.314379 
1.558573 0.371911 0.313355 
1.559181 0.378155 0.317417 
1.547251 0.331682 0.305958 
1.556799 0.336757 0.306931 
1.563996 0.337633 0.310304 
1.543785 0.336263 0.306703 
1.545955 0.328117 0.302229 
1.525631 0.359048 0.305457 
1.544513 0.384463 0.312398 
1.570060 0.373801 0.320866 
1.546764 0.347274 0.311331 
1.550223 0.374982 0.316564 
1.568792 0.369274 0.315118 
1.551077 0.362840 0.314245 
1.570385 0.356716 0.318142 
1.545733 0.349420 0.306042 
1.551889 0.375057 0.315705 
1.558683 0.327989 0.307084 
1.538197 0.378192 0.310656 
1.551642 0.334254 0.307524 
1.564953 0.342240 0.308425 
1.571587 0.336234 0.313553 
1.571330 0.367906 0.315312 
1.565844 0.349923 0.313036 
1.547597 0.364483 0.306593 
1.566803 0.370014 0.320172 
1.571353 0.354959 0.315877 
1.529473 0.337681 0.300783 
1.559486 0.356845 0.308903 
1.567433 0.350056 0.316154 
1.559519 0.342363 0.308703 
1.545335 0.353416 0.306454 
1.577813 0.367471 0.319067 
1.547683 0.357287 0.306741 
1.548148 0.361076 0.305725 
1.547940 0.379394 0.312375 
1.569070 0.360179 0.312689 
1.554234 0.363792 0.309063 
1.562038 0.334746 0.306857 
1.565123 0.351732 0.312057 
1.554486 0.364420 0.312417 
1.556120 0.348328 0.310965 
1.549237 0.373427 0.315437 
1.543824 0.357719 0.305622 
1.530861 0.368032 0.304212 
1.529988 0.350233 0.301929 
1.557375 0.381865 0.315851 
1.555674 0.351876 0.314584 
1.572657 0.363619 0.319541 
1.552623 0.364013 0.316333 
1.541246 0.383427 0.310763 
1.533353 0.341684 0.304861 
1.546675 0.357425 0.310628 
1.545611 0.371506 0.313878 
1.576945 0.373793 0.322507 
1.528822 0.339760 0.300925 
1.549252 0.346246 0.309308 
1.530539 0.346817 0.303897 
1.572618 0.373609 0.317789 
1.527982 0.344567 0.299411 
1.539271 0.351462 0.303639 
1.529190 0.359603 0.305469 
1.549911 0.346574 0.310310 
1.557781 0.374918 0.316662 
1.544720 0.348034 0.308062 
1.571149 0.357832 0.316155 
1.539675 0.382202 0.309931 
1.553542 0.378849 0.315887 
1.537749 0.333148 0.299936 
1.553388 0.359172 0.309291 
1.567784 0.377689 0.317938 
1.569939 0.354905 0.317370 
1.549455 0.380739 0.314248 
1.580050 0.365920 0.321935 
1.559719 0.348120 0.315047 
1.544650 0.341957 0.306990 
1.541447 0.362552 0.308977 
1.558284 0.356220 0.308405 
1.557353 0.336465 0.311582 
1.549141 0.328472 0.305771 
1.549793 0.385972 0.315735 
1.565238 0.367722 0.314626 
1.563341 0.359827 0.318423 
1.556693 0.339787 0.310435 
1.534542 0.357906 0.307784 
1.555492 0.349637 0.314666 
1.558134 0.341796 0.312459 
1.535416 0.362691 0.307601 
1.560051 0.345357 0.310187 
1.547398 0.375730 0.312994 
1.534037 0.369998 0.305164 
1.531735 0.370121 0.306830 
1.556271 0.377699 0.312348 
1.528916 0.348245 0.303498 
1.544337 0.331900 0.300924 
1.543292 0.367980 0.313504 
1.538119 0.354323 0.304293 
1.539992 0.337186 0.302958 
1.544331 0.337966 0.307587 
1.561505 0.379165 0.317167 
1.554229 0.367685 0.312719 
1.564689 0.378189 0.320750 
1.526776 0.365007 0.302429 
1.544889 0.359393 0.307952 
1.561432 0.373443 0.319137 
1.577790 0.351980 0.318874 
1.543730 0.356008 0.310333 
1.553081 0.326802 0.304488 
1.539782 0.354080 0.305796 
1.572647 0.367938 0.319395 
1.541209 0.375471 0.311859 
1.526487 0.339119 0.297753 
1.561813 0.360123 0.310904 
1.561432 0.355688 0.317239 
1.549140 0.368196 0.312286 
1.545374 0.348774 0.309496 
1.565609 0.346533 0.309830 
1.560859 0.379961 0.315099 
1.536146 0.371691 0.308031 
1.562264 0.370674 0.314052 
1.564910 0.359920 0.315826 
1.551042 0.348286 0.309170 
1.545601 0.369293 0.311758 
1.529351 0.341912 0.302484 
1.572091 0.369276 0.317301 
1.531452 0.343022 0.299267 
1.532044 0.342902 0.300947 
1.542488 0.349621 0.309711 
1.568120 0.368093 0.320867 
1.550446 0.362496 0.313257 
1.579080 0.367753 0.322273 
1.533301 0.375547 0.307578 
1.573685 0.345914 0.314717 
1.531937 0.377331 0.309540 
1.565069 0.362291 0.312740 
1.540474 0.333727 0.301859 
1.551699 0.362363 0.310188 
1.552241 0.364659 0.308795 
1.543249 0.353747 0.305563 
1.557029 0.374006 0.312923 
1.552217 0.332108 0.308064 
1.542244 0.380294 0.311119 
1.527301 0.358277 0.301841 
1.540015 0.350008 0.304376 
1.555013 0.363240 0.309887 
1.530233 0.336125 0.301814 
1.542608 0.365781 0.307593 
1.569814 0.344093 0.314723 
1.549784 0.350148 0.305541 
1.550290 0.356743 0.311528 
1.546175 0.368303 0.313118 
1.524778 0.372295 0.304711 
1.544979 0.378000 0.315212 
1.562872 0.384740 0.317789 
1.569244 0.357182 0.312869 
1.549075 0.328561 0.304996 
1.552715 0.372267 0.314608 
1.540362 0.377619 0.308954 
1.541140 0.350900 0.307715 
1.528050 0.347572 0.300430 
1.555617 0.382142 0.315181 
1.543815 0.379618 0.315225 
1.559110 0.351171 0.315242 
1.561778 0.350989 0.316607 
1.548406 0.351514 0.307469 
1.521073 0.347426 0.300891 
1.565299 0.346903 0.315201 
1.545005 0.339339 0.302414 
1.550145 0.360587 0.307267 
1.548267 0.387101 0.314212 
1.533163 0.355819 0.301048 
1.568993 0.342405 0.314501 
1.552383 0.351258 0.310080 
1.538549 0.351557 0.305784 
1.542340 0.371716 0.307772 
1.566289 0.375928 0.318452 
1.547849 0.342260 0.307789 
1.569871 0.361936 0.316215 
1.548244 0.351522 0.307857 
1.531814 0.369702 0.303676 
1.566941 0.343909 0.310151 
1.527385 0.370458 0.304074 
1.550256 0.361712 0.314140 
1.555082 0.360839 0.316190 
1.567210 0.363686 0.316967 
1.562621 0.376460 0.315693 
1.547333 0.369297 0.311965 
1.535924 0.365488 0.304591 
1.554176 0.366482 0.317268 
1.555146 0.336972 0.307939 
1.544063 0.334375 0.300961 
1.548524 0.344990 0.306135 
1.521269 0.348346 0.298732 
1.546398 0.380182 0.314276 
1.542630 0.356362 0.305166 
1.566901 0.355676 0.315209 
1.521607 0.354726 0.301890 
1.544130 0.336591 0.305402 
1.557988 0.360040 0.308581 
1.543479 0.359547 0.306414 
1.552025 0.344043 0.304851 
1.540565 0.332140 0.302230 
1.530101 0.335668 0.298453 
1.550438 0.357909 0.314232 
1.533485 0.343500 0.303749 
1.559584 0.367571 0.317309 
1.526066 0.355066 0.300085 
1.559864 0.368660 0.311601 
1.553814 0.359540 0.310263 
1.528196 0.359383 0.304162 
1.539661 0.363144 0.303711 
1.551321 0.357943 0.313380 
1.555644 0.342894 0.311270 
1.541880 0.364837 0.307275 
1.550828 0.376046 0.314702 
1.543310 0.359872 0.307025 
1.548233 0.333839 0.304540 
1.572168 0.357010 0.315877 
1.569778 0.355118 0.318702 
1.551517 0.364770 0.310161 
1.532795 0.354328 0.305839 
1.533708 0.379317 0.309568 
1.541053 0.350883 0.307451 
1.569027 0.364500 0.319543 
1.524549 0.345697 0.300650 
1.535026 0.360073 0.307141 
1.558773 0.353749 0.316076 
1.577435 0.361930 0.321548 
1.564199 0.343534 0.312756 
1.538856 0.360034 0.303473 
1.529478 0.360046 0.303575 
1.551726 0.372809 0.311404 
1.523597 0.341818 0.300179 
1.536692 0.336695 0.304094 
1.532441 0.355242 0.301691 
1.554557 0.352393 0.314053 
1.535367 0.351489 0.304352 
1.565216 0.341887 0.310209 
1.560813 0.335739 0.306371 
1.567608 0.367360 0.316072 
1.528662 0.357275 0.301695 
1.548143 0.370985 0.315850 
1.549011 0.382645 0.312870 
1.558802 0.330847 0.308249 
1.541345 0.377567 0.308977 
1.555982 0.349688 0.313545 
1.537765 0.376643 0.310830 
1.572372 0.376606 0.322437 
1.538973 0.368026 0.306528 
1.569906 0.349109 0.313597 
1.542901 0.359306 0.312411 
1.536696 0.352311 0.305251 
1.545540 0.338965 0.302612 
1.550343 0.363087 0.314969 
1.553836 0.370199 0.315680 
1.543272 0.351619 0.307417 
1.552202 0.340480 0.308567 
1.570726 0.337048 0.311737 
1.578127 0.353395 0.316936 
1.551740 0.353326 0.308643 
1.564087 0.358350 0.317310 
1.565904 0.337335 0.312989 
1.554244 0.374658 0.313715 
1.574648 0.341060 0.315356 
1.556223 0.337561 0.310171 
1.567084 0.350063 0.311946 
1.568371 0.381270 0.320508 
1.564418 0.349577 0.309941 
1.527488 0.343731 0.300587 
1.552936 0.364372 0.313925 
1.530698 0.358422 0.304175 
1.537543 0.339776 0.302782 
1.559162 0.352162 0.311966 
1.563336 0.372608 0.314234 
1.546876 0.336468 0.302999 
1.566064 0.350522 0.317061 
1.551155 0.351719 0.313177 
1.554903 0.362000 0.310681 
1.546750 0.328554 0.301889 
1.549088 0.341598 0.310008 
1.565015 0.361612 0.317296 
1.573969 0.371118 0.321503 
1.545463 0.372800 0.307858 
1.532458 0.362348 0.305195 
1.558995 0.332832 0.310162 
1.561414 0.361331 0.311527 
1.562111 0.352048 0.314989 
1.541644 0.340111 0.306389 
1.540714 0.358526 0.308582 
1.562168 0.367429 0.315565 
1.561210 0.345146 0.309331 
1.534579 0.351090 0.300793 
1.532457 0.344150 0.301032 
1.527827 0.367396 0.304043 
1.564467 0.339537 0.313113 
1.534668 0.376706 0.309239 
1.544679 0.367977 0.313284 
1.541884 0.341802 0.302626 
1.566388 0.343701 0.314270 
1.543815 0.340968 0.305250 
1.571814 0.337822 0.313494 
1.550592 0.385303 0.313873 
1.547018 0.344472 0.306667 
1.526072 0.363793 0.304550 
1.535899 0.359324 0.303153 
1.566802 0.355002 0.312768 
1.529576 0.339859 0.299470 
1.548500 0.368254 0.314116 
1.548224 0.376290 0.315740 
1.537048 0.372426 0.305402 
1.536467 0.335208 0.302274 
1.571104 0.354446 0.315371 
1.552093 0.367949 0.310302 
1.541518 0.334178 0.305118 
1.558352 0.342723 0.307941 
1.562390 0.373099 0.318290 
1.550248 0.326786 0.304870 
1.567549 0.350453 0.314200 
1.534902 0.339709 0.299341 
1.540916 0.352908 0.309246 
1.554388 0.348369 0.307699 
1.574899 0.371653 0.321476 
1.571142 0.367492 0.321510 
1.549130 0.368983 0.313246 
1.574903 0.342356 0.314739 
1.571216 0.356301 0.313986 
1.534687 0.356526 0.309196 
1.551018 0.371250 0.316070 
1.560130 0.353134 0.315631 
1.563350 0.358282 0.311307 
1.537601 0.335185 0.303399 
1.528533 0.361623 0.305914 
1.538023 0.346983 0.305497 
1.551897 0.379403 0.315832 
1.536579 0.362168 0.303573 
1.522446 0.348423 0.298505 
1.541846 0.364825 0.313193 
1.528180 0.351341 0.304330 
1.567445 0.360920 0.315525 
1.545903 0.347107 0.310261 
1.565914 0.353788 0.313560 
1.535876 0.374329 0.310885 
1.578970 0.361351 0.318197 
1.555999 0.338087 0.305226 
1.571908 0.362058 0.320062 
1.543346 0.373613 0.310305 
1.564933 0.374325 0.314852 
1.554568 0.386183 0.317876 
1.557804 0.362924 0.314880 
1.561721 0.382091 0.318320 
1.532362 0.342830 0.303759 
1.544437 0.364374 0.308112 
1.527702 0.359149 0.306114 
1.555427 0.384227 0.316700 
1.524590 0.370579 0.303563 
1.536655 0.328549 0.300763 
1.545820 0.348249 0.310273 
1.521825 0.365973 0.302817 
1.574037 0.343948 0.316406 
1.537081 0.358791 0.309229 
1.541433 0.335798 0.302544 
1.558174 0.354906 0.310173 
1.556856 0.362784 0.315593 
1.571253 0.351183 0.318113 
1.565202 0.368112 0.318946 
1.549519 0.382446 0.315463 
1.530793 0.368497 0.303139 
1.545349 0.362164 0.309067 
1.556128 0.355890 0.312196 
1.530019 0.373270 0.307841 
1.576243 0.341881 0.315884 
1.554898 0.337509 0.310862 
1.574881 0.352863 0.316795 
1.559848 0.362203 0.314723 
1.537011 0.348726 0.305545 
1.545418 0.366061 0.307354 
1.567929 0.376112 0.317834 
1.543042 0.352056 0.309588 
1.562534 0.372154 0.318646 
1.524424 0.353929 0.303596 
1.558368 0.353147 0.312176 
1.545200 0.327485 0.301913 
1.554501 0.369447 0.311433 
1.572050 0.378776 0.320585 
1.555003 0.364071 0.310983 
1.559255 0.352043 0.309105 
1.538981 0.367326 0.305822 
1.535120 0.367374 0.304953 
1.539885 0.373673 0.313033 
1.578108 0.349331 0.318727 
1.556522 0.359636 0.310343 
1.552255 0.342735 0.309185 
1.538024 0.331916 0.303038 
1.526567 0.346872 0.299689 
1.537675 0.364678 0.308961 
1.532102 0.355846 0.305497 
1.522032 0.342259 0.298823 
1.533630 0.335975 0.301263 
1.532649 0.350410 0.303485 
1.542257 0.329972 0.304437 
1.560093 0.348940 0.314182 
1.546993 0.346418 0.310830 
1.547722 0.329199 0.304634 
1.571115 0.357891 0.316193 
1.552896 0.349799 0.313860 
1.538689 0.368817 0.312003 
1.523392 0.358924 0.301669 
1.541429 0.367331 0.311313 
1.541274 0.355660 0.304534 
1.560929 0.360112 0.314250 
1.554531 0.348096 0.311723 
1.525289 0.362383 0.301510 
1.545794 0.332652 0.303458 
1.548888 0.336907 0.306535 
1.554113 0.340783 0.310294 
1.547896 0.328315 0.304898 
1.538930 0.358964 0.309141 
1.531454 0.370641 0.307968 
1.567157 0.374650 0.316983 
1.554227 0.357128 0.310109 
1.563081 0.343132 0.314969 
1.541940 0.368988 0.308876 
1.555180 0.370613 0.313570 
1.575561 0.354200 0.315772 
1.571751 0.363657 0.319789 
1.568630 0.369517 0.320324 
1.559485 0.372114 0.315657 
1.551957 0.379182 0.316395 
1.551458 0.382821 0.316338 
1.576114 0.363732 0.319137 
1.528282 0.371054 0.305900 
1.564377 0.356450 0.312246 
1.549731 0.355208 0.307732 
1.532333 0.366794 0.309591 
1.527475 0.364279 0.302528 
1.552759 0.354620 0.305734 
1.562396 0.377513 0.317138 
1.552690 0.356022 0.315023 
1.538561 0.370372 0.311265 
1.574490 0.356758 0.314815 
1.538744 0.335464 0.300888 
1.567658 0.338685 0.312776 
1.558447 0.379652 0.318902 
1.558425 0.355127 0.315348 
1.561019 0.348305 0.313524 
1.557945 0.346459 0.309647 
1.568341 0.367906 0.316810 
1.566771 0.350960 0.316628 
1.526938 0.368644 0.302661 
1.540648 0.340997 0.304083 
1.551727 0.343292 0.306874 
1.549993 0.356977 0.311958 
1.556053 0.347491 0.306721 
1.538654 0.338197 0.304401 
1.561991 0.369503 0.315556 
1.546625 0.364667 0.313951 
1.540384 0.348345 0.301165 
1.555732 0.375443 0.318728 
1.548004 0.366872 0.314607 
1.539251 0.366683 0.309388 
1.556671 0.332605 0.306268 
1.548381 0.376033 0.314416 
1.566845 0.365637 0.313159 
1.578832 0.354990 0.318722 
1.579419 0.360495 0.317741 
1.542914 0.342438 0.304433 
1.554944 0.356812 0.314721 
1.545095 0.333560 0.301957 
1.530831 0.355993 0.305932 
1.525508 0.351063 0.298804 
1.563313 0.338300 0.313021 
1.540368 0.380449 0.310683 
1.518965 0.358371 0.301128 
1.556589 0.359742 0.317119 
1.568791 0.345406 0.314754 
1.555863 0.339477 0.308779 
1.526983 0.361526 0.302936 
1.550077 0.358050 0.312389 
1.561645 0.366554 0.318395 
1.543967 0.367896 0.306410 
1.566813 0.336394 0.313190 
1.546118 0.344634 0.310443 
1.532129 0.352620 0.303705 
1.535716 0.355184 0.308741 
1.566111 0.360391 0.316311 
1.532560 0.371266 0.310116 
1.551130 0.369414 0.309125 
1.573765 0.348343 0.318122 
1.559458 0.355908 0.312505 
1.532668 0.378027 0.310287 
1.536179 0.358875 0.304847 
1.568235 0.361837 0.316239 
1.529977 0.375238 0.305453 
1.543328 0.360560 0.310895 
1.562497 0.342997 0.313119 
1.537320 0.359927 0.306601 
1.560456 0.336124 0.311484 
1.562649 0.380923 0.318844 
1.546760 0.346081 0.303599 
1.572227 0.338819 0.313656 
1.556916 0.375079 0.318355 
1.533642 0.354084 0.304342 
1.554477 0.347811 0.308489 
1.555689 0.375185 0.314581 
1.541608 0.355717 0.306025 
1.545153 0.355634 0.305561 
1.543563 0.368144 0.311066 
1.541022 0.368115 0.306691 
1.563514 0.336171 0.310207 
1.550434 0.345093 0.309833 
1.523668 0.361014 0.304295 
1.564968 0.383429 0.319563 
1.552829 0.367556 0.313563 
1.561612 0.349319 0.311833 
1.553107 0.349964 0.313545 
1.575341 0.350286 0.314285 
1.542890 0.342360 0.303677 
1.547916 0.362942 0.310751 
1.540855 0.351631 0.306739 
1.530440 0.352900 0.303560 
1.534222 0.369665 0.308674 
1.528392 0.363328 0.305520 
1.561889 0.351286 0.311550 
1.551433 0.376366 0.313204 
1.535273 0.351101 0.305069 
1.544832 0.342365 0.302020 
1.546387 0.358771 0.309372 
1.551380 0.338446 0.310372 
1.542429 0.351099 0.305434 
1.570227 0.370671 0.315559 
1.544262 0.378587 0.310155 
1.521323 0.355971 0.300852 
1.564162 0.344020 0.315166 
1.531101 0.342206 0.300649 
1.550902 0.336014 0.304500 
1.554053 0.342450 0.307541 
1.568573 0.374828 0.319070 
1.553327 0.340536 0.309977 
1.556943 0.364647 0.313713 
1.527240 0.361208 0.300878 
1.547752 0.334604 0.307608 
1.540844 0.351111 0.307502 
1.541806 0.345921 0.304730 
1.559949 0.349418 0.307356 
1.567383 0.367807 0.319823 
1.539157 0.355703 0.310446 
1.573956 0.361291 0.318281 
1.573565 0.344982 0.313483 
1.566859 0.376379 0.318963 
1.574587 0.363620 0.315914 
1.561110 0.332512 0.309038 
1.555689 0.359701 0.316797 
1.566980 0.363711 0.318516 
1.539265 0.379020 0.308097 
1.562043 0.353779 0.316124 
1.572401 0.365064 0.317198 
1.567300 0.342364 0.315042 
1.573747 0.371882 0.320783 
1.524569 0.353717 0.303074 
1.568591 0.382294 0.320767 
1.562741 0.352555 0.317143 
1.563850 0.352149 0.315301 
1.565201 0.351068 0.309668 
1.554874 0.372822 0.310925 
1.562684 0.360045 0.315137 
1.566512 0.354668 0.311097 
1.553269 0.357878 0.307321 
1.548960 0.344408 0.310024 
1.551299 0.362710 0.315543 
1.541682 0.356686 0.309545 
1.543107 0.374573 0.307951 
1.542724 0.355363 0.309723 
1.540794 0.373502 0.308901 
1.540309 0.340559 0.304362 
1.577377 0.368733 0.319329 
1.565197 0.371081 0.320603 
1.574455 0.359517 0.317705 
1.551605 0.369231 0.309212 
1.520504 0.362415 0.301006 
1.546052 0.350179 0.305229 
1.550401 0.376661 0.311384 
1.541359 0.335025 0.300488 
1.571056 0.359421 0.320343 
1.528715 0.355805 0.304578 
1.572882 0.376460 0.322583 
1.549681 0.379252 0.310837 
1.548398 0.372973 0.308472 
1.564029 0.361557 0.318788 
1.529027 0.355743 0.303516 
1.565843 0.371665 0.318193 
1.550660 0.358783 0.311248 
1.577774 0.348374 0.316162 
1.564992 0.380496 0.319040 
1.523973 0.348723 0.301733 
1.524471 0.360680 0.302427 
1.538263 0.372910 0.308029 
1.557754 0.349953 0.311577 
1.541072 0.359036 0.307206 
1.571289 0.350079 0.317680 
1.562501 0.368355 0.318776 
1.545060 0.370812 0.315118 
1.560321 0.381080 0.316696 
1.519875 0.361790 0.302304 
1.530428 0.379581 0.308508 
1.578926 0.351030 0.318178 
1.557395 0.331791 0.305230 
1.573554 0.363275 0.315877 
1.556164 0.367251 0.311488 
1.534132 0.345926 0.302522 
1.570940 0.371769 0.319706 
1.563356 0.342866 0.310223 
1.550538 0.362961 0.309119 
1.564760 0.369721 0.319078 
1.568710 0.344800 0.310752 
1.571640 0.338793 0.314017 
1.521374 0.361171 0.303468 
1.543651 0.342742 0.308946 
1.560772 0.380646 0.316098 
1.574391 0.361378 0.315745 
1.521889 0.350905 0.300129 
1.540404 0.352443 0.304685 
1.565820 0.352999 0.313833 
1.552313 0.339114 0.310830 
1.542026 0.341207 0.301538 
1.570506 0.356618 0.319640 
1.556632 0.380781 0.314383 
1.537210 0.361577 0.306361 
1.558509 0.341443 0.306893 
1.544603 0.362272 0.310828 
1.551646 0.381187 0.313161 
1.552340 0.380917 0.317150 
1.573596 0.360301 0.319062 
1.561591 0.370970 0.318449 
1.553745 0.343550 0.310724 
1.577011 0.348715 0.317540 
1.549131 0.377214 0.315566 
1.571728 0.377256 0.321239 
1.571751 0.352232 0.312710 
1.563859 0.350099 0.311203 
1.545374 0.378725 0.314751 
1.549077 0.336876 0.306168 
1.566514 0.367512 0.320311 
1.559757 0.366143 0.318879 
1.524893 0.355904 0.299623 
1.545800 0.362821 0.309668 
1.568942 0.357122 0.314434 
1.577413 0.365310 0.318986 
1.555805 0.367534 0.312293 
1.559863 0.333247 0.307816 
1.558439 0.361911 0.312598 
1.533372 0.375202 0.308842 
1.542892 0.339292 0.301676 
1.547392 0.367864 0.310485 
1.570532 0.342704 0.312358 
1.545638 0.359247 0.307906 
1.542422 0.346331 0.308297 
1.546324 0.379254 0.313349 
1.540750 0.367987 0.308140 
1.560635 0.374551 0.320161 
1.536343 0.346818 0.302944 
1.574498 0.362562 0.320572 
1.553450 0.370277 0.312531 
1.551928 0.360995 0.309805 
1.558480 0.345491 0.308380 
1.547458 0.334937 0.305317 
1.551188 0.361924 0.311964 
1.552289 0.344495 0.305970 
1.567760 0.353790 0.313865 
1.537968 0.330119 0.300303 
1.546002 0.338193 0.305516 
1.555015 0.361171 0.310142 
1.521020 0.359200 0.302730 
1.555563 0.357751 0.307770 
1.535166 0.358986 0.304368 
1.538899 0.355790 0.309728 
1.552885 0.361338 0.311154 
1.558400 0.378136 0.317302 
1.563940 0.345947 0.315032 
1.534776 0.350190 0.303108 
1.532594 0.356480 0.305347 
1.567167 0.366020 0.320423 
1.567746 0.345884 0.312016 
1.548182 0.359665 0.306829 
1.562284 0.341391 0.311674 
1.546040 0.357565 0.305451 
1.543008 0.338426 0.307268 
1.560639 0.360684 0.310350 
1.560298 0.376319 0.319681 
1.535154 0.338831 0.299774 
1.545796 0.351699 0.311072 
1.558172 0.345430 0.314045 
1.541471 0.362948 0.307926 
1.545203 0.339385 0.301949 
1.552454 0.359562 0.309446 
1.530665 0.366803 0.304533 
1.536622 0.369359 0.307972 
1.550928 0.375181 0.311337 
1.561350 0.330294 0.307842 
1.545621 0.341887 0.301947 
1.548773 0.384428 0.313734 
1.546374 0.348697 0.305979 
1.539206 0.345130 0.302302 
1.547306 0.369881 0.315391 
1.544766 0.328797 0.301819 
1.562687 0.381597 0.318437 
1.537426 0.342429 0.304795 
1.532024 0.332589 0.300251 
1.579335 0.352533 0.316515 
1.537279 0.368267 0.307511 
1.553505 0.354654 0.308433 
1.570893 0.362061 0.318479 
1.549150 0.359000 0.312473 
1.545284 0.351253 0.308256 
1.538502 0.353002 0.305466 
1.550084 0.374475 0.315981 
1.555596 0.375214 0.315106 
1.563058 0.352480 0.317346 
1.541554 0.360134 0.304413 
1.540281 0.383354 0.311038 
1.542207 0.371157 0.313724 
1.568190 0.374859 0.319592 
1.545714 0.334713 0.306023 
1.565732 0.369085 0.319479 
1.558189 0.338362 0.312122 
1.567304 0.338486 0.310459 
1.551863 0.357244 0.309476 
1.553315 0.361140 0.309124 
1.568048 0.357324 0.312619 
1.569865 0.350168 0.312689 
1.539654 0.334716 0.300326 
1.542376 0.334793 0.305829 
1.554358 0.330061 0.305068 
1.541662 0.356070 0.310280 
1.535854 0.363799 0.307365 
1.547702 0.346939 0.302995 
1.522749 0.349008 0.299493 
1.543003 0.334335 0.302754 
1.551485 0.345841 0.312096 
1.547388 0.328574 0.304599 
1.547052 0.345906 0.306969 
1.524887 0.340444 0.300014 
1.533048 0.351084 0.304023 
1.553621 0.343635 0.308293 
1.568678 0.349266 0.312052 
1.558634 0.349044 0.314559 
1.548740 0.370164 0.313927 
1.566392 0.358769 0.315026 
1.571090 0.346538 0.315184 
1.552452 0.358317 0.314997 
1.571120 0.372880 0.321964 
1.566310 0.379377 0.316971 
1.549936 0.364434 0.309970 
1.567446 0.335762 0.309263 
1.575694 0.365723 0.322235 
1.552162 0.361770 0.312606 
1.557906 0.350616 0.312640 
1.526569 0.340892 0.300323 
1.550056 0.340930 0.303832 
1.571718 0.360862 0.314207 
1.564457 0.335438 0.312624 
1.563141 0.382415 0.317517 
1.572649 0.365300 0.321322 
1.528820 0.336165 0.300751 
1.542520 0.346537 0.304439 
1.563637 0.380514 0.320985 
1.523052 0.357883 0.304198 
1.545991 0.377464 0.312265 
1.561779 0.352446 0.312519 
1.552346 0.346114 0.305786 
1.540221 0.337743 0.306073 
1.535684 0.343955 0.299732 
1.551432 0.369132 0.313143 
1.545481 0.384251 0.314047 
1.529792 0.340261 0.302072 
1.535096 0.365308 0.306243 
1.560156 0.384879 0.318189 
1.535202 0.375314 0.308730 
1.556665 0.342057 0.309715 
1.566385 0.371951 0.314291 
1.543182 0.348592 0.304142 
1.530750 0.365354 0.303112 
1.536919 0.371394 0.309587 
1.573385 0.353760 0.318237 
1.559605 0.350505 0.310356 
1.550773 0.347690 0.310603 
1.539866 0.340274 0.302071 
1.555957 0.359459 0.307834 
1.521717 0.356548 0.301563 
1.556666 0.342655 0.309461 
1.546237 0.373686 0.313651 
1.565911 0.368409 0.318728 
1.560283 0.332639 0.306462 
1.554010 0.358804 0.311402 
1.533214 0.349179 0.306393 
1.533800 0.368281 0.309998 
1.550987 0.332677 0.306049 
1.532093 0.348384 0.302387 
1.545513 0.349001 0.305661 
1.542245 0.342015 0.306678 
1.562606 0.346075 0.308636 
1.540860 0.351854 0.310489 
1.546595 0.372684 0.310580 
1.537952 0.364670 0.305438 
1.540702 0.353882 0.304226 
1.558556 0.366824 0.316491 
1.555099 0.372051 0.315310 
1.574421 0.358758 0.317514 
1.537972 0.348194 0.301999 
1.554905 0.365330 0.308680 
1.544756 0.328299 0.303820 
1.546803 0.365182 0.307780 
1.562823 0.343452 0.313275 
1.527051 0.341570 0.299558 
1.555068 0.379438 0.315542 
1.546090 0.356134 0.310648 
1.547321 0.365817 0.313221 
1.549238 0.353106 0.310517 
1.560473 0.377510 0.319866 
1.548049 0.349399 0.306864 
1.552094 0.350671 0.310681 
1.533833 0.335858 0.303312 
1.560544 0.328955 0.306969 
1.566184 0.373130 0.318453 
1.546016 0.347654 0.305264 
1.572604 0.367724 0.319514 
1.566914 0.351813 0.312019 
1.565070 0.361099 0.318168 
1.574519 0.363278 0.320427 
1.542328 0.339838 0.306718 
1.544775 0.378513 0.314567 
1.539889 0.333681 0.301349 
1.522899 0.363231 0.303920 
1.539048 0.364800 0.310154 
1.560491 0.355386 0.310341 
1.545119 0.337553 0.303641 
1.528363 0.347604 0.300687 
1.536335 0.354052 0.301131 
1.538088 0.342627 0.302095 
1.552020 0.374551 0.316778 
1.560693 0.377696 0.315637 
1.546261 0.335566 0.305581 
1.554856 0.337452 0.304349 
1.564565 0.348816 0.315329 
1.557537 0.362493 0.317596 
1.556086 0.339779 0.309633 
1.548395 0.367908 0.314891 
1.540891 0.331159 0.302246 
1.553090 0.331667 0.308146 
1.537126 0.358510 0.307641 
1.524899 0.345618 0.302158 
1.542910 0.385572 0.313564 
1.567184 0.344963 0.312190 
1.543279 0.344967 0.307475 
1.534932 0.341005 0.305080 
1.577726 0.364463 0.321710 
1.567119 0.352598 0.317401 
1.575399 0.355507 0.317002 
1.543718 0.339058 0.302155 
1.565880 0.349809 0.310808 
1.554887 0.366349 0.310903 
1.539406 0.334357 0.303706 
1.551745 0.373916 0.313296 
1.531325 0.360929 0.307888 
1.551779 0.329568 0.303848 
1.549934 0.356149 0.307004 
1.539789 0.379187 0.310370 
1.571555 0.373520 0.320188 
1.546075 0.368002 0.310269 
1.553972 0.368158 0.314923 
1.567514 0.337020 0.309601 
1.551840 0.356378 0.310272 
1.556562 0.337733 0.309289 
1.576874 0.363943 0.319215 
1.556186 0.345744 0.308706 
1.569312 0.361877 0.319389 
1.550279 0.380849 0.312229 
1.554569 0.354320 0.311032 
1.556684 0.348817 0.310449 
1.558584 0.378060 0.316865 
1.549216 0.359715 0.309656 
1.536418 0.345439 0.302766 
1.545532 0.378771 0.313171 
1.540858 0.371197 0.308460 
1.550371 0.345078 0.309657 
1.563637 0.363349 0.312828 
1.521936 0.363672 0.301505 
1.534316 0.374774 0.307632 
1.554839 0.369115 0.314288 
1.557598 0.366708 0.317571 
1.529100 0.341466 0.301435 
1.537964 0.373056 0.310188 
1.526433 0.351045 0.302416 
1.567422 0.341065 0.312217 
1.550268 0.347665 0.310628 
1.531225 0.335984 0.300610 
1.579104 0.352259 0.317174 
1.565123 0.353774 0.315531 
1.548310 0.383246 0.314112 
1.558974 0.382053 0.315595 
1.555633 0.348434 0.312029 
1.552722 0.340600 0.307825 
1.560109 0.337208 0.309539 
1.554175 0.361741 0.309327 
1.552195 0.377330 0.314649 
1.533063 0.355750 0.306806 
1.567221 0.355974 0.311840 
1.556939 0.335183 0.308272 
1.537314 0.347767 0.307782 
1.575250 0.348879 0.317840 
1.541666 0.343435 0.308161 
1.551451 0.340149 0.307250 
1.567822 0.338619 0.309685 
1.535063 0.342182 0.305334 
1.547419 0.348041 0.305540 
1.566562 0.356332 0.317540 
1.547564 0.355448 0.312896 
1.554609 0.342661 0.312505 
1.544252 0.376560 0.311724 
1.534089 0.359237 0.303388 
1.576454 0.372519 0.322234 
1.573788 0.373193 0.321623 
1.564645 0.359713 0.313481 
1.544571 0.366460 0.309307 
1.538604 0.349329 0.305519 
1.536289 0.335240 0.299932 
1.551708 0.352884 0.313303 
1.538036 0.377396 0.308263 
1.556742 0.369735 0.316102 
1.562375 0.365027 0.316729 
1.544898 0.378634 0.312525 
1.556425 0.356650 0.307881 
1.550147 0.343579 0.309947 
1.542423 0.352922 0.309244 
1.539312 0.334782 0.301018 
1.575318 0.371669 0.321313 
1.541068 0.370168 0.306523 
1.541045 0.360866 0.305313 
1.558561 0.362886 0.316941 
1.562155 0.336915 0.309969 
1.549393 0.330492 0.305596 
1.525344 0.357213 0.305360 
1.528471 0.363271 0.303414 
1.548654 0.345153 0.307556 
1.525747 0.363986 0.303530 
1.521588 0.357005 0.301776 
1.557939 0.363313 0.311541 
1.536222 0.336351 0.301897 
1.557163 0.367137 0.318266 
1.540122 0.351805 0.304316 
1.573047 0.352452 0.313750 
1.552821 0.336531 0.304894 
1.531275 0.349049 0.299696 
1.562982 0.360736 0.315073 
1.576183 0.374006 0.320863 
1.554840 0.387079 0.316379 
1.574918 0.366345 0.320788 
1.548831 0.366555 0.314801 
1.529277 0.355062 0.301453 
1.530125 0.356401 0.305804 
1.548698 0.375328 0.312805 
1.547857 0.359891 0.311344 
1.520905 0.345209 0.298525 
1.544961 0.348059 0.309438 
1.562094 0.375737 0.318955 
1.535619 0.332685 0.299749 
1.556783 0.383722 0.318440 
1.522770 0.356891 0.300191 
1.538843 0.337720 0.301561 
1.539381 0.341067 0.300260 
1.557144 0.348233 0.306489 
1.520937 0.354388 0.299624 
1.571027 0.369810 0.319347 
1.540326 0.369760 0.309238 
1.544870 0.375135 0.312484 
1.546997 0.334342 0.302108 
1.555776 0.350147 0.306765 
1.573046 0.343055 0.313552 
1.565141 0.351302 0.313650 
1.575876 0.373067 0.319624 
1.533506 0.373816 0.306584 
1.533880 0.359972 0.307286 
1.538569 0.365612 0.306849 
1.561547 0.361542 0.315357 
1.549741 0.378107 0.316936 
1.554684 0.332821 0.305510 
1.567396 0.340195 0.313695 
1.566238 0.372146 0.319233 
1.536404 0.337951 0.301757 
1.569113 0.359790 0.318016 
1.542864 0.365625 0.313038 
1.559962 0.359702 0.315093 
1.549184 0.353182 0.310048 
1.558022 0.378464 0.314740 
1.571849 0.361379 0.320060 
1.522563 0.347515 0.298378 
1.547717 0.378971 0.310289 
1.537376 0.373268 0.305826 
1.551356 0.342496 0.311618 
1.539866 0.331076 0.302930 
1.534589 0.331666 0.301753 
1.548214 0.340144 0.309576 
1.549179 0.328826 0.305976 
1.553206 0.338371 0.304962 
1.545623 0.364251 0.307262 
1.567742 0.335888 0.313165 
1.556280 0.371061 0.315883 
1.558280 0.337820 0.310662 
1.568933 0.363750 0.319488 
1.553623 0.351138 0.307130 
1.539438 0.373826 0.309441 
1.529815 0.362214 0.305579 
1.565385 0.357768 0.315859 
1.562068 0.343046 0.312137 
1.520891 0.352380 0.299734 
1.556546 0.347383 0.308622 
1.560389 0.343015 0.307621 
1.531992 0.377777 0.308199 
1.569495 0.350208 0.312982 
1.524687 0.358780 0.299991 
1.546489 0.330892 0.302301 
1.550285 0.357010 0.310000 