5928.4
4395.2
2392.4
3440.9
2573.9
4789.9
867.1
1360.5
9145.4
6015.8
2251.0
4346.4
4537.1
4486.9
3083.2
16883.1
2502.9
4506.6
5491.8
3714.3
3440.5
2217.6
8620.8
2272.3
2637.6
2541.2
2336.7
3450.2
2431.4
3465.7
5024.8
1478.6
5705.7
3839.7
5288.6
2277.0
7702.4
3237.4
2096.2
1232.1
3396.6
2470.2
859.8
2433.1
3158.3
3152.5
2198.5
2553.3
4985.8
2475.4
2755.4
5373.3
2967.2
1319.3
4730.7
6921.9
4986.3
8114.3
3441.1
2261.0
2740.8
11380.0
3347.1
12910.0
7366.8
13306.6
17484.8
3465.6
4656.0
21648.9
2550.3
7321.3
4377.1
2308.0
12404.6
2302.1
3569.5
3498.1
2507.2
2288.9
2891.6
2322.2
3562.4
15143.4
3999.8
5286.9
9740.5
6248.5
3056.0
22244421.7
17569.3
6979.6
4907.0
4249.3
2287.5
3453.5
2754.2
4789.3
12160.8
3585.9
2796.2
5544.4
6038.8
6501.1
92277.7
2158.3
5953.2
2872.0
5048.5
5238.0
15758.5
2341.7
23593.6
2897.6
4807.7
6794.1
2336.9
45844.1
1490.9
2970.0
4157.3
5790.6
2530.1
7785.6
4947.6
11207.0
4675.4
6711.6
3254.9
5003.7
4823.2
5130.4
2565.0
2293.3
4681.0
5468.9
17149.4
34878.2
8605.6
14630.2
2664.1
3459.5
3604.1
49071.4
5802.2
5305.1
4178.1
8364.7
2472.4
122094.1
3728.6
5026.6
4692.5
3427.6
6821.6
2812.9
6055.8
5421.2
2243.1
4658.4
5267.0
8493.6
3002.1
5799.2
9015.0
872.4
47997.8
2529.2
5136.1
10253.0
7145.1
1877.6
2774.1
5862.3
16623.6
1614.5
4720.9
3729.3
72411.9
1360.4
10179.1
3859.0
2357.0
4665.1
8121.6
2866.9
6344.4
4861.5
3267.9
4401.5
2490.5
7572.6
4909.1
34646.7
6284.9
2865.8
4586.4
14481.4
3140.5
6088.6
4128.7
4788.0
5299.9
2400.4
15795.8
7481.2
2622.6
5049.4
2087.7
4386.1
2348.7
4675.5
3444.9
10052.0
5185.1
1324.0
2763.0
3860.3
2850.8
3149.2
4481.7
4014.4
2247.7
3006.6
4229.5
2483.9
3007.9
2747.1
2558.0
6063.8
3254.5
2838.8
5917.4
1281.5
4460.9
10459.9
14552.6
7469806.5
3504.7
2364.7
4483.3
3758.9
3159.4
7388.0
2269.6
6470.8
7241.2
2393.3
829.8
2244.7
3972.6
4158.1
15537.1
2574.5
1661.0
5942.4
4696.3
2547.8
1281.1
5328.7
3546.5
4436.2
5598.9
6164.2
5831.4
11347.7
2756.1
3758.5
8765.7
5288.5
2554.1
2297.3
3906.5
3593.7
1864.5
2380.0
3949.9
3821.4
5795.2
2004.2
13253.5
2603872.1
2377.3
2452.4
12154.7
2921.9
2286.4
2635.5
2048.0
4664.3
16923.4
3212.3
10481.2
5126.8
2253.7
3011.2
5575.5
4885.8
3959.0
3269.7
2554.3
8561.7
2028.5
2363.3
2961.1
2157.7
9948.9
5016.7
11260.7
2856.9
3554.3
2567.6
2878.6
8603.1
8446.7
10371.1
2511.3
2780.8
2468.1
89441.0
2186.0
5492.1
3828.6
2808.1
4156.0
1165.8
2753.6
14635.4
4012.8
5735.3
4032.9
4490.5
7857.4
2209.5
2865.9
14409.0
8545.9
2505.0
10959.0
3590.2
813.0
2959.1
3444.4
2538.5
2253.8
4575.6
3559.7
4202.4
3444.0
3774.4
3057.5
3599.7
1985.1
2510.0
5761.2
2426.3
12585.1
1302.8
4437.4
14845.7
1257.4
2316.6
4515.5
3872.9
4646.6
7539.4
2925.4
12745.6
5783.2
22016.6
7073.3
1407.1
8787.3
2316.0
7429.9
2694.3
4255.7
10895.9
10243.4
4836.4
1643.4
1377.1
2904.8
3402.9
842.3
7014.1
3294.8
3441.5
3296.8
5975.8
14541.1
5408.5
6640.6
9784.3
4430.7
9846.2
3931.1
5137.6
2278.4
2922.7
4702.1
65838.2
4456.4
1378914.6
2355.3
9025.5
3679.8
8004.0
5660.6
4018.8
9641.7
2891.4
5308.3
4100.3
6206.6
2423.0
17503.5
3122.2
7557.4
21501.3
4775.6
3035.8
3740.1
1785.9
4690.5
3241.7
3507.1
2605.9
5174.7
14534.6
1824.0
5409.0
3024.7
2967.5
2759.7
2285.4
2971.0
4043.8
2611.7
7621.4
2672.8
11752.6
862.4
3124.3
2237.6
7018.5
2439.0
11814.8
4523.2
16621.8
5775.4
6976.3
5436.2
1156.4
6018.1
11999.0
5751.9
3009.2
9939.4
11462.9
8534.8
2693.2
3575.3
11639.3
14028.9
5184.3
1955.1
4209.7
7207.1
3119740.8
965.9
5201.1
12087.7
4766.5
3238.3
16909.3
4729.4
3008.8
4119.0
3470.9
2668.3
2578.0
1050.0
4028.4
6830.9
3764.3
2685.9
2003.9
3536.4
40715.7
4327.9
2253.5
6566.9
5562.4
8200.8
2245.2
4476.6
2633.4
6152.3
1020.3
5054.0
2464573.5
484764.9
182342.4
1004637.1
1122452.1
586573.1
798322.5
2285887.8
388324.1
4683331.9
526775.9
2202587.2
338296.8
214700.2
209707.5
1144213.6
617475.9
852387.3
1230934.0
298823.8
1132404.9
5745016.9
649461.9
377511.8
1907605.8
191139.9
330657.7
164401.1
1417034.5
114771.3
528591.0
1057969.5
14608690.1
241144.4
1482685.4
68109.9
552267.0
440009.1
276231.1
147399.3
124912.3
213192.6
694249.7
753851.2
1867801.9
117050.8
1385520.9
673591.0
281677.9
2896189.3
437624.8
6334203.5
990782.1
1079256.8
169252.4
20642.4
628956.5
1464902.2
735343.7
15647.5
113249.5
2359703.6
476296.8
1034678.9
1197670.4
145065.2
601763.9
739011.1
2961519.7
78548.0
1321830.9
27766.3
993600.6
7701895.5
515269.0
386402.2
188083.9
188202.0
182763.4
1100163.8
498976.3
55765.2
671559.9
64861.8
154530.0
4814504.7
453066.3
2550845.8
106496.2
262867.0
723145.7
167895.8
30230.4
291800.3
427152.8
714513.6
80021.8
65020.6
1232764.0
1477394.1
35453.6
44209.7
75401.0
612052.3
1059916.1
1734947.6
380874.0
89974.6
192561.7
110356.6
865256.2
425901.6
193262.5
138688.3
80376.3
981223.8
50734.9
458479.3
68550.3
862669.7
641410.1
490467.9
885926.0
666492.7
376229.2
48049.4
116713.0
877220.9
624295.8
740734.3
440282.6
608574.3
436633.4
25381.4
333837.2
429607.6
342895.3
2366640.7
89835.8
343950.7
2072254.3
110464.9
147392.2
853311.2
379134.2
927540.0
257407.0
267948.3
708173.5
1746101.9
55511.0
292192.5
279747.1
10018.2
346546.3
936560.8
2263.6
29440.0
173972.9
34180.6
970436.2
427005.9
1459033.2
3100199.5
606058.4
735066.1
856359.1
143294.1
84415.3
839481.4
834729.3
124426.9
1339534.8
2317807.6
1553631.3
60796.7
308909.9
2295083.4
1205487.5
421759.4
660294.3
388688.1
633439.9
651157.7
66493.0
36091.5
142291.0
358113.0
92074.6
188534.7
510210.6
97415.4
143004.1
448096.0
35475.8
2787144.8
909831.1
457314.0
298905.4
1753208.4
39764.4
120769.8
1155981.3
1013780.0
2754953.3
8666.2
129191.3
410269.7
53871.2
537695.5
165214.3
694875.9
2396046.9
1279963.6
826805.9
982803.3
26025.9
617859.9
148393.5
2586192.3
964387.6
52281.2
207727.1
88110.1
462018.7
245210.9
69009.4
616383.6
943532.1
1013794.3
2503095.6
1995021.0
469688.5
173984.4
248593.4
133755.7
22763.2
306522.4
495968.8
554078.6
7729205.7
330405.4
433081.0
185042.6
1027685.8
147380.8
287873.2
329900.9
407222.5
1041825.4
70084.2
519305.3
1025299.8
180101.1
29475.0
1401060.3
32337.2
306803.7
931901.8
1521020.0
143792.4
74583.1
482477.1
1077348.2
741829.4
72810.7
347710.7
1045349.3
120406.7
14109.2
4563664.8
10227.3
182301.0
403386.2
801489.6
369856.1
837466.6
193108.1
50560.3
1181672.4
28137.9
1108472.8
209638.9
147396.4
218403.8
2077189.7
43974.6
93794.9
1394264.1
20504.3
42808.6
386677.4
290185.9
290408.3
856007.7
826818.0
3154348.6
287091.6
323488.2
274460.4
469379.0
283487.8
307665.3
680630.7
941681.1
433910.5
4463300.2
20360.4
58460.0
414754.9
1353133.2
261706.1
614464.8
185161.3
170249.4
8846810.4
1412089.0
36178.1
2502054.9
22107.5
1036518.7
61826.8
2281205.9
39344.2
361521.9
324944.3
821872.3
126287.0
14390.2
184818.9
150192.3
2160482.3
357628.9
1256581.9
183100.6
150004.9
2128207.6
354688.4
629646.9
1354382.6
171307.1
1503671.3
1002432.6
1093891.0
374906.9
211164.1
1056555.3
279623.6
1682546.2
102790.8
1145618.1
2832363.7
984473.2
172879.9
3104162.4
1984641.9
2338893.2
1273490.8
54035.7
126730.1
432854.4
693980.9
1769604.2
3401123.8
215963.2
771823.3
2440316.1
289311.3
2102538.6
1176857.1
415095.6
660405.5
3232092.7
