5010.3
3844.4
4143.0
3004.7
2295.2
11199.0
4015.0
3698.6
2290.6
4165.3
135702.8
2575.4
6122.5
3307.2
11535.7
13862.9
3920.7
2894.1
5601.5
5070.8
4338.8
14876.1
4661.7
3844.0
8886.9
2675.7
4327.7
2272.5
2642.9
2635.3
2268.9
3967.2
4656.0
6565.6
9183.8
8749.4
5370.3
2569.1
4921.8
3007.6
2716.0
5675.2
3465.5
6114.2
6180.8
3473.2
3754.2
2694.8
935.6
3808.5
1342.3
2266.0
4217.0
14435.5
5472.8
3695.6
2984.0
2550.8
15021.1
4225.9
2721.2
20718.0
3459.3
3097.6
4645.4
3807.2
2134.6
3233.8
3229.3
2895.5
5098.2
4914.6
2799.6
1466137759.9
3773.1
2550.2
6375.5
2642.6
4228.1
3364.6
2835.4
4049.4
4455.3
4350.1
10263.7
3815.2
3801.9
12006.0
4717.4
114719.3
4092.9
2145.5
2705.1
2619.9
4066.3
35997.8
4533.9
19538.7
3832.8
1362.0
6735.2
3885.0
264683.5
47994.7
1846.1
13009.4
2256.4
7815.4
3285.6
3388.6
17156.8
6767.5
3003.3
16164.4
2522.5
5056.0
5897.2
5359.1
3129.7
3385.0
28349.9
853.1
4958.7
5262.1
4509.3
3648.9
2704.6
22691.0
4474.6
2588.9
4782.0
13162.0
8450.1
4427.5
2267.6
3128.9
5121.6
13107.0
32996.0
2549.8
4810.8
4974.7
5256.3
3475.4
6281.2
6202.2
4946.0
5391.6
10285.3
1014.3
4966.1
3118.6
1216.7
16890.2
3935.0
2894.1
5790.9
15868.1
1126.0
2440.1
15845.2
4670.1
2969.0
16230.0
13767.6
2739.1
4439.1
2991.0
7488.0
4691.9
3235.5
2376.7
3975.7
34270.1
5468.6
5543.2
2332.6
8032.8
12846.7
5221.4
1803.0
7521.6
7171.0
2415.9
12537.6
1022.8
6324.2
4845.7
14117.8
4280.7
1639.2
2405.2
4165.7
1291.9
11462.2
3860.9
7639.5
3480.1
3220.8
3709.9
7178.9
3117.7
3836.5
2497.9
16149.0
5941.1
878.1
1197.5
5289.9
3350.5
4387.6
4800.6
5781.2
16570.3
4510.8
40843.7
7849.9
4141.5
5166.9
3623.4
6160.2
10256.5
3893.5
3255.6
7790.7
12219.9
3247.4
2668.4
2705.2
10455.6
6436.4
1433.5
3194.4
4196.5
11275.0
3329.0
5302.8
5417.2
11319.8
3530.2
5829.1
6478.0
4736.1
3191.6
3610.9
2259.5
10513.0
5739.0
8022.4
2662.1
1057.8
4620.8
2873.7
5185.8
2398.0
989.4
3800.2
11157.8
3174.2
15159.2
2938.6
3122.0
5067.1
5268.6
10661.8
2607.5
3622.8
9723.7
121163.9
2818.4
2815.6
2219.6
6118.0
5049.4
9891.9
4399.8
1103.6
21383.5
54950.3
4610.6
4729.9
8183.4
1184.0
2665.7
2631.6
7405.4
18994.9
7989.8
2275.0
3178.4
1726.0
3599.7
11883.9
1798.0
3572.1
2611.5
1327.7
3644.0
5899.2
8377.4
3780.0
13218.9
3593.8
15804.4
2412.8
17987.8
6678.6
5259.7
2527.0
2261.5
17683.4
3585.0
5493.6
4870.2
2887.0
5660.5
5710.9
3608.1
6159.2
2938.4
6613.2
17243.1
4900.8
7853.1
6268.8
3249.4
10949.2
2839.9
2766.1
3162.3
5790.5
5936.4
15597.7
2281.0
7345.1
14817.8
6173.7
10357.5
1886.6
4748.7
1242.4
2733.9
1962.5
2449.8
3039.2
7769.6
6055.4
5882.6
5850.6
2042.9
808.6
7456.8
9972.3
10561.5
1891.8
7131.7
1559.4
6093.6
7822.7
7131.1
248500.4
48824.8
1172.4
6080.9
2277.9
6078.5
3685.8
2985.6
2459.4
3046.4
2745.5
3125.4
3058.9
2245.3
6673.2
2680.4
6286.5
17579.3
1042.1
4539.6
8225.1
5949.3
2988.0
5126.5
18357.0
2313.2
20146.3
6194.0
3318.1
4068.2
4911.2
4685.5
2318.1
15659.1
14629.4
2513.2
2517.0
15231.3
3384.8
3170.7
1408.6
3559.5
4906.3
3662.4
2883.2
4158.6
3348.2
1468.5
31599.2
2687.3
3908.6
4863.5
5482.1
6065.6
3926.4
2779.5
5837.0
2881.1
2681.8
5505.4
6580.7
9387.0
2554.4
7250.3
36455.7
36575.4
3403.1
3074.6
17810.3
4440.4
6011.1
2525.6
5823.8
6958.8
4567.5
4748.4
3281.2
4854.6
9778.0
13465.3
6631.4
3437.9
3765.1
4600.9
36121.5
4307.4
4681.4
1055.3
2389.4
4458.4
16912.7
15313.6
4702.3
259197.5
2455.4
7471.9
1362.3
3341.0
2085.4
2888.7
6267.0
4356.1
4618.2
4280.0
5086.1
17421.7
10833.0
2950.1
1531.0
968.5
79987.6
10183.8
1012.8
6051.0
1000.6
2419.2
37688.7
11641.6
2913.8
13641.4
3104.0
3096.2
3601.2
8345.3
5384.5
2666.9
6117.8
13282.1
3411.0
2855.6
2251.0
4471.3
5523.1
6202.9
5241.4
3046.4
4061.4
3018.4
4886.4
12893.0
9546.7
376296.5
1103831.4
240001.4
207565.7
1242686.0
1228757.2
2805846.4
661012.7
602632.8
7537652.4
2303332.0
171019.2
267491.8
3466641.7
7649754.1
3026801.4
7844499.1
998563.1
295580.3
1185589.4
920477.8
1542609.2
2579999.7
57647.6
1706108.8
538394.2
2610094.5
571788.5
443243.9
2082054.9
272631.2
1435519.2
1833134.4
594970.0
472059.1
713108.5
122237.0
397411.4
601246.1
427992.9
192759.3
18062.8
771466.5
1897799.0
801001.6
177408.1
2897737.6
684325.1
320038.5
413928.2
58688.6
1035090.5
745919.5
728792.1
21343.0
530934.0
1902355.5
567911.2
85362.8
1013888.6
497832.9
69014.8
151460.1
267648.8
474321.5
827169.8
63138.1
329658.7
228540.0
100011.2
50224.9
2026196.8
24160.8
529432.1
1784907.7
240652.8
377416.2
510464.9
2882094.4
570815.4
1885250.9
100925.9
167959.1
163052.5
72464.9
204417.3
615064.3
1496020.7
55251.0
82083.2
980652.9
644312.7
288114.9
1384447.9
250161.4
451624.7
1569712.5
590283.3
388913.2
71068.2
13713.9
1757731.7
770355.2
167095.7
31265.6
440445.1
657268.6
183045.8
958340.2
1509230.5
181260.2
302659.1
1215877.6
828629.2
2850522.0
893711.5
1495222.3
233958.0
446326.7
54292.4
1043530.1
324420.3
203757.5
590210.7
616500.4
275686.8
96539.5
249738.4
1314917.6
373651.9
2399672.5
784649.4
2798462.5
1650417.4
111522.6
159094.1
1816805.5
328144.1
25001.3
239221.2
1476048.8
56850.3
757211.5
132183.2
152040.6
2922711.2
80399.7
18171.1
349840.3
197908.0
53431.6
231773.9
527319.4
464788.2
1510682.7
1121516.5
1478317.8
559314.7
1643093.3
8145.3
188440.2
1539598.5
241557.5
548362.2
143620.4
578164.6
2941424.2
236470.8
168466.4
933146.4
249717.7
2051157.5
130973.5
413605.0
247081.0
1599659.2
1002939.4
491222.3
80818.4
3043957.5
708609.9
96373.2
928084.9
177623.3
242305.0
147180.2
120045.8
920926.0
1623977.6
1065011.9
176034.0
89556.4
37038.7
1593514.8
50739.2
114596.1
128600.0
1479055.8
75360.9
205514.8
886633.5
1528994.6
640405.2
1756528.4
1201793.3
1941110.4
2272462.2
268499.5
2266246.3
544575.8
418714.4
2599035.0
178700.7
62606.5
262313.8
210734.9
734095.3
141332.8
335038.2
1138301.9
189067.4
178760.7
782755.9
1653708.3
491040.6
326574.3
430254.6
98753.1
155041.3
53735.0
1482070.2
259909.5
443468.2
552902.1
2439685.5
2012007.3
701787.7
120158.7
508882.3
253448.5
209795.3
772097.0
986850.5
4553492.7
441505.5
79059.6
853112.7
1298457.3
45103.7
909935.4
724363.6
124901.9
286840.7
388779.0
818654.1
302117.5
33509.2
832735.3
2152456.8
978372.0
2799998.0
334419.7
29935.5
72325.3
251820.7
1430225.3
175655.1
29275.4
564775.0
2575642.3
6733324.8
931980.8
269981.7
366438.4
2812913.4
332231.2
2202345.2
731673.6
492175.7
682755.9
495267.8
518672.1
7670457.4
76516.0
3003261.1
361766.2
331395.3
1954810.8
2190175.5
36925.4
1100921.9
1209863.2
354108.9
69273.0
98603.9
113106.6
298720.6
17884.2
25399.4
425765.1
584083.3
289113.7
31115.9
136723.1
574723.4
644212.3
58227.5
16185.2
190009.0
213718.1
3057645.6
518728.5
238676.9
245166.2
2205494.4
993378.3
1767367.6
301056.7
132713.3
2298028.2
1257218.3
523427.9
95546.4
772169.2
257717.3
69997.5
1990338.6
457577.7
237197.2
221520.5
1467885.7
787560.6
64877.9
969603.0
245110.4
1407635.3
8569721.4
21624.6
245697.1
110242.4
70719.9
1037333.3
54940.2
457588.6
1053498.3
162119.2
704679.3
50186.9
120461.0
6336093.1
767550.2
416714.6
520310.2
97111.0
2055641.3
1323855.5
1085234.2
787898.9
336141.0
115566.0
7827288.2
2809757.9
84991.2
182530.2
1953509.3
323854.4
2484033.8
56476.7
2921602.6
923936.2
3028241.1
863409.2
130523.8
