1718.0
2374.6
4283.2
4659.8
3987.3
2445.7
2319.1
1358.3
3978.0
3663.8
2283.5
3361.4
11021.6
5257.9
4524.6
4466.6
12160.5
9511.2
14039.9
4150.3
3779.1
4365.8
34685.8
7674.0
3952.2
5993.7
802.7
6684.5
1286448.7
5170.8
2729.8
32103.7
2368.4
5582.2
3753.7
4230.8
13010.3
10319.9
2990.5
4093.0
4650.7
4565.4
4248.2
5731.5
3019.6
2827.3
3284.1
6495.9
5715.0
2397.5
2777.1
2290.8
8725.4
5298.0
3167.3
5082.0
26408.6
7806.5
794.4
2736.1
5211.6
1164.1
2507.8
7412.4
11178.5
1692.8
3109.4
2298.3
3591.9
4337.2
9726.0
27354.8
8315.0
5669.6
2427.3
3624.2
2494.9
4334.4
3669.5
10782.9
4837.4
5724.3
15543.6
6485.0
2250.5
16341.0
10784.5
1238.3
3144.6
3923.6
2642.1
5251.8
3138.6
2839.6
4153.2
27601.2
6793.7
4986.5
5282.9
4595.3
27842.7
3015.1
17087.4
1725.7
4218.7
9545.5
6898.0
6043.0
5016.0
2857.2
5886.7
3307.5
17694.3
2574.3
5575.3
7036.3
6520.9
4315.8
7647.7
1237.9
5227.2
9089.8
3173.4
268976.0
6064.1
2349.8
5370.0
2483.5
5071.8
5331.4
2126.9
5983.3
4917.9
3433.6
2941.4
3400.7
1386.4
6208.8
1249.6
5320.7
3362.3
9062.8
5764.7
11081.6
4785.7
2715.2
3186.1
4819.0
3970.4
4079.5
1238.7
3569.4
4736.4
11923.4
5173.3
2410.6
2855.1
4807.6
10512.7
10742.8
2777.8
3548.5
5565.4
2606.7
9879.6
17032.0
4269.1
1424.5
5859.5
4120.4
3677.5
5549.5
5185.0
2623.4
2068.5
2350.3
3085.5
3322.0
2522.7
2512.9
336394.1
3903.7
7934.8
3872.1
9346.6
3102.5
4802.3
3947.7
4685.0
5328.9
2675.7
3678.5
3193.7
6963.9
6622.9
1532.4
13280.1
8774.5
1706.0
2492.5
17582.9
42417.1
9369.8
1400.9
3587.4
2255.0
3795.6
3598.5
3577.5
4470.2
3211.1
15431.6
5088.4
2170.3
4640.5
6087.0
10996.4
3059.7
2745.8
5391.1
1947.2
11941.1
9488.6
4226.7
4413.5
6235.1
4112.3
6313.2
170055.0
3532.4
14348.3
3406.9
2353.9
9856.7
5255.4
46605.5
6023.9
2496.5
3376.3
4358.1
12544.3
2842.0
3367.3
2605.6
4285.7
8656.6
3144.6
3763.2
2431.4
1043.3
2754.1
1416.9
12588.8
3476.1
5535.0
5280.3
3712.4
3516.9
2110.4
3285.8
4106.4
9867.5
12611.3
5538.9
36942.6
2566.6
2964.7
17115.5
6614.5
3442.8
4244.0
1948.6
3495.0
3647.4
2506.0
2310.6
3366.6
5730.9
3494.6
6423.5
2968.8
45321.0
1767.2
7048.2
5797.9
3598.3
11336.7
1091.1
9462.5
3596.9
3049.0
3648.1
4100.3
3910.0
22024.5
3918.4
2402.9
34751.6
2267.0
5241.1
5468.9
3902.9
3960.9
2443.9
7678.2
2333.0
2359.8
5487.0
3607.6
993.9
10943.1
3607.7
2320.2
3358.4
2474.2
70302.8
47730.8
2891.4
2468.9
107467.8
3257.6
7829.6
3547.1
27076.1
14830.2
8699.3
2069.5
12623.4
2803.8
5850.5
2857.4
5648.9
5520.6
8102.9
4382.6
5624.9
2959.5
6186.2
7747.7
13099.0
6076.5
25737.8
4567.9
2333.5
3004.0
3227.1
4718.9
11956.3
3277.2
2654.6
2555.5
2392.2
2333.1
2787.6
7288.5
5730.2
14248.0
2288.1
3802.8
1883.7
3004.7
10382.8
2606.7
10211.8
5175.3
5282.6
2449.0
2657.7
2525.4
48954.4
3771.5
3092.4
5616.6
3951.6
17583.3
28842.9
3117.4
11171.2
2878.6
848.0
2552.4
2830.8
1016.0
2181.8
2609.3
4896.8
8939.5
8311.3
2961.2
3076.7
2662.0
14000.0
26352.5
5713.1
2603.0
9061.6
2702.0
11365.7
32295.7
25394.3
11533.5
4982.0
4571.5
6036.8
7882.6
5062.1
3564.2
2505.2
9052.5
3316.5
6499.4
10113.0
9698.6
340.3
3035.2
1558.2
2565.4
15057.2
10078.3
2358.2
5251.7
3591.1
10061.8
6422.5
2656.0
3439.7
8399.5
3414.0
5906.0
1475.0
3054.8
3105.6
3716.2
4658.7
6052.2
2096.7
2875.8
3144.0
4108.9
2970.5
13699.8
6833.9
2375.5
14834.7
4894.6
2510.6
2519.6
5390.6
4370.0
829.6
9832.8
5827.0
5566.9
3667.5
426.7
5096.7
4973.6
3376.0
18550.1
5210.3
8949.3
5786.4
7913.0
2377.3
2672.3
28134.6
5559.1
3230.6
2426.7
6156.3
11843.0
1199.0
5569.5
3997.8
15220.4
6556.1
3988.5
19539.7
5532.8
2835.0
3700.1
16549.4
2653.1
4474.7
5190.8
3043.3
6123.7
2467.8
12711.9
6308.7
2542.0
2798.7
27739.1
1332645.6
8696.1
3388.3
8449.0
10603.9
3024.9
2326.2
4409.3
3060242.9
21738.7
971113.1
2329863.3
29646.5
18593.6
1799127.9
4447266.7
1717469.0
547590.0
1938784.1
849300.6
1053899.6
4153206.2
2748179.4
8392594.0
2994386.1
61917.0
2506003.9
479731.9
2913729.7
244038.4
966660.5
5037523.9
332955.4
182808.7
1414580.8
6684.9
677292.4
26691.6
439486.6
397539.0
593260.1
5496713.3
243562.1
247301.6
177895.8
1631670.8
75249.3
34171.4
219613.6
484369.1
317860.2
51582.7
2445698.8
813567.8
2920813.2
548660.6
925674.4
44621.8
97490.3
1027256.2
136784.7
860416.2
201026.4
232599.9
550108.1
2336680.4
4952224.7
143686.3
962652.0
1002623.7
1312000.0
211760.6
34810.5
1357777.8
84448.5
1261983.3
563171.7
275402.9
347930.2
93941.0
559290.4
352961.9
3071004.9
10613.4
1240039.7
1278581.6
900323.2
381191.6
526681.5
463340.8
600407.3
56495.1
798039.3
2870673.9
141851.7
181516.0
1925290.1
299394.3
2447456.0
230557.2
777194.9
260641.0
691655.3
481021.5
93455.9
2180735.6
197518.6
83696.4
387688.0
34317.0
38967.1
390476.3
2348692.3
883946.9
76429.1
1800583.8
317393.5
712510.1
2169861.4
318959.8
145420.5
19377.8
283803.7
1214634.5
87402.0
958314.1
292100.0
431770.2
130162.3
140797.6
352872.5
268906.9
22444.6
444985.7
108389.1
817759.9
456689.7
1048112.9
1594378.5
1090456.2
142243.4
2646654.8
35725.8
80987.1
539218.1
471521.1
843007.1
870972.2
372139.7
581265.7
73051.3
424513.0
1042374.6
117224.6
4719507.8
361373.5
174936.4
18358.0
992674.8
838591.1
24805.1
154174.4
72141.6
1469039.8
1146847.8
1705894.2
1107717.1
20132.9
301436.1
133764.5
170028.5
162462.6
73474.8
285060.6
370183.4
140540.7
453953.8
837083.6
21988.9
265381.3
759651.4
1168070.7
171115.6
248386.9
302786.2
489533.5
50851.2
29839.5
308982.5
2677650.3
740132.1
169026.7
973200.7
971585.2
629139.2
671193.7
155341.1
983907.4
1160260.5
54090.1
23354.7
150110.7
393128.0
1157945.9
7543.5
103820.5
85268.6
745139.9
499603.3
200443.3
55189.4
52060.3
175666.0
1027318.1
193055.6
758188.7
131871.3
733865.6
969494.3
13760.6
244651.9
362685.8
499497.4
45502.9
513881.9
822027.0
61548.4
147440.9
228331.7
543010.8
199163.4
224589.3
693782.8
653924.9
31855.9
383112.8
30979.1
798654.1
2317135.3
1128675.8
155034.3
859393.3
35869.0
584811.5
191396.8
2802467.7
1378398.1
281358.7
640855.8
1691492.1
715560.4
987671.9
261304.7
161406.9
469279.5
175640.3
143187.2
163383.7
54562.2
113749.8
786228.5
271851.8
494884.0
104889.3
158811.7
32442.3
452044.7
1477523.5
552967.6
413639.6
312697.6
76456.9
2113692.9
460361.3
26554.6
404188.6
18390.8
8041.5
152255.8
663420.8
646035.9
811593.4
1517665.9
162330.2
1416936.7
176063.3
91577.3
1302920.7
395961.4
503950.9
305009.8
1107174.7
63408.0
279236.1
117491.4
656643.0
121122.8
1351770.5
551885.7
23297.0
205293.5
180270.8
1225827.1
756055.0
8517228.7
467994.8
176046.5
583169.2
26328.4
629622.7
245670.8
1570469.1
784215.3
1282981.9
147549.8
2247.8
662363.5
88593.2
1677808.3
247695.1
59695.8
26154.0
403879.6
1277389.8
393572.0
210646.9
186291.4
390396.4
1374865.9
243043.7
84017.8
2744707.7
216764.2
800208.1
54291.8
328255.8
138435.1
760602.1
373220.6
874554.0
342864.1
1072046.1
1499748.1
128201.3
724116.5
82769.7
975030.7
391869.1
3159682.6
42012.9
693019.4
134154.6
248736.3
131891.7
117313.5
178722.9
1003229.6
1102278.4
204864.4
779463.6
751709.7
214113.7
852663.2
880663.1
282532.8
126452.7
647230.5
1530677.3
771279.8
94771.1
2430570.8
352138.4
1250259.1
568422.5
257426.1
360476.2
72512.8
881973.7
336187.0
164739.5
302223.9
