2440.8
6194.0
13663.8
14845.0
2953.8
1008.9
7458.7
9653.7
3562.6
2393.3
7657.8
5363.8
4808.1
17222.9
8205.2
6923.6
5754.7
1037.3
2413.3
3133.1
891.5
11781.6
9401.8
2342.2
3486.9
15569.0
2860.9
2985.9
17086.2
3818.7
6216.3
14146.9
3096.4
2562.6
15868.2
7085.4
3924.9
6304.4
1932.9
13416.0
5100.1
2631.2
2602.5
33363.7
14201.9
5430.3
4328.8
1202.4
5762.4
7154.2
4457.0
13330.1
1163.6
4113.2
7734.7
799.5
4433.9
10259.3
8045.7
2251.5
7157.0
9354.1
25598.1
4604.6
3702.5
3530.0
5094.9
2940.3
2239.7
9796.7
2962.0
11698.3
4984.9
4222.3
13775.1
9964.6
2901.3
2366.6
3105.7
5360.0
3004.5
15688.6
811.0
4244.7
3190.0
4874.7
10831.6
13762.4
11577.4
4528.5
3378.6
9261.2
6015.6
2906.4
2540.1
8126.9
6024.4
2965.4
5026.7
12840.0
4522.5
1139.5
27139.8
5722.1
4631.9
1721.1
10853.4
12003.8
2639.5
4433.4
3608.6
6889.5
131902.0
3142.3
8615.9
2525.3
5306.0
786.0
4002.3
3670.4
14763.0
14930.5
9758.0
11035.4
12907.8
5160.8
2925.1
2672.6
3633.5
9384.6
5767.1
6780.0
4522.1
4743.7
3961.4
3244.4
5984.9
17244.3
2466.7
2322.7
6283.7
1561.9
4085.1
8872.1
2402.5
2763.3
16564.1
2726.6
11562.1
4401.1
3217.7
13639.3
7212.3
2587.6
2869.8
2341.6
10828.5
2465.9
3462.8
3798.4
3821.0
3956.3
3830.1
2540.1
5005.3
4181.4
2905.4
14617.4
39567.6
17632.1
4391.6
7560.3
2776.9
4020.6
3022.9
5788.6
5437.3
11668.2
4030.2
5129.2
2994.8
3712.7
10874.7
4988.9
10815.3
6564.2
12858.8
56047.8
2658.4
2835.3
2654.6
6842.1
1730.0
3325.0
4325.7
43268.0
2734.6
2460.4
3229.0
2931.6
4265.7
1517.4
4727.3
12680.6
2938.3
2686.8
3888.7
4470.4
66636.2
5118.4
3940.4
10084.6
9636.8
2456.6
4682.3
6223.1
7537.6
3473.8
3020.4
2392.4
5545.0
9030.4
7637.1
11911.8
12103.6
16993.9
98042.2
3271.1
4373.6
5345.5
3344.0
4295.6
5049.6
3174.8
3667.1
10663.5
882.3
4089.1
13992.0
2820.9
16481.1
4190.6
15285.4
5150.1
5177.9
2303.3
8409.0
3628.7
2805.2
3009.4
3002.9
9637.9
5998.5
4621.3
3446.4
7111.6
11188.6
6216.5
5848.9
5847.9
4056.1
85119.1
2958.8
1808.6
4911.2
1867.2
4997.1
1184.5
928.2
2886.1
14051.5
4964.0
12575.8
4956.1
5277.0
5813.0
3277.4
3248.6
1450.0
4682.7
2524.5
5018.7
4103.0
9238.1
4817.3
2745.6
2360.7
2724.1
1770.3
3938.6
2333.7
4745.7
3658.5
5472.4
3513.7
5428.6
7225.3
56827.7
2355.7
5474.7
1932.9
5891.6
2986.8
3244.0
36112.1
2082.8
247023.2
24453.6
3586.0
2826.6
4529.6
1960.0
6159.1
36034.4
3503.2
12947.5
1387.6
4584.3
7780.0
2534.6
10546.2
4110.6
3748.0
6289.7
4563.8
2245.5
3337.2
3801.5
4594.5
3237.0
10673.4
7471.2
9458.8
4805.2
7671.6
9026.0
2497.1
5106.8
751317724.4
5911.3
5823.0
3917.5
4726.7
2399.8
2494.7
3773.1
4216.0
3419.2
5153.2
1468.1
2245.6
2516.7
2670.0
5930.5
7300.8
3449.7
5539.9
4038.7
6026.4
2849.1
6124.5
4660.0
1431.8
3056.0
6068.0
15090.6
2568.0
2446.4
1038.5
2260.7
8770.7
10158.0
2232.0
11088.8
8259.3
17101.7
950.0
4314.3
2256.5
3772.6
4055.9
8824.1
3212.7
61659.8
5784.6
134739.7
1674.3
3218.8
2689.6
2814.8
10672.3
6018.2
2637.2
3491.2
2853.5
2973.2
8153.7
3234.6
6847.5
2669.1
47349.1
3418.0
4358.4
12374.3
3765.7
8806.4
4251.8
14819.1
4675.8
3260.3
3986.6
3025.1
3109.3
1100.7
3278.2
4570.6
332817.6
2503.6
17767.6
9915.3
3937.9
3670.4
2318.1
2833.7
9111.8
1267.0
2706.0
3158.2
4229.2
4643.8
3245.8
2423.1
6262.9
2437.2
4835.3
3920.9
5252.6
3127.1
5865.5
4142.2
3334.7
4663.0
3747.6
11709.2
6416.3
8095.1
862.9
821.4
2615.3
3774.2
7286.2
4588.7
9368.8
5464.8
4869.5
5092.8
2430.9
9903.7
3104.4
10303.6
6003.0
4964.9
5605.7
4785.1
4781.6
4941.8
3593.9
3279.6
2576.2
2428.3
15007.6
10791.4
3862.4
2146.8
4222.8
241483.1
2734.6
4381.7
2321.9
14342.8
833.0
6189.6
2920.6
4922.6
21535.9
4022.9
4284.9
2756.1
1210.4
3225.7
1399.7
3932.4
1413.2
272910.3
2848.8
2497.3
14941.4
4284.8
2927.0
2737.3
2246.8
501875.1
734993.8
2222907.9
1612551.1
1623898.3
2581843.7
484371.3
1309614.1
1470100.0
1021870.9
676159.7
1346407.5
663242.9
1393797.5
1086748.6
2774844.6
47778.1
410072.8
2782918.4
753197.6
465342.3
241072.0
1989287.7
2131836.8
551212.5
408099.1
359600.1
70049.9
2155631.2
10769.3
33936.5
2121890.4
18295.6
196002.5
410076.1
105319.7
213000.2
761434.4
937652.4
577859.2
51984.0
383752.3
200580.1
1274512.1
1801480.9
477250.1
201597.2
192104.3
262480.9
140741.1
188983.3
1989934.9
2491893.6
5685897.8
8433.3
32446.4
150448.2
691346.2
283302.6
1230991.9
1526419.7
74369.8
20678.4
23964.3
2322945.8
33374.2
19809.5
548377.0
417421.4
777020.1
174287.0
56325.0
1055019.3
1611850.2
412348.6
777067.4
1121457.8
109878.5
10411.2
78552.1
689256.4
373419.2
37094.8
1106537.8
38394.3
90117.1
1050214.1
564924.4
108618.2
416634.1
769861.8
723026.4
232323.3
51900.9
315804.5
400249.5
280815.7
102281.2
3026161.8
446423.1
188325.9
89709.6
98034.4
373920.9
70656.7
972992.6
2943596.3
409577.2
2380817.5
418290.4
161265.4
1348941.0
2761144.9
1670888.2
556637.4
293774.2
1820820.6
364173.5
222106.3
190132.8
1004039.9
190786.9
4063144.3
2054752.7
740835.4
1009237.2
274598.8
90002.9
824153.6
255016.0
592909.6
151924.5
50154.0
177042.5
25571.6
47562.0
5222098.3
231656.6
232425.8
880605.8
158534.7
1337952.4
1039508.9
2936675.5
68116.7
1799483.5
219755.5
522386.1
1950822.6
339151.0
1232932.1
720325.1
1247290.7
23170.4
246340.9
58007.4
254832.0
185970.5
1157650.0
21373.0
14671.8
230526.9
142823.5
1661823.7
7860070.9
834778.5
421502.8
176093.4
413113.2
1002890.5
286893.3
611487.6
147342.2
2462074.7
15970.5
8478892.0
112416.3
12103.1
950116.7
784014.3
934837.0
219075.1
279429.0
155737.7
990003.7
783432.1
139117.8
438476.2
276447.5
735741.7
168425.0
3742354.3
1756204.0
577953.4
1090814.0
1164616.0
240431.2
197370.0
69637.0
1120453.7
1437761.9
397477.1
357391.3
965271.0
62799.2
1236468.5
1753775.1
67806.5
644885.0
29351.5
247408.7
532969.0
474645.9
608124.9
260645.9
647967.7
752731.6
258707.6
186528.3
33059.2
67600.4
1993397.8
628025.3
885518.1
1011318.0
541426.2
212834.9
89535.7
346363.3
2671.6
210958.2
955289.4
392866.0
1175559.3
2555449.4
668751.4
138798.1
117146.4
995859.4
2921192.3
417717.1
232746.2
1569672.6
785103.4
857732.5
96238.4
3095253.3
824075.7
3719580.2
42395.0
454013.6
204678.3
141054.7
4170896.6
654492.1
597827.1
690674.4
694243.0
1525534.6
396476.5
10935.9
477114.5
182688.8
1412267.6
98644.8
1439741.0
3127592.7
670078.9
54688.5
677781.9
184462.6
174461.3
163896.5
220994.6
377332.5
57616.0
550314.6
201298.1
249798.9
169942.8
78482.4
191509.8
570367.6
103415.0
140815.0
1503858.4
1406992.9
257961.6
72350.1
1502167.2
268784.2
1063971.9
148724.0
2354179.2
475455.8
452327.9
199856.1
2207393.2
335924.5
433972.2
2174485.9
491072.3
1691697.3
879371.0
414833.0
1995905.6
253750.8
75901.6
1296104.4
61133.0
723253.2
175464.2
1413135.4
287963.5
979313.3
1278389.4
58819.5
2467155.4
58414.3
1588595.5
284025.3
250989.9
2873426.3
854047.4
626823.2
26517.4
59769.5
24538.1
154672.7
143367.9
594539.8
1628916.0
318734.2
881470.8
323266.5
3483010.2
256285.1
213068.1
19110.9
63184.6
29034.2
31185.3
285909.2
211472.8
36216.6
469834.7
275337.0
452157.6
101872.8
66587.1
501921.0
5084707.8
2980894.4
2264123.1
174211.9
20430.1
568747.0
473443.1
71639.9
1387540.2
103705.7
220990.7
125324.7
48377.7
680112.3
208157.3
236299.8
715893.5
459215.8
392399.2
1133893.8
370196.1
2772357.8
