4406.6
9933.1
4940.5
1100.4
15555.6
32216.8
2664.8
909.1
5855.6
2870.5
3377.9
5995.4
2435.4
3597.7
3301.8
40048.6
2663.9
983.3
2619.4
3035.6
2274.2
2974.1
3518.9
2469.4
2365.0
878.1
2833.5
2278.7
3925.3
2814.3
8288.6
4124.5
2800.2
6229.4
6328.4
3752.8
2967.5
3837.1
3141.6
2820.8
3218.7
9477.3
3470.5
3836.5
4971.7
10350.0
13512.5
5410.1
5673.6
13452.9
5888.2
1072.8
3239.6
4628.9
4922.7
3654.5
4264.2
1197.1
6396.3
3218.5
3893.7
4487.3
5978.5
6510.3
16867.0
1701.1
4072.3
17463.7
6013.3
16888.8
1475.3
1377.3
2263.9
4998.1
2092.4
4016.5
2342.5
15608.9
5671.4
888.1
2808.8
3317.8
2999.1
6210.7
12197.7
1795.4
10156.4
4932.3
6138.5
1305.0
9493.8
14538.6
8196.8
2652.5
2455.0
5027.3
12617.0
2256.2
2940.0
21907.7
2801.6
2494.6
3150.0
856.4
5486.7
3635.5
1360.9
168054.3
4217.5
8532.2
39801.3
3007.0
9924.3
9050.3
29097.4
4371.2
3336.8
6038.6
5437.7
12553.5
36682.3
2974.9
5001.0
11111.6
4333.1
4480.5
1088.5
4362.5
2668.2
10544.2
3849.9
3625.2
29209.0
16281.9
284500.8
6149.7
5513.4
3578.4
3907.7
4135.1
11080.7
7704.6
3225.7
3735.8
2920.4
2768.3
2920.6
11838.5
2724.7
3766.8
2757.5
2525.8
2668.5
2913.7
5967.1
3064.5
10176.2
3778.7
13205.5
2249.4
3891.3
13621.4
11360.4
6490.6
1472.3
11300.0
2466.6
6297.5
6026.4
2646.1
16588.6
38157.0
2591.3
17244.8
2437.0
2746.5
8508.5
16785.9
1898.0
3446.0
2997.5
2573.5
5951.1
3473.3
3938.8
3443.1
3649.6
9633.3
5122.9
7758.8
14211.9
10410.2
1153.3
4840.0
3234.2
3927.2
2279.2
4860.0
4140.9
3357.3
1008.3
2681.4
4919.6
5002.3
6006.0
4932.6
3294.2
14323.3
9448.3
12575.9
2261.9
512440.4
4776.0
1418.7
4047.7
2992.1
13818.4
1746.8
3780.9
13933.2
29781.5
5404.4
3082.4
4154.1
5843.9
3844.9
3318.7
10914.9
10930.4
5129.2
1265.2
3145.4
5373.8
17395.5
1249.5
3297.2
46812.7
863.2
37032.5
5137.0
3544.2
4227.4
1394.6
27778.5
18146.9
3932.8
2356.4
2717.4
2901.3
3243.3
11578.2
4565.0
3186.5
2886.3
4942.4
5218.3
2270.2
937.1
2950.2
24844.1
3737.6
2298.5
11704.2
4404.3
4278.5
5519.6
4086.0
4105.3
3729.9
2428.9
5885.3
6019.3
7093.4
2354.8
3038.2
11671.9
7123.5
12735.7
3382.1
11885.3
2549.1
12894.7
3600.7
4128.3
5614.2
12666.5
6912.1
7759.7
8139.6
5016.1
2995.3
5240.2
1096.7
2332.1
3651.9
1490.2
1433.1
3404.7
2671.0
2853.1
3436.0
1909.7
4277.6
794.8
5701.9
4434.4
3533.4
17372.7
2741.9
4636.2
3905.6
6000.9
4166.5
2641.6
3983.2
8702.3
3202.4
4933.8
17270.2
8137.3
4393.2
2775.8
6010.1
2574.9
2958.9
4907.9
1576.0
3796.8
135949.0
860.9
979.3
3585.1
6024.5
3667.6
3683.3
2625.7
5445.6
2303.8
5413.5
4410.0
5689.7
4127.7
3758.2
2787.1
5864.6
5784.8
8854.7
6043.4
3250.7
2499.2
5231.7
3291.2
5851.6
7539.5
1189.2
3811.1
3543.3
6112.5
2859.3
10254.4
3209.3
6636.3
4971.5
4882.7
2289.4
5290.9
5481.0
2302.3
3607.0
2441.6
14176.8
3065.4
14187.5
9403.9
2498.5
3392.7
4495.1
2654.9
21343.6
3048.4
6616.5
3724.3
3180.0
2461.7
7252.7
4425.1
6015.9
6152.2
2358.5
9755.8
6279.3
4691.6
11204.6
5711.8
3060.5
2595.2
2861.7
2769.9
19096.7
2869.0
1227.8
3818.6
3085.9
7920.4
3365.1
3512.9
5103.1
14910.7
7572.4
15789.3
2625.2
4314.0
4934.2
13256.7
6260.3
2873.9
3940.9
7608.2
2560.3
3896.1
40345.3
3797.5
2421.9
879.2
5903.3
6181.9
4953.8
4524.8
1842.1
4256.5
5068.0
4340.9
3122.5
2706.1
16768.8
5373.7
5600.5
2273.4
5292.0
2771.6
13192.6
4892.9
5751.1
6778.7
4263.1
6567.8
2437.6
2528.3
4516.8
2666.1
1084.7
4774.4
2842.6
8145.6
3303.3
3373.5
3667.1
3050.8
5929.2
59414.2
2662.0
7607.4
4769.7
3485.7
964.8
5799.4
2309.5
5203.4
1988.8
2347.5
4022.7
2823.6
6056.8
3203.4
800.7
45537.3
1317.7
4011.2
11851.7
8352.8
4074.5
11555.8
9980.3
2269.9
4097.5
2971.4
8452.1
5773.2
2302.8
2733.8
4413.3
17226.9
5359.9
877.7
13279.7
4805.4
11039.6
3063.1
4906.7
3480.6
11243.6
934943.0
2509871.7
1410487.5
1723879.3
1804644.9
3004078.0
333927.7
1928966.8
2738577.3
149808.9
1648988.4
276855.2
713812.7
319614.4
2069247.6
2209755.9
1215317.3
2454828.0
505992.3
11703.2
201052.8
88056.5
712665.3
564349.4
419015.5
2270034.7
747461.4
42951.4
119706.7
276949.5
358924.8
153753.6
318479.3
748639.1
46699.6
924810.4
589941.7
105969.3
27078.7
393669.7
441156.0
299618.1
1218125.0
94140.5
1414374.3
71181.7
743562.2
440163.9
704548.4
38688.2
1997172.6
1381806.2
158451.2
312604.0
504985.7
1079206.3
151018.9
559281.7
627814.7
720066.8
46954.2
2252663.8
231458.7
216204.3
289340.4
191373.0
156434.9
192397.4
419037.4
56858.2
970970.8
254557.7
62755.0
155942.6
1890418.6
2232375.8
1040958.8
2699927.0
541933.1
2029569.6
1057330.7
114290.3
283989.9
354235.5
30107.8
48863.9
1856247.9
3010881.4
45368.3
554545.3
220949.9
43112.0
99350.6
159710.9
79947.2
646187.4
221622.4
56615.1
249450.6
634466.5
58628.5
354665.9
146571.8
8418.5
2639277.2
1069352.4
1886539.3
89194.3
26664.8
151941.7
838380.0
185087.1
531087.9
18489.5
32171.8
440088.6
172292.1
1093566.6
435290.8
187588.9
272530.9
2564486.5
4713867.0
1183139.1
4797162.4
1100650.6
731574.1
1936367.2
399216.4
562384.8
64495.2
637929.2
310396.2
661383.3
516301.5
24480.9
56328.2
372392.2
88568.1
323161.8
231722.8
354735.3
178624.2
355598.7
868565.6
250803.5
84708.8
35908.0
1713346.8
146808.1
338196.8
856799.0
756596.3
619664.8
214473.3
828530.4
321929.2
5990232.3
73333.1
1714526.8
304137.0
255418.7
112032.7
2081233.3
1665646.1
281823.5
1011100.9
117285.6
21002.7
56059.9
2764477.9
2537279.4
551430.4
309235.8
925558.7
50974.7
20619.2
615799.5
146327.8
240416.3
265110.0
54775.2
2946618.5
849800.1
2249726.4
570956.0
1324418.8
1379388.5
307650.3
821117.4
478447.4
194311.3
419385.4
1969394.0
211952.8
571451.2
956436.0
508461.7
379441.9
1157041.2
286750.8
701312.7
167456.2
165863.5
226786.1
155549.4
8597296.6
254125.9
253133.4
81351.7
171462.6
258941.2
5431173.8
7458.3
634985.5
726103.5
85660.0
931274.9
104616.5
173774.4
199414.9
584256.4
346006.5
714482.5
1862438.4
159481.9
2565949.7
586520.2
63575.3
3659743.6
151345.5
671236.6
174451.6
243813.3
136429.1
2527378.6
146048.0
44584.4
143277.2
397387.3
126279.5
1020213.9
8281843.4
213670.1
670051.2
320958.9
366433.6
312541.1
1738996.0
44186.1
559023.5
2087828.1
372902.7
1371019.4
36276.5
179671.3
188658.3
9458.7
859041.4
67985.8
560590.5
357730.7
277705.0
56818.9
6020243.5
1323438.5
334751.4
384718.6
1048484.8
41355.9
1273755.5
1200168.5
1655000.0
651084.1
51999.7
620452.4
1116745.2
154659.0
373962.0
28528.6
224003.0
48887.1
805034.6
959861.3
10158.2
2057489.4
365113.8
317531.4
6111051.6
2279352.4
170878.0
1940096.6
1471290.2
258877.3
189644.4
80751.7
366101.8
626263.2
22406.2
97900.9
159055.0
61973.2
1764507.9
169207.5
414921.1
160208.7
104800.9
868111.4
521117.9
158152.3
43921.7
605127.4
1036997.7
527124.9
537860.7
435790.1
678937.5
2454720.6
327806.8
43440.5
2650340.6
28781.1
541669.4
9635.4
201402.4
913248.5
197021.9
3026275.0
72061.5
2022852.6
1397076.1
140072.6
60925.6
14385.6
7397.1
280731.8
308258.4
243364.4
224769.8
62491.3
738260.7
2301914.8
489749.9
79893.9
909861.3
221985.0
1622397.8
964706.8
146706.6
1801346.8
8180951.2
52090.0
118279.4
946919.3
229676.7
53649.8
4891890.5
245880.8
269951.4
760500.9
22484.9
78265.5
16994.2
536213.0
180579.6
55157.1
74627.0
68390.9
61767.0
939204.4
8964.0
37147.9
2062334.6
