1094.6
5307.9
1151.4
4010.0
2427.4
13581.5
943.5
3458.0
2852.8
4140.6
2424.8
1959.3
1369.8
5870.7
4934.1
7491.8
3361.8
994.5
11637.7
1345.6
2366.2
3767.4
5633.1
2919.6
218197.3
3171.8
8207.7
3799.4
14241.4
2413.4
2679.8
16278.9
8881.0
6043.6
4592.6
15433.1
1095.7
8545.4
947.9
3703.6
17489.3
1193.0
2840.8
2590.9
1197.7
3806.0
2798.5
4769.7
4772.9
5210.4
5791.1
594989.3
2920.8
5941.9
16454.9
4947.9
6008.3
3560.5
2898.9
303.8
9367.6
2753.8
4105.2
2825.8
3017.9
5377.5
15250.6
7395.2
3700.6
6524.2
5354.4
14095.1
2539.7
2775.5
6791.3
3798.6
13712.2
5561.4
4949.1
3336.8
4657.5
1084.7
3742.6
2721.9
16762.8
137923.3
6766.7
7053.7
1036.9
5547.7
6057.1
2564.8
13120.0
50254.8
1778.7
3126.9
1811.8
13062.7
4384.5
8770.3
2355.8
4045.9
2294.7
2705.7
3339.4
2485.6
35530.9
6063.2
2399.2
9222.2
986.1
379259.3
7248.8
7483.6
12417.9
5273.4
12943.9
5398.1
4889.3
3774.9
3849.8
6330.8
2978.1
1206.9
1523.9
2849.2
3017.3
1692.3
12380.7
2390.7
2529.1
7470.4
4217.0
6544.2
10757.8
6032.5
6165.1
12172.6
13050.8
2971.8
3807.7
3031.9
4283.2
3598.8
8394.1
3475.9
3178.5
3575.0
3074.0
3480.4
28122.8
54723.3
194161.6
5717.8
33405.6
42228.2
3944.1
11223.9
1814.3
4595.7
883.3
16882.3
10897.1
2439.4
15058.9
2319.9
9450.4
48885.4
2714.9
2820.5
4471.1
2433.8
7685.9
1112.8
1729.0
7920.4
3156.5
4013.2
3486.2
3103.1
15672.5
2824.9
2834.7
4213.3
5227.8
6789.7
12124.4
3208.4
5142.1
9363.9
4354.8
4193.7
2846.1
4947.1
5062.6
4747.2
1597.8
6655.4
14066.7
4569.8
4057.9
3657.6
2398.2
3483.5
6223.9
4288.9
6838.5
1441.6
4173.0
2022.1
4768.9
1773.5
5233.8
18111.2
7855.9
11657.2
2951.7
4756.0
5423.0
4217.0
2792.4
2441.5
10637.5
4808.5
3488.8
9962.6
3983.5
2260.1
5087.6
3245.3
61365.2
5220.6
5236.8
5130.1
8434.4
2708.4
2393.4
4958.2
8785.7
13778.7
3536.1
4075.4
2754.4
13981.0
2629.5
2314.0
6886.1
6303.4
3421.1
17049.5
2397.6
7966.1
2449.2
14594.2
20406.7
3669.0
2719.1
1891.5
80559.3
2437.8
4180.5
2653.1
7599.2
4917.5
803.0
3845.3
4332.4
2831.1
3212.5
8538.7
5867.9
8811.1
2398.4
3395.9
5276.9
3764.0
5736.0
59515.4
3385.1
11595.7
5109.0
3763.5
5140.3
2844.7
7185.9
6037.2
8382.2
3682.8
2483.9
4648.3
3508.5
4909.4
260046.5
4172.1
3907.2
4036.0
7355.5
3049.0
3977.3
1328.0
4619.0
6122.6
2583.4
5455.6
2296.4
1389.2
2797.2
3825.9
3199.2
4543.1
3926.1
2717.3
4270.6
5984.5
3094.4
2139.7
5864.8
3645.6
7701.0
5827.1
4421.3
5065.9
3114.5
2751.6
3001.3
16624.5
12846.2
1230.4
2312.7
5932.0
2525.9
4611.4
4755.1
3176.1
5152.4
2896.5
1994.7
3327.6
5414.3
5589.0
4252.4
5180.5
4021.9
6087.1
2872.8
5579.6
3867.4
3213.8
4153.6
3360.1
32443.3
3289.1
2307.8
3606.2
2345.4
2887.6
4765.3
23460.2
3587.8
5951.2
4077.8
16236.8
3266.9
5695.5
4544.7
4061.4
3146.8
4584.5
4095.6
3155.9
2440.3
24868.8
2271.5
11476.7
3457.5
4702.5
3553.5
15126.4
2717.9
3013.8
6322.9
2107.7
6189.9
14559.7
1502.4
5312.6
1218.4
2551.6
15844.4
2343.8
2760.8
16683.3
3755.4
4254.6
2623.6
6233.4
1576.6
933.4
6997.9
4391.5
6402.1
3283.1
4705.0
5326.8
4967.3
6703.8
2528.0
2777.7
4604.7
11139.1
3609.5
5470.7
5463.3
2725.1
5015.8
2986.0
3099.2
2374.4
6202.7
3929.9
17153.5
3796.7
3783.5
1699.0
1698.9
3225.7
3408.9
4731.6
10774.2
1301.7
2515.5
2466.5
2674.2
7293.7
4145.6
7704.9
1636.5
5170.7
11226.7
41240.4
3392.7
7862.1
4498.5
3916.1
3768.4
9534.8
4990.7
5550.0
2395.2
10589.5
2969.6
7295.5
65554.5
3376.4
3869.4
6063.6
3681.2
3082.7
4294.4
2495.9
2362.1
7295.1
5519.4
2658.6
44738.2
6232.0
12503.6
5986.0
7749.9
3560.1
3199.1
3153.9
2898.6
2358.3
5187.1
5797.9
17091.5
2433.8
4469.4
36994.3
1147.1
4816.2
4317.9
4425.5
6211.4
8385.1
6058.3
11451.6
2530.2
8092.5
2040.6
3746.9
1445.5
9822.9
4461.0
3783.0
21082.3
8502.8
5523.9
2900.6
2335.1
1515443.5
7405.4
348010.8
2384311.7
626586.8
3003342.9
850731.3
2266502.5
155190.5
637663.2
599975.3
148943.2
1749383.7
1345964.2
3134241.3
777428.7
288046.4
2614061.8
2656972.5
3041060.5
651127.9
2360518.7
461378.4
61833.9
53853.7
127095.3
323939.3
1118893.8
1380402.6
1869040.5
244707.3
196298.6
10001.5
406285.0
1253122.6
55130.9
295769.7
113599.6
1216411.6
54020.6
1231065.8
145469.2
314017.6
149618.1
2269029.1
548689.3
174382.5
330761.4
452362.7
517367.8
58277.3
8546.4
279757.9
539113.0
223110.2
475540.6
2699194.1
1622275.7
2208839.1
1285251.3
1259006.7
218249.9
1309264.2
569433.4
405101.7
3728394.3
8332946.0
481344.1
1507133.2
16760.7
414911.3
515332.0
1775753.2
482377.4
1045033.5
18249.2
496493.7
2541662.7
6913.6
1541563.1
589146.5
132421.0
38654.8
1444542.6
74381.6
19681.5
928849.4
110168.4
142284.1
50135.0
1938751.0
251064.0
2651425.6
12859.5
76018.5
969845.7
344334.2
764373.9
185834.1
39199.2
235544.7
2511267.3
593653.5
418540.5
1006138.5
59536.8
58669.9
131879.8
204690.7
246800.4
855846.5
756730.5
2523032.3
170399.9
81968.5
438321.5
236507.0
1037686.0
1073133.2
3031800.8
193625.0
798377.2
1086608.0
1060574.8
62898.4
490819.1
292788.2
83300.2
145568.7
198427.9
426585.8
431476.1
1511237.2
1358622.4
352068.8
15544.3
295777.3
166377.8
2002755.1
238630.1
208689.3
242278.7
516797.9
31957.0
331228.0
72707.6
2573930.6
1016932.1
59932.9
579303.0
262672.8
42265.0
148095.5
32984.8
757669.9
110286.0
690325.9
1581532.4
662747.6
233228.8
2962888.0
681428.5
2684856.8
25283.3
4476751.3
67627.1
46798.7
444777.0
2567102.8
201078.8
508319.2
8564004.2
231391.5
162743.8
385716.8
23546.0
1078979.2
787548.8
431562.0
318336.2
248889.3
16962.9
449001.7
898993.1
1289077.9
494116.1
406347.0
24818.4
963643.4
273620.2
17024.4
338242.6
659335.2
45832.7
274256.3
1960152.6
50415.8
22441.3
905292.8
477200.4
443379.6
1580721.8
187648.7
100873.0
276692.8
74417.0
574747.1
50784.9
534825.4
1491287.5
1132128.2
291009.6
602517.2
1572943.8
2730768.7
108961.6
537590.7
2324052.1
135667.9
2887190.6
693246.2
30377.7
2647801.1
1103045.4
374017.5
2899534.5
152328.7
1056590.1
51793.8
3138383.0
574594.8
100281.7
1118544.4
6196270.6
4737394.7
65026.6
141575.3
325894.3
496856.2
108850.3
165452.2
665863.0
891471.2
220275.9
1023082.1
52285.4
53466.8
472110.9
623692.1
608465.8
1195839.0
478801.8
932202.1
224101.9
1069216.4
158904.1
245458.9
2951475.5
69298.2
823523.9
90631.0
430906.6
33658.2
1051836.0
136677.2
69739.4
158417.4
701691.0
477793.4
191813.0
73141.1
678951.3
2242799.4
148616.0
1009167.3
2956045.2
614145.0
43049.3
737919.3
82357.8
67275.0
2736186.6
3007790.4
384400.5
1915621.8
289868.1
149882.7
503332.1
198056.6
2903802.4
164342.2
1322255.2
772353.3
209308.3
623743.3
1272683.8
845745.2
32869.4
1374971.5
1866173.1
454565.0
1348344.8
151311.8
5525804.6
2801105.5
54096.9
136918.3
721197.1
143553.9
108668.8
141845.8
373815.4
70226.7
16000.3
760794.7
103452.9
1882430.5
797563.0
23903.1
5609964.7
17845.4
1576580.4
249147.9
55287.0
1701473.0
4949866.0
548949.0
1065565.2
290193.3
1207836.7
1787383.7
502071.9
876729.1
17824.6
1133179.4
2010650.8
240030.2
2899257.7
623196.6
1781672.7
809964.1
125831.5
1546222.7
266812.4
1413209.4
1454875.7
45186.1
434611.3
2707058.6
73342.8
2160992.4
234933.4
64215.7
88056.6
20366.4
1649444.2
414703.9
211870.6
198972.0
744870.6
648188.3
854128.6
77954.0
204205.9
1095839.9
840661.4
217120.2
654107.4
625252.4
579638.8
72198.6
133086.3
1194121.5
