3771.8
7028.6
5142.2
3667.7
16380.2
6189.6
15006.4
1262690.0
2933.7
9281.3
24539.4
6272.8
2315.8
8896.9
24556.9
3425.5
5750.5
2141.3
3195.1
6190.3
4724.8
4811.2
2434.6
2331.1
8465.5
4297.9
4874.3
3235.7
9659.2
7572.4
6813.5
3031.7
2571.5
5971.7
5193.4
4189.4
2785.3
3443.4
2586.9
5258.2
4881.2
4129.5
42118.5
13781.0
2897.3
1687.2
13384.2
6221.6
3492.1
3403.5
3076.9
2374.9
3562.2
9084633.8
4061.9
2816.5
10116.8
13756.8
4468.4
3997.1
13500.3
137292.2
1256.2
2726.6
2742.2
2478.7
2932.1
3543.6
1407.4
3585.5
110381.6
4687.5
3780.2
3175.8
5502.3
2785.6
3443.5
4074.9
2534.6
4876.6
10637.2
1848.7
9568.0
5102.1
2715.3
3943.2
6198.8
971.2
2863.8
6013.9
3465.0
2380.0
10963.9
2397.1
17549.6
5643.1
29998.7
11706.3
3119.6
1090.2
2689.6
2631.1
6600.4
3019.9
2595.6
14359.4
6102.2
2789.2
3649.5
2892.2
2642.8
10921.8
6874.3
5958.0
14668.1
4395.4
2933.3
4999.7
891.3
9491.1
40228.2
2385.9
2545.4
3103.7
3503.4
6232.4
5320.0
4967.2
14764.1
6651.3
3526.6
4939.7
2602.0
13194.9
5425.0
3896.4
4192.1
11219.1
6801.7
4455.5
3926.0
2924.0
2506.7
2297.3
4638.5
3234.0
3033.2
44691.2
10308.5
1327.9
4715.2
7788.5
17257.8
1092.4
3267.4
1295.2
5733.0
1472.4
1271.0
3289.7
7057.7
9850.8
42560.8
1507.6
4385.4
2983.1
6986.8
2188.5
2681.3
2228.6
2260.1
1883.1
7208.8
5300.5
3294.4
3056.7
927.7
8718.8
1888.8
3381.2
5767.9
7690.2
2417.9
2240.5
4599.8
4223.5
5135.5
11752.8
3634.1
3442.0
3230.9
3841.2
3039.7
10221.7
8816.8
3403.4
9670.2
2937.0
2709.2
2262.9
2943.8
1374.0
8465.5
7101.7
12597.5
3866.5
5783.2
5610.2
3658.6
13467.0
4455.0
5322.4
8990.8
7530.8
4600.9
16794.4
14641.9
4454.2
33765.4
6123.7
3963.2
3053.6
4320.2
2523.7
2344.1
2996.6
934.1
2628.9
2805.0
5161.6
4842.2
6229.1
14313.1
3671.1
2329.8
2256.8
8096.8
5579.9
36661.9
6166.1
6881.8
4371.2
2928.8
3265.3
3114.3
3638.4
4629.0
2354.1
12297.1
16784.6
9206.5
15562.1
7971.9
5363.8
3998.2
16042.2
6128.3
6229.7
11903.7
2364.4
40020.2
2578.1
19470.6
9559.9
65704.5
3858.6
1090.6
3302.4
2386.9
3478.7
5005.1
4877.0
9404.3
9301.5
3770.6
4095.2
17068.8
8271.7
2302.3
2241.9
4660.8
2301.8
1797.2
13617.9
2808.4
2817.8
5724.5
4609.7
2425.8
2875.1
4828.2
4333.6
4656.4
8513.6
9280.0
3087.1
3666.2
1211.8
4233.1
2803.6
4466.1
4454.3
2896.1
867526.5
3475.4
2908.5
2939.8
4009.9
107216.5
8670.2
3719.3
4141.2
2749.8
5702.9
13050.8
12782.9
2372.2
2270.2
4333.6
2408.7
11283.6
17252.9
2318.2
2449.3
7791.1
6240.4
4927.4
3380.5
3010.7
3382.3
2563.2
3741.2
2645.8
5723.7
8054.1
3168.9
4571.1
7964.4
5297.5
2791.6
4058.5
8451.1
2271.7
5066.7
2369.3
3359.0
6051.4
2856.2
3007.4
1125.8
12370.4
4283.1
4947.6
13324.8
15178.2
6175.9
6852.1
3044.1
1175.5
7783.2
3456.7
12475.1
4038.8
2309.4
2968.8
5429.3
2428.6
6186.4
3627.0
2379.4
12377.6
2945.0
5786.7
6181.6
6765.6
4558.7
3960.8
2647.0
2286.4
4442.0
3618.5
2720.7
3271.8
9736.2
51896.5
5227.3
13274.4
4012.0
3081.2
3246.0
2543.1
11478.0
973.1
7289.1
226701.9
1045.8
17066.8
2864.6
5937.5
918.6
2504.1
5994.8
4862.2
6133.9
899.0
5456.4
5976.9
3957.9
2799.6
28335.6
5077.8
4597.6
4871.3
2876.7
3047.8
4922.8
2241.1
5474.6
5519.1
4779.5
2942.8
3570.7
5134.0
3833.0
6295.1
2525.7
2402.2
5478.0
15094.1
3509.1
2397.5
4000.5
8615.0
7511.0
4437.0
3860.4
4622.3
4928.6
14991.5
2938.3
3916.9
568385.2
4606.0
12951.7
5468.0
3368.9
3551.2
17070.0
1439.0
3051.0
3677.0
15236.5
7780.0
12363.2
16136.1
3025.3
4204.5
3524.1
4422.8
6884.5
4806.7
8095.4
7775.5
3596.9
3850.0
5186.0
7346.8
4144.6
2937.5
1047.6
11608.9
3549.6
4741.3
9079.8
4972.1
1059.2
179960.5
43607.5
3481.8
3685.0
4738.9
3773.7
2368.7
8949.1
2440.4
99052.9
2887.7
2841.1
6037.7
4021.5
16176.4
4006.0
4216.7
5297.4
2688.6
3291.8
5090.8
2368.1
3853.7
5710.5
5169.7
565995.0
1943724.0
214895.8
909141.4
175675.4
1041717.4
714397.3
567212.6
254800.5
2213461.6
2365393.1
219320.3
2928584.0
21255.5
603168.3
2460589.3
169045.2
67817.0
112717.5
3866318.0
7554.2
14203.4
668035.0
4160493.2
79599.2
38550.0
60199.6
150786.5
3120222.5
3125197.9
524272.1
8050202.1
606443.1
792141.7
1011748.7
172567.5
215388.8
138787.1
204597.2
2429536.6
861642.2
175529.8
939390.1
21641.5
967080.7
428352.6
656350.3
268568.5
473328.8
2972451.1
173621.5
982413.7
26584.1
177004.5
5353565.6
278047.7
43527.2
394250.6
43323.6
2659239.1
1857034.3
1695394.2
1086800.1
2628680.2
48986.2
3122056.2
211228.5
780664.3
43403.0
874164.1
166424.1
254243.5
80969.1
1985488.6
376565.6
30369.3
2991750.7
613279.6
137829.5
2602545.2
311887.3
2802827.6
1187717.3
555598.7
34473.7
2811934.2
944897.4
3047638.1
966942.4
59636.5
1258606.0
168705.5
459231.5
7416.8
67246.4
2340648.4
19622.6
26075.5
2812082.5
873442.2
7324440.6
239625.8
182417.3
232316.4
86495.4
192987.9
1722683.3
572333.2
636024.1
247019.1
106216.4
46531.4
2288892.9
2074278.0
297792.0
504928.5
72068.0
276831.4
435765.4
1851591.1
246239.6
1321030.6
581125.0
1493821.4
788946.8
775034.1
78418.9
226211.9
271412.1
239515.8
258243.0
237269.0
948643.6
753900.8
1065971.7
294555.5
2020803.3
720256.0
953058.3
331884.1
253366.3
5444981.4
445117.7
1001516.2
362671.8
138924.3
286116.6
28181.7
75250.5
60903.9
225905.9
1547903.2
381462.4
705036.9
1348246.7
873958.4
465273.4
653815.3
71356.4
678400.5
235069.1
293104.0
158342.7
1061478.0
157727.0
664365.9
2850927.7
18870.6
3782447.8
413402.8
32902.5
510460.9
440521.4
2563756.7
2501294.0
10228.7
68211.9
348273.5
173570.4
838589.5
689778.0
105811.5
1902056.4
42429.6
2554787.7
321038.8
476448.2
185191.8
289916.8
69322.3
78092.1
3109103.7
805047.4
470910.9
32766.9
81759.6
240227.1
678241.9
2155331.5
721239.7
203865.6
3072137.9
1258635.5
568099.6
18759.3
433807.0
174720.2
136904.3
1254852.6
237116.7
575925.8
18576.9
342765.0
411035.7
1052573.5
70669.6
2107112.9
889105.0
229027.0
169145.0
251090.3
101690.8
180685.1
1675390.6
41774.2
181098.5
236034.5
555187.8
119766.4
128488.8
312949.7
430640.3
773486.1
394503.5
1152461.9
391840.6
373610.5
210153.0
161064.4
808516.0
1597234.4
500131.4
94769.5
404900.2
838019.6
358557.0
1042324.4
248348.8
930035.5
90032.8
52745.6
425391.4
419761.0
88513.2
823934.8
117113.8
181563.8
282358.9
74641.5
2909411.5
1870077.8
95669.8
215167.9
1291650.8
182651.4
543992.8
888437.7
281101.1
248909.3
18720.2
58019.0
1303704.1
1082280.0
708628.5
1769885.6
610305.9
528306.3
1363393.8
840998.3
18252.4
192644.7
337484.3
250600.8
69004.8
1797048.2
60526.0
345819.5
49410.7
756604.1
393402.4
565258.3
793662.4
72574.4
1721534.3
558239.2
771691.3
950413.9
434941.1
1035945.9
449273.3
239077.3
224217.6
204456.0
115148.7
43540.7
344456.1
14153.9
461577.8
1874791.2
1754679.3
2135642.3
3037.6
1511182.1
606980.8
1905985.8
559302.8
105779.5
26785.2
551915.0
286349.9
979296.0
178341.7
487863.6
1017838.4
91821.0
97721.9
9695.4
761294.1
253153.6
157881.8
65792.4
7361.9
364897.8
141973.0
745893.3
681513.0
1014202.3
146088.4
325586.0
379549.8
176919.5
660025.2
258360.4
624584.0
216117.6
2892562.3
1189586.5
21860.9
819619.4
440475.2
281522.0
2885340.4
30519.6
641302.5
7233.8
711653.2
760654.9
245458.4
278436.0
308779.7
524848.7
290318.8
1643464.9
39211.3
158960.8
117145.2
192562.9
478551.1
1019106.9
644291.9
566283.8
1076547.2
1035339.6
