2681.5
3383.6
10597.8
4786.9
5398.5
3790.3
2791.4
3335.6
6060.7
4268.4
4122.7
2544.9
19011.7
10467.7
4617.7
2958.7
3227.7
2467.4
5822.5
7587.4
2254.6
196921.7
884.3
6170.8
5343.6
923.9
2571.7
3456.4
5948.5
6463.2
2747.7
3715.2
5851.2
3984.1
2896.8
5451.9
5108.9
4188.2
3996.8
6996.2
3388.2
4277.0
5569.9
2390.0
3727.7
3135.6
3892.4
5910.3
1178.6
3267.7
1253.5
1329.7
7994.5
3563.9
2411.3
1842.1
20590.3
8414.5
4696.5
2625.1
12612.9
3917.4
2398.1
2818.9
854.8
11309.0
4886.2
16807.2
9080.4
17722.6
11934.2
3705.9
2985.0
2895.3
5931.1
2263.4
21271.8
2483.0
997.7
3319.2
5482.1
18372.6
43677.6
11420.7
3538.1
4374.8
2673.2
3261.9
1354.2
2852.3
10058.2
5317.7
1162.5
2657.0
3784.0
4720.4
842.3
44650.6
1669.0
2394.4
6083.9
5796.0
8136.3
2269.0
4100.0
11812.2
8467.1
11768.9
5633.8
820676.7
126171.6
2332.1
2344.9
11681.0
2406.2
4690.1
3360.1
13114.7
2388.1
3888.3
2629.1
2498.2
2255.3
14426.7
3151.0
2411.1
3526.2
3394.0
16623.3
2204.4
1599480.6
6271.2
2866.5
4419.1
11298.5
2618.2
2024.0
3970.8
2424.9
2858.3
10669.1
25480.9
13844.5
3420.1
5982.7
6195.3
2128.8
2262.7
2381.4
3253.3
4909.9
4975.3
3031.9
7995.7
15674.6
2152.1
4175.2
4454.7
8047.0
48535.7
4776.7
3571.1
2243.6
9765.1
3000.6
5305.1
4476.9
3146.7
3079.4
15571.2
7280.7
2386.9
5644.6
3173.1
5768.6
5354.4
858.0
17429.9
3207.6
5947.8
1415.2
17250.2
6582.5
4365.0
2895.9
5235.8
3274.3
4206.4
2311.1
45579.6
3037.2
4021.9
2446.9
4081.0
5403.9
11549.1
2560.5
12278.0
9656.4
2815.9
1484.0
9818.9
4982.7
2517.7
799.8
2265.1
3992.1
2383.7
3507.1
397282.1
4825.0
3630.0
4927.2
3145.5
5476.9
5000.6
5396.5
3449.4
4451.8
12172.0
7390.9
2554.7
14652.2
4458.3
3753.5
9810.9
4897.8
4488.2
4321.7
6731.6
12281.5
17353.7
5558.4
2748.1
2850.3
3426.4
1568.8
17337.9
3073.5
3929.4
2559.1
2527.0
10998.8
3700.3
3601.3
4513.1
6028.6
4398.4
1706.1
8604.7
3397.7
4219.5
7505.4
7050.4
8512.7
2873.9
17292.8
8210.8
3634.9
10695.7
2500.8
3734.4
8711.2
5005.8
3931.4
4898.1
5227.4
7198.5
2548.4
4815.9
3700.1
4269.0
6204.9
3705.6
6276.0
3249.0
3735.3
2943.1
6926.2
5957.5
4325.5
2660.5
15726.3
2551.9
17055.6
18827.2
16938.6
4338.6
3989.9
2584.2
5571.5
13947.6
2378.2
2993.1
6895.2
3979.8
3998.5
2667.9
3238.4
3328.9
2477.5
5931.0
8921.1
4391.2
4864.4
11311.5
2248.4
982.0
3143.3
2589.4
3573.1
3266.0
2763.1
2660.9
4356.1
12470.7
3192.1
4012.2
5326.2
4741.6
3968.1
9243.4
1435.9
10200.4
1348.2
1276.6
4989.6
3425.7
2938.5
5661.3
16511.7
2412.3
5650.2
2678.4
6474.9
3679.2
3412.6
128354.0
5542.4
2270.8
3171.4
2530.1
4092.6
9176.8
2386.0
1871.2
7523.1
3621.8
4106.6
6094.0
3197.8
1762.4
3673.2
1789.2
4542.1
8978.6
4705.9
10459.3
333915.9
10785.6
3050233.0
3101.8
5676.7
2247.7
5351.2
1536.6
3053.7
1280.2
3714.5
3155.0
4091.5
823.6
13490.7
2534.9
2508.0
5308.4
1947.4
6294.3
2904.2
4319.9
6181.6
3426.0
878.8
1252.2
3746.6
3965.5
6991.0
6551.1
3493.2
2631.6
4016.8
7490.3
2372.4
8087.3
2381.0
7892.8
2319.6
933.4
2361.0
3029.5
10648.8
6189.5
10175.0
49911.2
2599.5
6092.9
4778.0
3723.4
6277.0
12039.0
11647.8
2550.3
5498.1
3022.4
6304.2
2922.5
2473.5
4835.4
9053.2
3898.2
16664.4
2393.0
2312.7
5584.4
5953.9
4999.2
3681.6
2270.2
5596.4
3835.8
11243.9
4464.4
5330.5
14153.2
4054.9
17522.0
4052.5
4749.1
2419.1
3393.9
4771.9
11861.6
17543.4
3169.2
8069.7
16336.8
3817.3
2771.5
2425.7
3493.4
16638.1
5393.6
2423.7
3751.2
4037.8
3159.4
3957.7
2695.7
2522.5
2396.5
5391.4
3688.3
12377.2
3264.6
3242.7
3324.1
12106.7
11567.4
6029.1
7116.7
3740.9
5768.0
1320.0
5943.7
7144.0
4909.4
15516.3
2768.7
28744.6
866.1
6448.4
5246.3
2243.5
42931.1
9932.5
3025.2
3247.2
1641.4
10989.6
6889.6
5796.2
5116.1
3905.7
3976.7
2741.2
8847.4
4408.0
4227.2
3491.2
2412.9
32935.1
671299.4
3139933.8
2088913.1
494420.6
601221.2
43812.8
218150.0
14282186.5
19942752.0
12320836.1
3717696.9
3072594.7
846778.2
2486278.2
22911449.0
1112046.1
478775.8
14270242.4
1754944.9
470126.9
723483.4
1234907.6
1660387.0
1121515.3
390167.4
52340977.5
485332.8
205358.9
60997.7
3041545.2
1628129.0
246753.6
2841559.8
673432.6
535205.5
465291.8
50484.4
1001154.9
1160760.7
545959.2
11136.6
2154006.9
108818.6
406503.8
402376.3
1919028.8
127890.2
1691286.9
251625.8
155061.7
1877235.1
619526.5
329382.1
404180.2
126567.7
753019.0
565486.5
8568.6
113927.5
676497.8
326502.9
487159.9
1057274.6
762173.5
954998.3
199671.1
1713515.5
32595.1
653210.9
74518.4
157692.4
142253.2
154250.9
625425.4
259163.9
312686.8
1110488.2
1472717.3
688278.9
215138.5
8468.7
1502777.0
1274162.9
802515.5
594744.5
502792.6
162769.9
576265.2
996585.3
197008.0
22506.8
58767.6
1295242.9
144892.9
167464.7
7876.6
605550.8
67248.5
3407.1
88989.5
629570.3
675205.6
2071782.6
147149.5
168758.1
1810307.2
84575.5
105668.2
95785.3
1029086.7
1884115.9
273523.6
214678.9
269535.9
96848.7
283307.2
440091.2
2266343.8
90599.2
95609.8
1085027.6
344943.5
692117.6
359660.9
1624683.2
94559.4
1089070.9
102932.6
321591.3
3605791.0
92178.9
1556777.9
862122.9
955342.0
18376.0
919390.9
125165.1
545393.6
72643.5
59948.1
307019.2
153553.6
107601.0
2164796.5
60693.0
539969.8
1715595.9
133782.0
2507248.0
166501.6
241911.9
21995.5
340054.3
449384.6
421462.9
8068.7
1925491.6
1872002.6
2356438.4
402187.3
576604.4
380127.1
80253.7
124537.1
1164303.9
2965456.2
63685.6
131047.1
789825.9
2078253.7
310845.5
133102.6
79088.8
2605784.6
63497.1
28061.0
1364095.2
1080557.5
1236819.8
397276.0
116264.6
645347.0
80993.5
1959630.1
39881.1
1449389.8
916400.3
190228.4
711782.8
380041.8
438732.6
2985470.8
3115725.5
42834.9
8453849.8
423707.4
303056.1
2415625.6
415230.3
453074.4
2988157.2
529697.3
30294.9
1004145.3
913920.2
205033.1
484244.4
52297.3
77282.0
2692011.4
594778.4
41421.2
85741.9
352626.9
167479.3
404830.9
163169.1
1198924.2
56992.1
1662468.1
342382.8
364856.3
1523655.0
20860.8
586226.5
59341.2
21962.7
1324286.6
315756.2
2013836.8
61535.3
310893.8
107786.4
147609.5
163742.6
340037.4
724208.6
73592.3
1224229.8
38711.3
436002.6
736649.7
87502.2
677226.5
393619.8
7352276.3
95758.4
300925.7
167313.1
979947.9
298485.3
81006.4
580811.7
31444.5
3399.6
115534.8
50227.2
1841537.2
2112512.7
185467.3
184048.2
201545.2
639106.7
2174731.6
221543.6
316630.3
181230.6
545012.7
64409.8
63777.6
71480.8
293253.6
315760.9
154425.6
62555.6
497580.4
377958.4
169551.2
2615704.4
2880622.7
2836413.7
33345.3
19460.1
85031.0
152796.4
239574.4
889252.1
327140.1
638285.0
2522265.7
61904.1
1887539.6
51794.6
1805768.6
92489.3
253018.3
945525.9
174512.8
207364.1
622344.9
535967.9
930892.3
1759162.8
745616.5
789053.3
1467897.6
2054919.0
434313.4
288408.1
33195.4
66308.5
181949.7
1573594.9
82079.3
76690.8
576909.3
37585.7
2384631.6
118859.8
72649.9
316171.4
56659.3
167143.4
270106.7
689280.9
546767.9
49996.4
160674.9
107127.5
40486.9
528850.1
1069443.4
445011.1
96026.7
354755.0
789764.1
22897.8
191600.2
713695.6
111054.5
811359.4
35572.1
3027115.8
839109.0
945811.0
639220.3
2541079.6
323888.4
87307.2
60781.4
1842970.5
1245291.8
1645584.3
406233.8
585779.2
2098253.1
7083871.8
59117.3
473575.7
1074924.7
486992.7
237849.6
373235.3
517314.1
1772699.3
347146.7
1131001.9
1576612.0
108302.6
2868383.9
715783.6
164003.3
72195.2
