5428.4
10527.6
4073.1
4287.3
5337.0
1816.4
2792.2
5185.0
4241.5
4681.9
3040.5
7180.7
6881.1
1864.7
5639.9
2781.7
3297.6
2617.0
2961.5
10943.5
15760.6
3031.7
2310.5
13041.3
3597.0
3963.3
5221.0
3865.8
2803.7
5502.9
3138.1
4694.0
2358.6
2590.8
2811.9
1165.7
2046.1
2260.4
5281.3
3337.8
5272.0
6869.8
5485.1
11399.9
5489.6
2523.8
4841.0
16093.2
2812.9
7255.6
4190.7
3601.7
2770.0
5465.9
10506.7
3234.0
3320.7
9282.2
1351.2
15561.3
5537.2
7828.4
3337.8
6585.7
5316.0
4138.9
2260.0
5856.3
10100.5
2627.9
6123.4
3793.2
2527.6
11358.1
11114.3
4308.9
3740.6
3281.5
2758.3
2426.1
4195.3
4106.4
3843.5
7515.9
4702.7
10453.7
1374.2
4405.4
6155.5
5617.5
3713.4
18102.8
3970.1
12099.9
6515.8
5228.3
5114.7
4905.7
1516.0
2982.0
4641.5
2169.0
6250.7
15661.3
4725.7
1635.0
1242.9
4304.7
4138.0
3384.6
3740.7
11305.0
2687.8
17047.0
41771.1
2441.9
11634.0
14222.5
3617.9
4958.9
3930.3
4685.3
17462.5
2659.5
9467.7
5411.4
6263.2
2808.9
4180.1
2492.9
2507.9
4802.7
2946.6
5019.8
4117.2
13720.1
3386.6
2239.0
3946.5
15573.1
3438.0
7902.1
1647.6
3682.7
2249.7
4558.9
10859.2
4622.2
3748.1
2724.8
6118.9
15433.3
1917.0
4135.9
4817.3
5987.1
4189.1
6298.2
4782.8
3904.9
10181.1
2865.5
3120.2
2274.7
5032.6
5308.9
13531.5
4701.7
5597.0
5046.8
3857.4
4535.8
4629.3
4589.8
5815.2
10120.8
7467.6
2632.6
2394.5
2073.5
3003.2
341680.4
8621.0
5100.5
11397.5
33636.1
3321.0
10079.5
3096.2
4486.2
4577.9
8304.0
854.4
3331.6
8077.7
7545.8
3406.1
11704.9
4160.1
2866.7
1548.6
4199.4
14371.3
14446.9
5877.2
3455.0
3894.7
74579.3
2835.7
3412.4
8983.8
2254.7
6219.6
2189.6
3512.0
3360.7
2117.9
36374.2
1468.2
9926.9
1404.2
11690.6
3013.7
9775.2
3799.9
11639.1
10832.6
2727.8
4792.1
11784.2
9061.2
2716.4
14654.0
4328.1
5290.4
1138.1
17250.5
3219.4
1103.2
2738.5
3856.9
134065.7
2459.2
33326.2
3430.3
3857.7
3376.6
3067.4
4690.7
3557.5
5080.6
2941.2
2704.0
5703.6
4382.5
2584.2
2254.0
6118.2
4658.8
3602.4
3509.6
2933.1
6217.0
6982.9
60519.7
3912.3
8016.3
2906.7
10818.6
5203.2
3300.0
8971.2
5493.5
54748.7
13461.8
8937.3
40734.7
11406.2
5153.3
2993.7
3977.9
4461.9
3339.3
3063.4
5337.2
1423.1
3651.7
4248.4
5916.3
2419.5
3505.5
2367.4
2481.1
3322.4
3556.4
2877.7
21772.8
2526.4
11485.0
12397.3
8978.4
3444.1
3049.5
5432.2
4706.6
3907.8
3327.9
28576.5
4541.7
4351.3
4425.6
5737.7
2316.2
6951.2
1266.9
3604.2
5297.5
4826.6
12682.3
20455.5
5100.4
2181.5
3776.2
1479.2
16363.7
16811.9
6393.7
3887.0
2252.7
4320.8
2801.2
1049.2
9060.3
1432.7
1298.4
3650.4
6410.2
4942.4
13600.9
2360.0
2292.0
1185.5
2525.9
5523.0
3066.1
5739.8
3796.4
2945.4
2352.3
11681.4
4909.2
1452.0
3443.7
6509.7
5254.9
5779.1
2898.9
6728.3
5785.2
3112.8
1021.5
3455.0
5003.8
11083.3
35632.9
4531.3
5758.3
11299.6
4922.5
2118.3
2074.5
2244.4
4192.7
4062.3
2859.7
3540.7
18325.4
7364.3
1140.1
2803.7
16137.5
9880.6
3020.9
2357.7
2253.0
5659.1
2347.1
7650.4
2570.1
1458.7
5420.2
3110.0
5805.0
5388.5
3321.2
3538.1
2757.6
11284.6
1894.1
1781.3
3319.9
1588.3
5215.5
4304.4
1262.5
15751.8
3156.1
5537.3
3884.4
6196.9
3516.4
2830.2
1017.9
5987.8
5068.3
4178.8
1565.3
3443.1
969.4
2061.8
6641.1
2536.8
2336.4
1026.6
15767.8
74239.0
12718.7
4702.7
6616.1
3113.4
5484.7
2353.1
16479.7
4562.2
14917.4
5373.3
14253.2
5230.0
24570.7
4170.6
15553.3
5884.7
5818.9
3368.7
3285.6
5319.1
5278.9
3901.8
3965.4
7234.3
95029.2
4496.4
32705.5
2537.4
2518.8
5727.6
8951.3
4582.3
2947.2
2772.2
1718.2
3540.5
4734.5
3872.8
6067.8
7899.5
6246576.4
5368.1
4115.3
5767.0
5372.4
1967.2
2409.6
38140.7
2617.9
11210.5
87579.8
13615.9
6470.1
393316.5
2273.3
3651.8
3276.7
5418.9
829556.3
8343.4
4251.9
2575.9
4364.4
5066.1
4285.7
3814.2
4318.6
10559.9
6959.0
5117.3
5915.6
3828.6
2796.6
4989.5
3485.5
1949670.8
2326281.9
2905991.9
2870743.4
587612.9
8044007.5
839436.2
3704051.4
5109757.2
13511.1
320722.9
156198.4
518263.0
1265166.6
451144.8
659551.9
429542.1
1319815.7
469976.5
5392616.9
1741555.5
151857.8
1073785.4
695635.6
557151.8
982016.6
633082.0
2767343.8
243492.7
529596.5
785337.0
37633.8
251603.4
36833.6
449882.3
400319.6
1072814.1
127930.0
67048.9
295789.7
156974.3
238311.5
1080599.9
362639.6
610465.0
164550.1
373740.9
1230729.9
1174038.5
461637.5
155619.9
665939.7
298855.6
22196.8
1129592.8
1005277.1
575375.7
582458.0
176205.5
105526.5
626983.1
34124.9
699594.9
653614.9
145017.3
38132.4
113667.0
1094854.2
125676.4
36111.8
373963.8
598497.7
98885.5
620310.9
92007.1
162912.4
395730.5
496495.9
115145.6
20044.7
289645.3
187049.4
18819.0
1959014.1
590630.6
918206.5
726987.8
31759.8
191438.3
162885.3
310534.2
367305.3
65539.7
783456.7
420452.4
2103531.2
345234.2
171130.7
1429817.9
141612.9
641577.1
1797028.2
19933.8
507174.9
767532.1
1853713.9
491680.3
736807.1
24201.2
511060.2
212686.3
67545.7
815976.5
204369.8
2435034.3
328645.2
1416860.2
422656.9
82275.4
191865.2
37831.4
1637807.5
1020802.4
301610.3
139253.6
204045.7
24956.2
321595.5
450312.3
2327301.5
548455.3
2269108.1
1962429.9
750784.6
2831429.8
293774.2
1900739.2
21153.1
1011684.4
416771.6
885544.8
2586406.8
2559549.6
563925.4
339774.2
744670.8
556218.4
20689.0
106783.6
13724.1
68155.6
243524270.0
553239.9
133820.6
401465.8
209093.3
292890.9
2544779.3
2367130.9
665685.7
374989.1
948183.1
566099.6
915284.0
938290.3
10799.9
6983.1
284870.7
201657.0
175595.0
847542.1
211831.3
46291.7
45161.1
396947.2
68828.6
1385848.8
194823.8
122835.4
644426.8
429207.8
263258.1
160088.2
71668.3
160026.7
125159.8
290742.8
637860.0
66325.5
37262.4
57956.5
384948.6
596170.6
348330.7
146597.9
218394.6
663309.6
102219.6
1014309.9
432627.8
2964.0
138865.5
292708.1
25204.8
131672.9
787314.4
581149.7
46203.9
19041.9
417224.5
2034725.4
190953.9
382371.7
1395741.9
558279.7
144019.3
65291.9
2775998.0
1789814.3
8807833.4
255152.5
31098.1
72527.7
96894.8
422629.8
111482.3
6461091.6
406374.4
203109.7
196587.0
443000.8
730317.8
56148286.2
441237.6
819389.2
497870.0
776651.7
361903.3
353585.3
223127.3
1154219.7
1429125.0
57910.6
531488.0
35347.7
53423.8
2547876.4
168554.0
340985.6
17955.3
276386.9
1857561.4
319807.4
26726.8
1954909.2
584237.5
2915431.3
149661.7
3343523.1
98445.3
1177236.3
550176.4
682454.7
561517.7
77739.1
49295.3
191332.8
223838.7
442902.2
1266907.4
40738.4
183615.7
213825.8
490879.9
706910.7
379010.0
1454254.0
7785076.2
70598.2
267886.2
270741.1
822671.7
60805.7
32054.2
1059018.5
602246.8
521809.9
1708238.0
814534.6
2673676.4
167633.3
2223248.9
32236.1
113100.6
65376.2
229015.9
1863914.5
164547.7
165412.5
216870.7
25578.4
943650.4
1088607.8
244214.0
153061.2
7756.1
171784.4
406979.0
620279.3
453589.8
208731.3
142420.8
109118.9
1062940.3
201788.3
42181.9
612226.4
150223.4
819368.4
16353.8
229396.6
104765.3
66585.3
1077543.4
39304.9
1451658.3
400678.9
635837.1
1563980.7
385360.6
618929.7
1940053.9
142453.1
2005437.1
688772.2
1137488.6
622125.5
3104551.7
70559.2
872368.1
1807589.9
2080511.8
507964.6
83014.4
334559.6
741899.1
2433923.4
744549.3
551538.7
70180.7
1182447.5
1233280.7
71513.8
88831.1
179493.0
4728861.4
120742.7
1841388.5
415809.1
470528.7
21940.1
2114620.0
951017.9
93222.5
1012880.0
519246.1
152777.8
114453.1
2388083.7
1426112.0
283988.5
593129.5
153723.3
