10745.7
10721.0
7403.3
2916.9
15131.8
3514.5
3409.1
4782.6
7959.9
3255.2
2478.3
3186.2
1001.8
3641.6
2443.7
3996.5
3822.3
5776.3
4410.4
6044.5
4141.3
2833.5
2032.9
2414904.5
2864.4
1254.1
3198.4
92665.7
4315.4
1569.0
2769.0
15173.4
4445.0
1825.0
997.3
5889.2
2355.6
9490.3
9679.6
2721.2
6124.3
4522.7
3392.3
2650.3
2944.1
12302.5
2604.5
2248.1
2221.4
5913.9
8017.7
1747.0
2386.6
1001.3
3696.9
2460.4
2779.1
17018.1
4231.1
2451.1
5787.6
5923.4
4523.8
4158.8
7155.6
8356.9
2286.5
9759.3
3690.1
2814.9
2257.3
2314.6
3014.8
1840.3
1818.6
4735.7
2930.7
5153.6
3378.9
4742.6
3946.8
9703.7
2598.9
3640.2
5837.3
5125.0
3911.8
5766.5
3675.7
3439.4
2552.2
6352.2
4964.0
817.6
10888.1
4043.2
12486.8
2812.5
5195.5
5085.5
4804.4
4597.8
14444.1
5611.6
2806.3
3710.8
2416.4
7646.9
3566.3
2517.4
2372.5
6120.3
4121.3
5720.4
5471.2
13995.8
1445.9
8315.4
2020.2
3993.9
2521.2
3733.4
5310.6
3819.2
3956.8
2723.4
2571.8
3644.5
3035.6
1661.0
2478.6
2247.3
2337.8
5349.1
15677.5
4515.7
3785.3
1596920.4
8781.2
802.7
5737.3
323934.7
2910.6
12291.1
3801.0
47037.2
894.2
3777.4
4262.7
4681.1
5249.8
2706.2
9136.6
917.6
6235.1
20068.9
4916.9
5503.5
14041.1
2970.3
5681.3
2343.9
3359.7
3113.2
11121.6
4866.1
5861.4
6256.6
7292.0
3653.3
11301.0
6068.7
3075.6
5810.7
4346.8
80140.2
7926.7
4579.2
14060.8
899.0
10176.5
7465.3
2608.4
5987.7
4553.9
8746.6
1949.9
1988.9
2365.4
157979.8
3904.4
2316.9
4240.6
10850.3
5413.6
923.0
9016.7
11057.9
1176.5
6143.0
10703.0
4755.4
2895.6
8088.7
4550.1
6267.6
8741.2
10616.0
4949.6
4796.0
5473.1
2970.5
3602.1
4153.1
1052.3
3218.0
2777.2
6035.7
5089.5
2303.5
26753.3
3307.1
5461.6
1995.4
6187.2
4418.3
3130.5
139481.7
2254.8
2388.7
13595.1
11318.8
2480.8
15002.7
2821.6
2860.3
7521.7
2655.8
2543.9
7053.4
60316.6
2822.7
1609.8
942.3
4239.2
12005.0
4184.4
5279.7
2876.4
3642.7
13134.0
6366.2
6480.0
4964.7
4346.2
9324.8
3353.3
2703.9
4646.9
2370.5
6304.6
10848.8
6284.0
1197.7
3968.9
2505.4
3338.8
3853.1
17072.0
837.4
2728.1
7843.9
8142.1
2378.2
5340.9
3430.9
11811.8
7971.1
36583.4
7410.0
2436.0
4487.8
6179.0
3768.5
4100.7
3013.4
9135.2
8923.7
3002.7
2265.5
20186.0
43682.4
5878.9
2078.6
17237.6
3500.0
825.0
4489.3
1015.8
16741.0
7390.8
5584.9
2955.8
4458.5
3175.8
3325.4
7185.4
2338.7
4504.4
4042.0
148287174.3
2945.8
842.0
22980.1
5321.0
3743.6
6897.2
2483.7
5246.0
3041.7
4259.5
2830.5
4631.3
1183.6
4044.9
5029.4
3926.8
2360.6
11355.5
8362.8
3277.7
3003.6
15694.7
9287.4
3590.8
5586.7
6340.5
9723.9
6304.7
4240.3
2865.5
1862.6
6585.1
4253.9
7756.0
3478.9
4043.0
3630.8
5194.0
3043.9
3648.4
2631.9
3757.0
15130.4
3163.3
10165.4
6207.5
17807.3
2630.5
5177.6
2648.8
1111.3
10228.2
2874.8
2645.4
11357.8
2109.2
6468.9
1907.5
7366.9
9137.2
12869.5
10399.3
7168.0
15177.3
5597.6
2281.9
4593.3
2790.8
8604.0
5533.9
3554.4
5408.5
4482.6
3094.7
6902.5
3222.2
6050.7
201737.1
5831.8
4696.4
4063.1
3333.6
3430.6
3205.5
5020.3
1855.7
5272.4
14907.5
9623.1
1851.4
3648.0
4378.7
10563.9
4473.0
45644.3
2788.0
6209.5
2780.5
16514.1
3258.3
1994.6
69375.7
3346.7
3943.1
11624.6
2772.8
2647.5
2249.3
24411.2
2401.0
31465.1
4205.3
9734.7
4273.6
2303.5
1635.2
4666.2
1610.1
3473.6
4971.8
5547.0
2626.1
6056.4
3342.3
1794.5
35521.1
4100.5
3401.0
5711.4
2911.4
4766.7
6099.0
5496.1
10249.1
2390.5
2939.5
5073.9
3080.5
5906.4
8488.7
4594.1
13944.8
2385.9
1740.7
4675.7
3616.9
12888.9
1671.9
4945.9
2288.4
4615.1
1095.0
8129.1
10944.5
6232.1
4349.1
3135.0
2841.6
3683.6
1106.4
3083.7
6251.8
1024.7
3658.5
3376.5
3002.9
3149.9
4913.5
3663.1
5380.2
2484.5
15720.5
4358.1
100600.1
4641.0
3538.1
5982.3
5769.0
3913.3
8842.7
27845.1
4424.5
4212.4
5843.1
1642.7
5408.2
14899.7
2165.7
13350.8
3301.8
1047529.7
1172955.2
1601346.7
2750576.0
174776.0
953817.1
2724545.7
6371952.2
1399571.7
1364366.3
3268508.4
2163605.4
746293.5
709294.7
1114527.6
60965.1
165156.9
1076251.1
2926977.0
2487012.5
1013437.5
2437564.9
1765636.3
375146.6
1021934.9
1073311.3
403275.6
52562.5
1063346.8
161583.1
112717.3
2366077.9
786778.9
7855790.9
10602.0
2555724.0
230362.2
73080.9
2834257.6
319890.9
2030258.6
46662.4
18536.2
491885.2
18949.5
97842.0
22993.8
2559533.9
55054.6
195378.8
19002.4
103987.9
304929.6
869246.3
212129.6
356749.2
53384.3
533806.5
156573.2
372685.7
826739.0
592397.8
1308481.0
267442.4
163383.7
1179781.7
63132.4
18785.0
110057.8
659297.9
166180.7
218784.2
102997.7
635727.0
788314.9
1177436.1
811143.4
183487.9
50578.1
297266.1
546508.0
1481911.1
168123.2
1024691.3
1047114.1
321557.7
151029.6
335524.5
2316268.0
1454448.0
765450.6
11402.0
889345.2
137199.0
186076.8
1142519.6
316504.9
883460.0
133041.9
856808.6
103091.9
6272768.4
364777.5
241450.4
779847.0
1354563.2
155292.4
413962.1
403772.2
147239.6
43381.8
210826.4
1173709.2
1297812.1
1918509.5
440181.5
84932.3
89945.2
199997.1
285002.8
32636.5
813746.4
419411.3
645642.0
1279956.1
53984.6
618307.9
481103.2
313683.1
24995.5
6333.0
1035185.6
212434.0
150064.5
179247.2
8574468.9
3146799.4
103426.2
1824751.2
573726.9
1007622.9
291367.5
46302.4
45207.8
2570912.9
3106176.6
180496.6
540769.8
222599.8
86950.7
57422.7
649322.3
87003.1
1343876.9
107793.8
2800409.6
1642127.5
1785203.9
435450.8
1805778.2
1009651.8
1439878.4
84193.6
982408.0
392026.7
299124.9
111990.2
1301773.8
710781.2
66343.2
169247.3
215152.0
278598.2
187368.9
790484.5
157943.7
323349.0
1480749.2
384901.9
43667.6
370255.8
268826.0
152927.4
176319.1
981702.6
7632813.2
577643.3
1992141.4
38578.7
349291.5
747766.7
24559.7
97975.2
409123.2
530983.8
45625.9
650325.1
817354.3
44094.3
563521.8
1469895.3
321220.6
60000.3
17881.9
13056.3
55662.5
492654.3
241577.2
1692364.8
20597.6
1693889.9
699453.0
815837.8
332614.8
5673.5
798024.0
193060.0
224965.0
30652.3
31612.5
379740.7
2553089.9
60972.6
314341.8
1119763.4
153582.3
671643.9
34090.4
18488.4
281674.0
122255.2
95961.9
89271.0
256643.7
236782.3
261177.7
443532.7
963747.9
1416165.9
715419.7
1605823.6
500415.4
83226.4
194620.9
1627728.9
1271679.5
6420154.6
175292.4
195460.4
848174.6
153450.9
899173.5
2896740.5
199317.1
966536.3
1142311.4
281328.2
921348.9
132876.6
155330.8
2311247.8
156086.3
117498.7
1706939.9
114993.1
334321.8
380822.8
329419.0
69074.1
1408551.7
20283.3
929004.7
4264167.4
219182.1
379589.4
67245.0
3855861.1
1027124.8
1007747.0
153440.9
341095.4
717814.9
35019.0
1889954.0
4968042.5
39063.3
1466124.7
371931.3
2074826.3
275864.2
2292546.4
1428790.2
481769.0
745893.2
329380.7
18102.5
434476.7
55201.5
2364006.2
556981.1
251515.9
349417.6
98317.6
4951676.0
665115.8
2635333.0
900917.9
1773195.9
163033.0
66342.1
852021.3
200177.4
576038.0
59215.7
64433.5
997955.8
2412389.0
750238.3
7841432.6
177883.9
301363.5
355458.1
1973482.8
70390.1
813849.0
1413132.6
2544832.5
697506.2
1954013.2
180006.3
464959.8
790115.3
246867.8
462814.2
1071606.0
47711.8
211465.4
1723626.2
108389.9
895511.3
172383.6
274044.6
290052.5
1005145.0
1090476.6
2700394.3
981412.4
198016.6
647337.7
1139897.9
96800.7
2197279.1
2483347.8
736836.1
370386.7
293931.8
312705.6
530439.5
1923901.1
93798.3
3030673.2
171559.1
233676.8
1761527.2
125498.5
2525833.2
27581.5
800255.4
2123917.3
165591.7
1795169.3
374653.8
265120.8
