14.93
9.29
12.78
15.07
10.45
1.17
8.09
1.22
5.58
5.14
9.68
14.15
7.74
7.99
15.76
7.65
14.17
7.71
7.78
12.64
9.54
6.37
4.11
8.24
14.76
2.39
8.41
16.61
7.95
0.29
9.89
8.25
8.42
5.96
4.34
4.06
3.42
7.07
13.50
17.17
8.65
4.02
15.65
9.77
13.23
15.38
15.57
7.08
4.40
8.49
8.85
14.68
10.16
9.57
7.74
3.26
7.30
9.84
13.48
12.72
9.50
11.86
16.12
4.37
9.62
9.47
9.72
7.59
2.49
4.90
6.16
3.18
17.85
9.57
14.13
14.39
10.01
8.77
6.13
13.49
5.04
5.39
7.23
13.82
12.11
5.02
6.21
10.30
9.43
2.89
9.90
13.52
17.67
9.53
7.52
15.92
7.59
6.60
6.57
6.10
10.66
3.45
8.47
5.56
13.81
8.52
8.23
4.38
8.26
6.30
4.40
6.47
13.28
9.00
2.58
6.08
13.19
7.93
12.09
6.40
5.90
6.76
2.57
10.40
13.52
9.59
3.62
9.68
1.51
13.82
7.70
6.20
6.16
7.89
3.75
15.78
14.33
6.64
5.88
9.37
12.08
5.20
6.43
8.11
11.96
11.54
10.14
10.06
7.64
7.53
9.56
9.89
9.17
14.42
10.92
8.17
5.58
5.53
9.06
8.58
12.21
7.70
8.75
4.45
7.95
9.46
10.96
7.86
8.37
8.85
8.58
1.14
9.82
9.72
12.66
15.69
9.65
1.12
5.75
9.64
5.94
6.36
12.42
5.10
8.57
9.33
7.95
17.28
4.59
4.58
12.88
15.34
3.62
14.59
2.80
7.20
9.96
6.89
5.52
7.25
12.73
7.91
11.02
9.41
10.41
8.68
8.33
9.03
3.04
4.72
3.57
2.23
9.80
5.46
16.98
9.24
5.30
4.88
9.24
5.50
7.81
10.52
14.25
11.82
10.28
10.58
9.20
14.60
4.63
6.98
4.88
8.47
7.91
10.52
8.85
8.55
5.13
6.94
0.20
11.25
9.51
5.85
4.32
6.17
5.48
5.46
12.74
12.62
10.73
6.59
12.85
9.09
6.04
9.00
6.61
8.68
10.24
6.60
15.76
2.43
12.59
8.25
9.40
12.79
17.39
7.30
8.70
4.27
10.29
7.12
9.94
10.35
17.69
10.98
12.98
8.60
9.30
9.63
4.48
9.86
12.22
7.35
6.29
7.92
9.02
12.51
6.65
8.12
8.93
7.90
12.00
7.98
2.51
12.52
16.98
5.92
4.63
11.30
12.31
5.20
8.28
2.17
5.99
10.39
8.56
10.02
12.64
3.16
9.45
12.47
12.73
15.23
12.86
7.54
8.33
16.76
10.61
7.62
9.57
10.12
17.30
12.69
8.51
12.93
12.16
11.42
7.42
9.50
4.12
4.70
7.58
8.17
11.94
12.61
7.96
6.17
6.99
12.57
3.13
9.78
8.52
9.51
9.99
12.48
4.98
10.99
9.61
9.29
19.01
6.53
9.64
11.61
8.87
9.43
9.04
12.19
9.59
12.94
12.33
6.38
10.68
11.92
3.58
7.09
12.26
9.85
4.86
5.69
10.45
8.13
7.98
12.17
11.61
9.00
9.37
6.83
12.41
7.09
2.07
4.93
8.79
8.64
11.03
2.49
4.78
9.34
14.02
10.26
6.74
2.55
9.71
13.36
1.28
8.57
7.82
10.85
6.66
9.02
8.16
10.79
3.95
13.37
8.13
8.12
6.27
7.17
5.76
10.90
7.91
11.78
9.65
10.47
9.28
7.72
8.55
9.49
6.04
11.52
6.93
11.79
6.45
13.26
7.57
10.31
9.57
10.40
16.22
9.21
5.78
5.37
4.88
5.02
6.32
10.60
11.10
8.96
3.96
12.67
9.02
3.77
9.72
6.11
11.69
8.80
8.81
1.77
15.78
10.47
10.26
10.18
3.17
13.49
8.05
10.88
15.19
9.05
5.85
8.23
4.68
1.25
7.50
4.31
8.93
6.86
8.46
9.13
15.46
8.57
15.84
4.02
13.80
12.87
6.46
5.32
6.40
4.27
7.28
12.22
2.56
8.11
7.94
3.27
3.29
5.79
12.02
12.37
6.22
7.16
9.84
10.01
14.59
9.78
9.14
14.48
8.24
8.83
9.17
9.04
14.35
6.50
9.10
6.87
4.01
3.57
3.27
2.14
4.94
1.15
5.63
3.60
7.15
0.30
3.63
4.86
2.55
4.71
8.92
5.90
3.72
3.66
2.17
6.02
1.36
4.59
1.47
12.20
14.71
10.24
5.57
12.05
10.61
9.18
4.19
2.28
11.24
7.34
16.50
4.31
2.17
6.92
10.85
8.70
12.52
4.12
6.83
12.57
9.74
7.74
13.36
13.66
2.09
19.60
7.80
16.12
4.68
13.50
8.63
6.52
3.38
17.92
9.89
3.16
9.88
3.36
14.48
1.38
3.57
5.63
12.40
3.74
4.67
5.81
5.76
3.12
10.97
12.09
15.19
8.47
8.55
4.57
15.57
10.83
1.16
7.34
9.35
3.75
3.80
6.46
13.16
4.41
8.93
14.30
2.38
8.46
14.35
5.21
9.78
3.60
4.78
1.24
9.46
3.08
9.90
11.09
9.01
4.77
8.34
14.37
4.40
5.95
4.52
5.26
3.38
10.89
1.71
2.08
4.89
11.75
8.89
6.49
12.10
11.23
16.34
3.12
13.21
9.85
4.66
6.40
8.77
12.57
9.47
1.31
10.35
3.46
10.36
9.96
2.14
4.47
12.91
7.79
8.22
12.82
6.57
3.19
9.02
6.87
9.15
4.51
2.43
5.74
8.69
10.87
15.71
13.44
8.18
8.80
4.05
11.20
13.23
1.40
7.25
4.20
6.59
9.92
14.26
14.76
2.18
10.45
4.49
7.71
7.26
4.22
10.76
8.49
9.04
7.30
5.56
3.72
8.00
8.19
12.89
15.13
2.31
12.00
9.85
1.38
10.27
11.23
8.41
8.61
8.65
2.49
10.90
8.51
9.01
12.57
14.93
10.21
9.17
7.02
9.63
6.97
12.77
2.43
4.76
11.94
1.36
18.04
4.68
11.12
8.61
5.68
13.32
12.85
4.12
14.27
14.35
3.65
9.54
8.43
6.39
6.26
8.03
5.39
11.02
14.27
14.63
9.03
4.62
15.24
5.04
11.52
9.78
14.68
17.67
6.32
8.92
10.35
3.34
8.34
6.60
3.92
12.74
8.58
1.64
7.88
1.76
4.88
9.68
17.56
0.24
10.97
13.52
2.90
10.45
15.71
5.26
5.14
1.24
5.76
10.23
9.25
3.78
4.84
6.67
12.45
11.62
6.14
10.65
11.41
7.14
10.18
10.33
18.44
14.11
11.37
4.72
4.30
2.53
14.28
2.94
10.44
8.23
18.53
10.38
4.17
3.86
11.06
10.02
12.55
12.08
7.29
4.80
11.80
6.35
15.79
2.96
5.85
10.84
1.10
11.41
13.30
3.79
17.69
2.65
9.28
5.93
2.93
10.50
11.08
2.92
4.51
17.20
16.68
12.11
6.41
8.30
6.70
12.51
8.99
5.53
9.18
3.96
11.75
3.62
8.39
7.12
7.47
11.61
14.00
2.66
10.06
3.03
4.43
7.82
0.57
12.62
9.08
6.71
6.23
8.35
12.99
15.19
2.61
10.37
7.92
8.22
12.53
12.37
14.53
13.31
10.61
6.14
11.18
6.61
11.32
11.86
10.45
5.00
4.67
7.13
4.88
12.87
2.36
4.46
5.78
15.79
6.99
4.44
3.10
3.69
7.04
3.32
10.04
