6.42
3.85
16.25
9.26
7.78
6.77
12.35
10.09
5.71
8.42
2.46
12.94
5.69
15.74
9.49
9.27
4.11
12.88
14.39
12.76
12.91
6.04
6.65
4.52
6.06
19.48
2.46
5.65
9.87
7.09
8.30
6.61
13.64
8.47
5.74
8.59
10.00
9.69
5.73
11.12
12.80
17.49
9.52
8.60
8.91
9.27
8.49
14.59
4.60
8.77
7.12
8.61
8.60
9.28
14.04
5.24
10.99
9.49
8.35
7.63
9.16
2.10
12.94
14.52
13.81
12.78
8.05
9.98
9.48
9.25
12.34
8.78
13.24
3.18
10.70
10.40
14.63
14.39
12.19
7.51
15.50
9.75
3.71
5.80
5.52
12.86
11.44
8.33
6.12
3.74
7.80
2.82
9.71
11.85
10.48
7.12
5.95
5.54
3.05
12.97
6.58
7.82
3.47
8.11
13.79
15.85
10.64
9.24
2.49
5.47
2.36
8.80
12.12
15.75
4.36
7.50
8.91
12.18
11.61
7.29
5.91
4.31
13.50
9.21
12.90
9.47
8.25
4.20
5.92
9.96
14.77
7.44
5.67
13.94
4.29
3.96
9.66
2.79
8.46
12.76
5.63
10.28
12.25
8.62
9.41
8.70
8.99
7.70
12.37
11.82
13.21
6.07
4.39
17.22
12.15
5.93
13.96
11.50
15.61
9.79
11.37
13.82
12.30
6.00
8.65
5.32
9.36
5.78
12.39
7.72
12.90
5.32
7.86
2.44
6.38
4.22
7.96
7.64
5.63
12.84
5.42
8.91
3.82
14.26
13.45
2.96
11.16
6.28
17.10
9.71
3.37
12.77
12.11
3.50
5.09
6.08
5.58
13.15
5.59
6.47
3.43
6.93
10.94
7.51
8.14
6.51
5.58
4.36
8.03
10.95
8.37
7.36
10.51
9.81
5.21
9.98
11.50
13.67
5.77
11.23
8.53
9.85
12.50
8.78
8.39
7.75
4.86
13.70
13.03
12.40
8.48
2.11
12.68
2.95
4.15
12.23
5.54
10.91
4.30
6.99
10.77
8.45
9.64
14.83
5.97
10.87
15.18
8.70
9.18
6.92
8.08
12.67
5.00
14.24
8.48
5.85
3.11
6.89
15.70
4.86
11.68
10.17
9.60
7.26
7.67
7.23
13.50
15.08
4.71
10.51
10.90
2.50
5.12
10.26
3.68
7.15
9.66
3.14
1.61
17.22
8.29
2.92
4.64
5.74
9.69
6.83
7.83
8.86
12.72
9.84
7.04
12.25
9.80
12.18
11.21
9.77
5.95
7.53
6.94
6.93
4.26
11.56
4.01
6.84
7.97
4.43
11.22
3.41
10.16
11.28
11.99
6.46
7.44
10.36
11.32
7.31
12.15
5.21
6.42
3.08
17.52
4.59
13.36
8.09
14.14
3.69
8.43
10.08
12.81
10.49
9.67
4.28
4.27
8.31
17.53
8.48
1.89
10.55
12.24
5.95
2.40
9.76
1.28
8.13
10.98
8.57
6.10
7.84
12.20
8.54
8.58
5.29
4.98
12.05
4.34
3.18
4.93
7.81
9.19
14.42
1.30
5.16
13.87
13.66
7.39
4.70
8.69
9.90
11.08
7.49
12.88
5.33
5.84
11.72
12.82
8.74
8.86
7.05
8.44
8.16
4.38
8.40
6.02
6.15
3.27
7.02
7.34
3.77
5.47
12.72
12.45
12.81
6.72
8.04
5.08
5.83
8.14
9.81
15.66
12.84
2.00
9.87
5.52
12.92
8.05
8.82
8.80
3.98
5.49
12.53
9.94
7.02
9.84
15.71
8.93
13.68
8.78
3.71
9.43
14.54
10.52
9.81
10.34
5.84
6.51
7.70
9.25
8.34
5.44
7.44
13.93
14.69
8.82
11.72
12.25
13.33
6.96
9.00
10.87
9.46
5.45
7.95
12.12
5.50
3.82
8.92
7.60
4.76
13.32
4.98
4.03
6.28
10.42
3.45
9.31
4.98
3.90
6.77
6.58
15.24
8.40
6.62
12.54
5.31
7.93
10.95
10.01
9.74
13.90
12.27
4.12
11.21
5.80
10.24
3.08
6.27
4.44
4.34
10.37
10.78
9.13
11.93
12.66
17.55
9.02
10.62
11.33
7.56
6.11
2.72
10.67
13.94
6.77
9.60
12.26
7.83
5.29
8.79
8.60
7.72
3.22
5.76
5.31
2.19
4.27
4.22
5.18
3.63
2.67
2.63
1.09
2.03
2.05
3.94
5.54
3.36
1.14
4.26
4.52
4.68
5.38
4.21
3.35
4.85
2.93
15.59
4.36
4.41
9.15
5.47
13.67
10.77
7.78
8.20
9.33
7.50
11.02
7.32
6.09
13.10
6.74
9.27
4.13
8.40
7.45
14.21
11.32
12.61
17.61
4.98
12.35
11.89
5.16
7.09
9.51
1.18
12.91
8.29
10.93
4.54
8.15
13.04
6.58
10.42
12.85
17.65
10.98
5.78
12.78
10.78
4.67
6.89
10.63
1.75
14.03
5.62
4.37
15.84
7.77
17.54
12.42
12.40
9.51
15.24
5.07
15.10
4.58
17.40
17.63
3.07
8.08
7.53
8.44
10.06
3.57
13.17
6.99
16.62
6.43
4.13
6.30
1.21
9.62
3.26
11.39
2.42
12.17
12.10
9.40
15.15
6.23
7.97
7.93
14.60
6.17
14.05
13.34
14.15
10.59
13.88
9.55
15.40
4.50
3.60
9.75
5.34
2.45
5.70
7.44
13.32
4.11
10.97
10.94
10.16
16.16
5.67
4.64
3.54
3.85
7.71
9.73
7.14
2.46
12.46
1.13
9.16
16.29
4.19
3.28
14.89
12.40
2.78
8.35
8.15
7.42
5.54
16.20
11.28
10.77
10.28
2.54
10.88
10.36
13.38
4.37
4.55
8.61
10.94
18.25
12.26
6.96
5.79
12.20
2.27
2.43
13.24
6.70
6.12
4.46
3.28
1.66
8.20
8.85
11.20
4.91
5.77
17.46
0.75
10.66
5.67
4.71
16.18
6.57
12.88
17.96
5.97
1.32
9.19
2.84
9.32
5.00
13.23
5.56
13.84
10.02
10.26
14.89
16.26
7.10
9.26
10.52
5.83
13.89
14.31
2.38
5.88
3.77
3.85
7.73
12.52
9.87
3.28
14.28
8.80
11.13
12.89
10.61
6.71
6.20
3.53
7.29
6.34
2.37
15.00
6.21
13.68
15.35
17.02
5.39
5.80
7.00
8.15
12.94
14.62
7.68
10.94
5.14
8.88
11.01
5.72
8.05
17.40
6.36
4.57
5.75
8.48
10.94
2.25
12.12
12.78
5.71
11.69
4.52
5.52
1.71
12.84
9.36
13.06
6.65
5.11
9.84
10.05
5.25
4.14
3.48
8.82
4.27
10.42
6.60
8.45
7.46
9.69
8.15
10.58
9.10
11.23
9.27
8.74
8.96
14.86
2.11
5.73
10.26
7.29
9.64
9.51
5.63
4.71
5.21
4.88
6.12
10.43
5.54
12.34
8.44
10.74
10.97
8.67
2.21
12.59
3.91
12.14
10.75
5.92
6.71
12.12
6.59
15.88
4.61
1.35
5.84
18.55
15.61
8.93
10.20
5.88
8.41
4.41
7.31
15.69
5.62
10.40
4.84
2.69
0.44
8.08
6.56
2.04
13.28
5.58
4.82
14.43
8.77
1.21
8.29
10.01
4.96
14.91
7.47
5.75
15.05
5.96
9.23
7.20
10.66
2.04
16.53
12.05
6.69
1.73
12.27
15.50
2.68
5.91
10.04
17.54
5.43
14.64
9.10
10.57
4.47
5.87
10.56
8.84
