9.10
9.74
10.22
12.68
5.21
6.07
12.43
3.99
11.72
4.84
8.55
10.39
7.71
6.09
3.54
8.74
14.25
9.47
8.56
13.02
14.69
5.03
5.71
6.47
9.75
8.31
13.12
4.25
9.17
8.23
10.46
10.28
4.15
14.81
8.42
9.77
8.27
10.87
9.31
7.33
6.81
6.14
0.76
7.66
8.51
9.26
6.16
12.76
7.79
11.29
17.02
8.72
10.03
3.43
13.47
6.38
8.69
9.59
4.73
5.54
4.67
7.43
2.16
10.63
13.31
8.27
12.98
5.58
12.04
2.34
3.60
3.53
14.19
12.45
9.33
12.27
12.05
7.80
14.09
9.99
8.99
6.19
8.52
7.40
6.61
9.68
4.41
6.97
6.76
15.89
14.87
12.01
4.15
8.14
9.68
17.20
6.48
8.41
5.05
3.21
5.62
6.82
5.65
12.09
4.91
7.93
9.25
14.33
5.23
9.39
5.82
6.72
9.14
7.47
8.20
14.27
8.36
10.14
6.56
8.07
3.37
8.39
10.79
3.61
7.20
6.12
6.62
7.02
15.24
8.63
9.71
9.35
11.33
4.31
4.42
11.39
2.65
7.51
3.60
7.79
2.16
7.25
9.18
6.26
3.65
10.05
5.70
9.76
7.17
2.35
12.27
5.98
7.96
9.19
11.88
6.44
6.92
6.23
5.34
8.23
6.36
4.81
7.72
8.24
9.74
9.49
4.95
11.21
13.18
9.91
15.00
5.99
9.89
2.77
13.11
6.27
10.70
13.49
10.28
12.23
5.59
14.13
8.11
10.83
12.06
8.43
12.26
3.48
14.26
12.91
12.55
8.99
11.47
4.07
9.79
8.93
5.39
10.17
10.90
8.33
7.59
7.39
9.94
4.93
12.54
6.95
7.24
12.48
9.69
9.03
4.09
9.65
6.66
9.75
9.01
9.76
9.09
9.50
3.60
10.93
8.76
7.65
6.57
15.80
12.21
6.14
2.01
11.20
6.77
7.80
9.82
10.79
12.56
8.24
7.18
5.71
4.27
5.09
3.29
9.40
11.11
9.86
12.83
13.18
5.32
7.75
5.82
12.59
12.59
12.63
4.94
2.62
6.65
8.28
7.51
9.15
17.04
4.36
8.21
9.57
5.31
12.37
4.89
12.61
1.52
9.02
7.17
8.71
10.88
8.96
6.05
10.76
9.49
6.44
4.87
2.73
9.77
9.29
6.76
6.21
7.09
7.81
10.20
9.48
7.52
9.03
9.97
7.03
7.16
16.40
9.72
10.07
12.12
8.41
6.16
4.97
6.55
2.28
9.57
16.03
12.45
4.54
8.56
3.81
10.17
6.28
6.11
7.85
4.53
10.30
7.16
6.99
19.08
4.71
13.80
9.52
6.28
6.64
9.55
12.85
10.85
3.76
8.56
7.08
9.15
12.20
8.42
8.99
7.37
11.97
5.85
7.70
7.09
11.32
10.80
14.71
10.27
9.38
10.79
4.43
12.38
11.24
6.93
10.35
10.34
7.90
9.04
13.92
13.67
9.39
12.66
4.78
6.23
12.88
7.65
4.77
5.83
4.26
4.99
3.01
7.17
4.71
10.04
6.11
9.61
7.17
10.27
7.25
4.12
14.02
5.41
6.21
9.19
12.39
8.44
10.50
7.10
12.34
9.11
12.66
6.80
6.62
8.80
7.74
1.08
15.25
8.11
6.02
6.11
7.65
11.53
9.56
4.49
7.74
3.60
6.24
10.51
5.24
10.24
2.16
10.27
9.03
15.06
8.06
1.36
8.32
12.45
10.96
10.75
5.59
4.81
0.84
12.13
8.73
16.20
14.42
5.11
9.87
8.61
7.80
7.05
10.71
12.56
8.54
10.13
15.43
6.46
12.18
9.49
12.32
3.02
12.23
9.66
10.14
5.52
14.99
6.91
13.64
4.27
7.42
12.30
4.41
5.38
3.69
12.13
10.28
7.41
3.14
4.41
10.45
15.74
7.87
9.94
15.97
8.54
14.87
7.35
6.21
5.77
12.45
10.71
9.44
12.12
15.70
7.91
15.25
9.56
8.68
15.72
2.38
9.41
7.92
7.28
9.05
8.71
3.85
4.48
7.78
6.69
6.56
12.75
8.74
6.44
7.09
12.02
4.39
8.85
12.62
9.25
13.65
4.29
8.00
9.09
12.01
10.05
9.94
3.93
5.94
6.20
7.87
6.09
3.53
3.58
6.55
2.30
4.29
2.43
2.70
2.84
9.51
3.89
5.71
1.94
4.36
4.39
3.91
2.11
6.06
2.69
6.64
9.07
2.77
3.52
6.91
10.43
2.54
3.83
9.49
6.36
2.40
8.15
13.90
9.56
12.58
9.27
8.30
11.87
4.16
4.27
12.03
5.48
4.74
2.68
7.35
3.94
12.45
10.42
7.88
4.04
6.34
7.68
8.90
4.45
4.17
8.11
12.62
5.08
3.22
0.55
10.43
9.97
4.28
5.14
8.94
2.53
3.11
8.08
6.47
3.64
3.05
6.90
7.78
4.30
7.79
11.02
5.65
4.89
6.22
8.43
3.03
10.70
9.71
7.47
15.34
10.14
8.33
5.81
1.42
10.65
15.67
3.85
12.88
6.61
3.40
7.99
8.00
10.12
5.94
3.17
5.64
7.51
10.57
12.05
11.99
10.02
4.42
6.86
6.77
14.74
8.32
9.65
2.18
1.19
2.37
5.56
6.21
8.14
1.92
4.67
8.69
13.10
4.82
13.19
12.89
9.31
2.20
17.75
9.58
3.13
14.71
5.27
10.38
6.20
5.47
6.09
5.37
4.32
9.01
9.30
5.46
7.55
13.77
10.45
9.36
12.28
7.52
10.82
9.49
0.67
1.66
3.02
4.81
4.61
13.54
17.33
14.55
12.49
6.51
5.30
3.23
5.12
5.97
9.19
5.67
9.11
1.27
10.49
6.03
5.70
9.97
9.84
3.83
11.18
5.39
4.38
8.09
7.88
7.31
15.69
13.59
5.14
11.21
7.97
17.29
5.26
17.72
10.81
8.63
8.19
5.52
8.49
8.28
4.80
5.19
2.61
0.84
4.29
11.97
14.26
11.60
13.67
4.52
14.96
8.80
12.48
5.57
8.06
11.61
3.55
7.42
5.78
13.91
1.18
3.49
8.55
11.79
11.65
10.16
4.46
6.34
11.25
3.31
4.18
16.05
8.25
5.02
15.10
11.16
8.23
9.19
9.90
6.09
6.82
11.65
8.66
14.56
5.15
10.50
2.04
9.37
4.79
6.53
6.42
3.45
9.38
5.23
8.89
8.89
16.24
13.55
3.90
4.92
5.48
15.07
5.66
2.34
4.62
3.08
14.14
5.22
18.94
18.14
6.21
5.44
8.45
5.85
7.35
12.99
2.92
2.37
1.78
8.03
17.45
10.20
9.39
12.96
6.09
1.91
11.47
8.87
2.05
10.50
8.51
5.94
5.26
10.07
9.38
12.55
1.39
13.02
10.90
8.69
7.96
5.24
15.80
8.90
11.95
6.91
6.98
9.80
3.52
19.99
7.41
13.14
8.44
3.59
4.51
3.90
3.90
6.72
8.66
12.00
1.91
13.61
7.05
18.02
14.26
7.08
3.15
7.33
12.87
5.60
3.46
5.58
12.84
10.29
1.92
2.32
6.73
12.82
5.22
7.23
0.93
11.38
12.52
7.55
12.29
3.74
3.15
14.98
4.89
3.80
2.90
3.51
2.30
3.06
11.64
10.38
7.34
7.57
13.44
14.42
6.40
2.13
5.07
1.28
10.78
7.00
8.66
6.43
1.75
13.53
17.90
8.80
2.51
5.16
5.62
12.18
7.00
6.20
5.43
12.43
13.96
7.67
