12.78
10.74
4.14
9.85
7.83
15.96
6.68
5.73
12.21
7.15
11.23
8.74
4.44
15.04
10.69
7.95
9.38
8.15
6.89
9.20
6.34
6.43
12.03
17.39
6.64
2.99
19.06
12.38
5.38
5.74
11.78
14.74
9.10
12.71
9.00
2.13
5.67
10.18
6.64
8.72
11.74
6.00
5.27
4.70
13.12
12.16
9.76
7.35
3.19
9.51
8.60
6.43
9.08
6.38
17.52
6.86
8.40
5.03
8.73
7.61
10.57
17.93
10.89
12.16
3.79
5.03
13.30
4.27
8.30
7.81
8.04
3.60
9.39
8.93
7.69
8.24
6.37
8.43
8.69
7.59
6.80
1.66
7.32
11.93
5.75
14.02
8.67
12.01
2.70
7.54
5.05
9.22
3.73
7.48
6.42
10.42
8.67
8.32
7.70
11.74
9.37
11.22
11.36
13.30
9.29
10.96
5.59
11.19
10.01
6.08
4.10
17.85
8.18
10.85
12.31
4.50
4.99
3.17
12.79
6.67
13.91
8.19
12.69
12.67
9.95
4.26
1.09
13.19
2.03
9.85
2.33
10.60
7.68
8.01
10.93
7.55
6.59
6.34
16.72
10.69
8.05
9.64
12.52
9.84
9.50
6.89
5.82
8.38
15.26
4.80
8.11
10.76
9.46
2.18
12.32
8.75
11.73
8.55
2.48
6.87
3.89
7.85
15.28
7.87
16.15
11.19
6.22
8.70
5.00
11.34
5.98
9.55
9.71
8.92
4.85
12.39
8.70
8.67
11.25
5.03
3.83
12.24
6.89
10.73
12.13
6.91
7.71
15.01
10.38
8.71
2.72
9.87
15.26
10.49
3.76
13.86
7.69
11.38
6.47
8.04
9.63
11.19
13.03
9.66
4.54
8.61
9.27
8.04
12.38
2.74
14.61
7.27
7.79
10.38
3.43
9.75
7.46
9.64
11.76
7.82
7.31
12.96
8.44
8.86
12.27
3.94
10.52
10.49
13.88
8.98
10.18
9.16
10.74
3.72
7.17
5.22
2.86
10.87
12.79
12.54
9.69
12.49
7.60
12.27
8.01
8.92
11.35
12.44
3.69
14.75
8.82
8.96
7.75
9.10
14.08
3.29
4.19
6.57
11.85
5.40
7.53
7.61
13.56
8.55
7.07
13.97
10.06
12.41
19.81
6.01
7.82
3.28
5.63
7.13
5.60
6.35
6.25
17.52
12.21
5.76
12.38
3.13
12.94
10.89
6.75
5.58
8.05
4.98
7.00
9.01
15.87
1.12
16.34
8.22
10.97
9.47
9.65
9.18
3.60
7.46
6.47
10.08
9.86
9.82
4.67
8.94
8.30
3.34
12.11
10.17
17.67
9.59
6.69
8.69
9.11
5.46
4.62
10.80
5.53
6.62
12.11
10.64
5.65
2.56
4.44
4.36
5.06
12.66
5.00
10.07
18.49
9.89
12.08
7.93
6.53
9.24
2.78
6.93
6.62
14.71
7.46
14.27
6.93
15.41
11.13
11.04
5.33
13.44
8.19
11.95
9.32
3.12
10.31
8.20
9.72
8.75
3.83
7.18
4.75
3.70
3.95
15.07
6.30
12.89
8.02
5.59
9.10
2.69
17.69
6.70
12.92
12.63
16.40
5.44
6.10
4.49
3.94
15.48
9.79
7.31
10.33
12.10
2.95
9.82
12.75
11.69
10.18
6.68
13.98
9.53
12.60
14.13
1.30
5.85
3.92
5.83
6.14
4.67
9.47
12.62
3.84
9.86
7.61
5.13
8.00
4.18
12.89
15.42
5.39
17.24
5.12
6.72
8.21
14.78
5.80
5.44
16.12
6.59
10.39
10.45
7.62
5.98
10.93
7.01
13.19
16.72
6.02
3.55
5.03
6.73
8.64
14.93
5.38
5.84
8.29
0.40
15.50
10.23
7.16
4.44
12.96
10.26
8.74
7.47
6.69
8.40
10.86
9.76
6.63
12.26
10.02
3.33
5.00
10.41
8.30
9.01
12.19
15.44
9.13
12.60
7.32
8.16
12.52
9.34
9.57
6.67
9.75
10.86
8.71
6.61
15.59
9.53
5.94
8.67
8.02
4.13
12.05
9.04
7.16
8.70
7.86
8.64
4.26
4.33
6.15
5.24
9.16
10.48
9.25
12.57
12.83
7.73
7.63
14.45
13.02
1.63
9.69
5.56
12.60
7.75
1.68
5.43
2.37
3.58
1.81
5.61
6.80
2.52
2.85
2.56
3.66
5.28
8.32
1.49
5.92
1.31
7.86
5.13
1.91
5.22
4.68
0.74
4.67
1.55
2.77
1.59
3.60
12.03
18.22
2.14
14.63
10.52
2.75
7.58
15.21
11.95
1.27
8.28
3.86
6.38
7.31
2.44
14.38
5.08
10.19
5.49
1.34
15.42
1.68
9.79
10.57
10.25
13.56
9.39
7.96
3.11
16.06
3.41
7.98
5.71
4.94
9.84
7.86
14.00
10.13
5.24
8.76
4.34
8.28
7.54
2.14
8.91
2.62
4.07
4.31
10.49
7.92
10.11
12.23
6.28
5.73
0.34
7.13
13.61
7.09
9.40
5.98
6.13
9.13
5.54
12.21
1.83
12.87
9.30
4.19
9.51
0.09
6.22
7.36
2.29
6.55
9.84
9.29
14.47
4.00
4.29
18.23
11.22
9.82
6.23
14.29
15.14
15.16
13.75
14.83
10.95
13.44
10.49
3.19
4.19
7.80
6.36
3.22
15.14
11.98
10.59
10.79
15.73
4.74
9.42
11.18
10.95
15.55
9.68
10.82
5.89
10.69
7.31
8.79
4.78
1.43
4.56
7.62
3.09
6.94
2.22
11.07
13.06
9.99
3.42
1.32
7.10
5.47
10.73
6.88
5.64
3.29
14.41
14.72
16.27
7.87
9.82
6.24
6.34
4.22
12.36
4.98
3.25
3.14
10.25
14.94
4.49
4.78
5.82
14.28
2.46
1.50
10.09
8.06
16.86
2.56
6.62
12.98
2.00
7.40
6.17
10.57
7.31
7.25
9.79
7.36
1.45
9.79
13.37
5.74
15.98
7.64
5.76
4.96
8.99
3.05
13.03
13.60
2.35
10.59
12.64
1.61
6.77
8.40
9.09
9.01
12.67
3.13
3.52
9.85
5.27
6.19
4.69
16.68
8.28
8.64
4.22
7.07
14.21
2.21
7.75
6.87
7.44
13.73
5.51
5.62
5.12
9.31
1.31
4.80
5.51
10.82
15.46
14.77
16.38
3.59
13.84
6.30
16.95
5.49
8.92
14.28
4.62
1.06
12.61
8.38
12.59
4.34
13.35
1.15
3.05
5.07
10.43
10.73
11.08
6.19
11.82
17.65
12.63
7.62
5.69
9.99
8.82
14.18
7.65
6.58
11.63
12.98
9.51
10.77
6.45
10.32
7.81
14.33
13.74
8.59
4.75
2.41
4.09
11.79
8.21
9.78
10.22
3.23
7.95
9.87
5.41
16.97
15.84
8.49
8.33
10.56
4.98
13.98
7.68
9.71
7.55
5.69
8.97
7.75
3.10
7.01
18.54
4.32
3.49
18.73
1.11
9.34
16.18
7.76
15.95
17.62
2.40
17.31
3.52
4.47
2.53
9.90
7.00
6.74
3.76
14.46
7.65
13.14
3.58
7.67
4.98
9.34
9.43
9.49
7.15
2.90
6.80
13.70
10.89
4.44
7.48
4.13
3.25
4.41
16.68
4.38
8.80
4.28
0.17
15.51
16.50
12.54
13.21
5.18
6.30
10.81
8.09
4.19
4.06
9.28
11.56
3.65
9.19
15.72
12.45
7.50
10.75
13.64
3.44
7.98
13.47
2.19
3.69
