2.97
6.51
9.71
12.16
10.29
9.94
5.36
4.54
6.67
9.56
9.02
4.90
3.73
12.34
6.30
4.45
9.97
3.35
10.09
5.96
17.20
9.83
13.98
12.54
2.06
15.64
7.16
5.11
8.40
12.84
7.52
12.01
5.22
9.14
10.76
4.97
8.42
10.39
18.00
11.00
8.24
4.59
8.31
12.65
2.29
4.00
15.75
7.51
5.45
12.61
15.58
3.17
6.35
8.65
9.49
6.42
8.52
9.05
13.34
0.64
8.64
8.52
11.89
8.20
9.26
4.90
8.53
14.18
12.37
9.77
12.42
9.02
7.54
9.49
3.00
3.36
4.85
7.91
13.07
6.68
6.22
9.86
5.42
9.33
4.66
3.74
8.11
12.97
10.85
14.96
12.57
10.60
6.62
4.59
7.89
10.88
3.43
5.78
6.61
6.31
12.92
15.28
2.76
6.53
4.56
8.86
5.05
3.61
8.45
7.42
5.06
6.82
10.61
9.49
14.12
15.94
12.41
10.51
13.80
3.48
4.86
8.09
6.14
2.84
5.99
12.83
6.32
2.16
8.64
15.19
10.36
13.73
7.49
7.53
4.69
9.78
8.23
11.24
6.41
7.75
8.27
10.07
4.64
12.96
11.87
5.97
4.22
9.61
8.01
8.66
2.37
2.48
3.80
4.82
6.02
4.18
17.16
6.81
2.56
13.53
9.70
12.51
15.49
15.28
7.11
15.15
7.16
0.59
4.02
2.46
5.45
10.03
5.16
7.52
5.72
7.84
5.83
13.33
7.90
6.16
4.84
17.01
13.06
9.79
7.26
8.91
8.71
5.99
4.93
12.17
5.42
7.15
8.61
9.73
10.12
15.46
6.36
7.02
7.36
3.93
7.87
9.24
12.24
6.90
4.25
3.24
5.08
9.33
9.52
3.24
7.61
6.99
3.29
9.17
14.89
12.68
15.07
8.39
7.33
9.85
5.64
8.12
2.54
10.03
13.97
6.49
12.54
9.09
8.75
8.97
0.90
11.00
7.21
8.43
2.40
12.92
5.30
7.04
9.20
7.47
13.76
10.55
8.23
12.75
9.29
15.04
4.10
11.09
10.11
9.16
15.43
3.96
10.09
7.54
5.13
10.45
5.57
3.85
4.83
7.21
12.56
7.10
11.78
10.02
13.77
10.55
9.74
9.58
12.27
9.93
13.65
6.90
9.97
8.99
10.85
10.49
9.05
2.68
7.85
9.97
11.96
5.01
12.95
14.48
6.99
14.65
7.93
9.32
3.57
10.62
4.99
3.42
0.72
8.41
7.72
5.64
7.65
13.76
9.03
10.91
5.75
1.47
5.95
8.08
10.16
12.35
10.83
9.35
9.65
5.44
12.68
1.26
6.85
8.16
11.32
6.60
10.31
7.07
8.89
8.19
10.51
9.32
5.51
9.67
4.60
11.46
8.49
9.70
10.63
2.34
7.69
11.41
11.25
7.87
6.56
7.82
12.51
7.61
4.90
9.17
11.98
14.46
6.75
11.12
6.81
14.39
6.96
7.83
1.60
17.22
6.27
8.82
15.96
7.68
9.46
9.34
7.47
6.18
8.56
7.22
6.62
10.42
10.27
14.89
7.03
9.51
9.90
7.41
9.25
9.34
6.67
5.62
10.35
9.46
8.77
12.80
4.77
8.20
6.56
6.27
7.93
6.76
10.50
12.41
3.17
7.06
8.41
12.42
10.19
12.53
8.50
4.57
14.13
9.08
10.09
4.01
2.62
5.47
4.04
5.37
12.88
7.13
3.11
8.44
10.73
10.90
15.24
9.42
10.65
8.72
14.66
10.10
10.30
15.55
8.11
6.59
5.87
8.83
15.26
7.70
6.45
10.53
4.88
5.76
3.64
12.63
9.45
9.64
9.04
2.22
4.09
5.30
6.53
7.25
14.26
12.43
5.31
8.42
8.78
5.57
12.18
12.89
15.00
15.97
4.38
6.08
5.21
14.32
10.18
5.94
7.65
6.26
6.86
6.25
9.41
14.91
5.57
7.15
12.22
13.82
12.27
15.34
7.75
9.26
3.25
10.81
12.67
9.69
10.82
7.55
9.02
7.03
9.48
9.74
19.00
5.16
10.76
4.62
9.76
3.44
8.40
7.00
12.34
10.59
6.27
12.36
9.06
9.64
7.17
17.64
9.03
12.83
7.51
8.47
12.81
9.61
4.49
7.32
12.73
13.27
9.73
4.83
0.43
2.22
3.97
3.14
3.31
2.61
6.33
3.40
5.99
5.90
5.09
2.49
2.30
5.02
8.23
4.17
3.16
4.93
2.84
4.88
5.02
5.21
2.58
7.90
3.38
3.76
7.61
14.38
6.44
10.05
5.74
2.71
13.24
9.36
9.91
6.66
1.00
12.21
7.48
16.88
6.47
3.00
5.08
7.66
11.56
14.76
7.16
8.96
8.44
9.95
3.55
7.96
13.22
4.25
8.36
14.77
9.91
10.01
15.71
12.23
5.00
12.16
17.67
8.94
15.89
9.22
12.89
5.31
7.61
8.40
9.10
10.43
15.06
8.33
5.12
15.02
9.67
1.44
11.42
5.38
16.79
3.51
4.62
2.52
5.37
5.88
2.63
12.77
1.56
6.33
10.20
6.78
2.93
6.78
10.92
10.97
11.12
10.60
5.38
17.05
7.75
3.50
3.53
10.45
11.14
2.96
2.57
4.22
7.74
9.15
15.19
10.75
6.81
8.24
9.27
2.72
8.99
15.43
9.59
5.71
12.35
5.95
3.89
3.26
9.67
4.02
9.32
3.74
9.31
4.76
7.16
6.64
9.57
2.20
2.68
2.80
11.16
9.26
12.92
5.81
3.26
9.77
2.75
4.83
2.27
9.35
6.82
2.86
11.68
4.05
3.86
1.96
3.38
11.07
10.92
6.49
12.13
8.09
3.17
15.14
8.76
9.56
0.62
14.93
4.84
4.40
12.27
12.19
7.31
3.01
12.54
12.04
8.14
8.12
1.47
13.62
7.97
8.34
4.45
6.27
4.88
3.70
6.19
10.14
12.07
12.69
16.93
9.86
12.57
4.15
10.01
1.74
4.57
12.44
1.10
5.38
1.72
4.51
9.60
4.61
9.00
3.09
3.50
8.74
3.72
6.19
4.61
12.80
4.85
11.18
2.70
13.25
12.37
6.54
1.73
7.54
12.09
7.82
11.43
10.37
8.13
10.20
12.00
10.46
14.18
7.88
14.70
5.97
14.30
12.80
5.79
15.92
1.41
12.20
10.04
7.50
12.23
8.09
8.84
6.65
10.77
5.30
5.87
10.49
6.12
1.14
8.93
6.72
5.43
10.10
4.66
10.95
17.72
12.14
4.36
12.87
14.15
4.23
10.95
10.18
11.57
5.67
8.33
5.43
2.67
1.38
10.28
16.83
16.56
17.37
9.08
7.90
9.29
13.28
12.63
4.04
6.16
9.74
4.57
5.83
7.09
10.77
9.06
15.74
12.74
9.90
10.21
3.14
18.93
4.86
10.43
6.98
3.91
18.21
14.69
3.67
3.03
6.69
14.55
5.26
2.15
4.28
10.57
10.35
4.75
2.51
7.28
7.05
4.18
9.12
10.71
5.31
2.61
9.11
6.15
15.87
6.95
4.31
2.30
4.45
10.25
3.29
15.67
12.91
12.09
7.55
3.04
6.85
12.45
9.97
6.25
7.78
12.26
3.57
15.54
8.80
9.28
5.54
3.28
1.29
8.76
6.31
2.32
10.83
13.94
1.46
12.72
15.58
11.45
11.30
5.54
6.18
4.60
5.18
8.27
16.19
8.16
5.48
16.36
15.15
12.51
14.21
5.91
10.80
11.34
8.91
6.87
11.64
5.37
4.86
3.93
7.64
