1.29
12.52
6.31
7.21
11.79
7.77
12.60
3.10
6.12
7.69
14.86
4.06
7.12
12.64
6.75
7.07
8.45
12.17
3.11
6.32
9.23
8.02
7.46
0.16
8.62
10.50
9.16
1.74
13.37
8.63
7.62
2.94
9.75
6.36
9.73
8.38
6.56
4.06
8.45
12.56
7.41
10.54
8.54
14.02
8.57
7.96
6.53
12.56
2.78
5.67
7.57
7.49
5.29
4.10
7.80
7.21
12.02
6.62
14.24
6.81
11.79
6.70
15.40
7.75
3.68
8.36
15.04
5.46
6.90
12.63
10.34
11.65
14.85
4.40
8.82
9.87
13.52
14.46
17.76
2.34
8.28
9.53
9.71
11.24
9.80
9.15
6.98
9.90
10.98
10.95
9.09
10.85
12.11
10.04
13.59
3.35
5.53
15.81
12.08
12.27
11.38
13.48
10.80
17.51
10.93
5.52
12.86
8.17
7.78
12.34
18.03
2.55
9.42
6.95
6.22
1.92
6.93
4.27
8.18
7.17
9.99
17.14
6.22
6.93
7.68
3.41
7.95
6.84
1.17
8.55
8.51
7.21
4.76
12.55
6.84
8.28
5.47
5.88
12.48
8.26
11.65
2.20
10.00
10.12
15.21
6.91
12.77
5.07
8.56
6.08
12.41
6.21
10.20
10.02
7.31
5.65
14.17
8.90
9.34
10.94
4.26
9.75
12.92
9.52
10.90
13.78
4.85
5.94
1.51
4.84
4.71
6.28
10.51
13.18
6.08
4.60
12.84
9.30
5.27
6.22
5.66
6.98
12.54
6.12
8.91
15.93
9.68
5.80
8.18
1.71
7.03
3.83
10.49
9.25
14.20
4.40
15.87
9.13
2.51
12.40
12.18
4.43
3.83
5.55
10.58
18.27
5.75
12.41
12.58
8.12
3.79
3.57
8.00
5.01
5.52
12.40
7.98
14.79
9.46
9.92
2.90
9.49
4.13
2.99
9.37
9.63
8.91
6.98
10.96
9.37
5.27
14.06
10.58
7.69
6.63
12.04
2.22
9.08
7.53
13.28
4.42
7.97
4.34
6.00
12.11
9.32
6.92
11.36
9.14
11.32
3.84
11.04
12.84
4.71
12.41
9.54
10.77
7.18
7.24
8.71
6.63
5.10
15.88
3.02
10.65
5.29
12.52
10.70
10.58
8.48
14.74
7.34
8.43
8.97
6.24
15.23
5.48
8.81
6.46
9.46
12.94
8.16
8.57
7.32
10.71
5.58
6.12
3.81
7.12
8.94
4.42
5.11
10.08
17.07
9.04
14.43
4.59
10.72
8.11
11.79
8.64
13.89
5.13
6.75
10.43
13.27
6.42
3.44
8.84
15.39
2.70
9.96
4.39
4.01
8.46
2.97
8.26
14.99
9.79
9.59
13.74
5.04
10.74
7.55
8.93
6.99
8.76
8.54
5.81
9.79
7.82
9.71
6.25
13.52
12.75
8.47
7.57
6.53
12.46
8.99
9.51
5.14
7.45
10.63
4.97
4.21
8.19
9.22
9.27
12.75
7.12
9.23
6.33
10.88
12.48
9.97
5.04
6.05
3.80
6.54
12.79
10.14
4.06
12.76
7.26
12.34
6.96
12.54
6.48
12.64
2.07
11.97
9.58
11.41
9.84
5.66
13.98
10.76
6.12
9.72
12.52
8.33
6.90
8.57
9.18
6.12
8.78
6.64
2.77
19.67
14.92
3.99
7.34
12.54
11.34
9.93
12.19
7.49
6.12
10.83
3.05
5.96
12.03
4.42
10.15
5.98
4.68
10.50
10.17
10.40
11.30
11.23
4.18
6.50
9.11
11.07
9.07
11.72
12.33
6.43
13.87
7.91
4.73
4.21
6.24
7.61
2.93
10.64
8.93
8.83
5.07
7.65
8.56
11.63
9.73
4.74
5.84
2.01
14.35
10.90
17.69
9.98
8.61
4.46
5.53
8.22
10.03
6.02
8.45
6.46
14.64
14.68
7.95
8.37
5.82
4.45
13.55
3.04
3.04
7.03
8.82
10.90
4.46
12.80
10.26
12.98
6.33
8.62
8.28
10.62
4.20
12.25
10.03
3.10
8.04
7.62
12.31
7.35
6.51
2.59
10.59
10.27
4.37
9.09
3.18
6.75
9.10
9.37
4.17
6.62
9.44
7.54
4.63
13.99
11.19
0.78
9.14
12.95
6.24
7.45
8.33
4.36
5.70
2.45
3.94
2.52
2.74
4.34
3.52
4.67
4.26
5.28
5.63
3.32
6.08
4.55
8.42
3.75
2.47
1.34
2.20
3.57
9.81
5.32
7.17
11.10
2.87
5.83
6.30
1.53
10.44
16.79
8.23
3.47
10.66
1.42
9.53
12.23
8.19
7.12
3.96
9.44
6.42
12.83
7.20
3.36
4.66
6.10
7.45
2.21
3.33
6.66
1.98
2.92
10.74
7.90
5.54
3.69
9.58
2.19
2.22
10.63
5.01
5.62
8.76
10.92
13.08
7.45
9.55
8.02
13.21
14.33
12.25
15.50
11.13
5.37
5.06
11.51
3.48
13.05
7.21
18.42
8.79
9.27
4.86
5.90
2.77
1.79
6.39
18.22
12.52
16.46
3.48
7.80
8.55
5.16
9.31
8.55
3.14
8.53
10.93
14.02
13.88
2.22
6.73
6.20
7.59
13.24
9.48
11.89
6.24
2.41
7.62
6.43
15.61
17.13
11.99
11.88
5.34
4.31
8.92
1.94
4.29
7.30
12.18
14.27
2.02
6.89
5.95
12.73
8.08
6.60
10.04
5.20
7.80
5.15
3.14
14.68
10.30
8.07
6.05
15.89
8.31
9.35
2.67
13.22
11.40
5.46
9.77
8.95
6.02
12.08
10.25
4.91
8.07
6.98
8.95
12.85
12.11
9.12
10.12
14.24
7.25
9.87
7.98
13.81
7.58
8.41
10.67
11.76
6.22
13.50
9.23
4.28
8.82
8.17
2.32
5.55
17.93
10.89
9.93
8.63
3.89
12.53
13.37
6.57
13.66
13.48
12.73
6.19
9.20
6.77
7.30
4.86
13.84
6.41
12.37
7.31
10.12
5.14
8.65
6.40
6.11
3.57
17.51
3.51
3.09
7.28
6.03
13.37
9.24
7.44
8.81
13.24
4.85
2.82
10.58
3.86
4.74
7.42
2.72
13.28
8.68
10.65
6.06
13.07
2.22
9.35
1.12
2.84
4.53
5.43
10.71
3.94
10.56
6.03
9.84
10.44
6.12
9.18
7.62
2.55
12.45
3.48
7.72
15.94
15.05
9.43
5.77
6.52
8.57
8.34
7.47
2.20
3.32
10.89
15.54
4.62
5.22
2.94
11.50
6.18
10.67
2.50
7.10
5.55
8.19
9.47
3.88
5.05
6.85
0.70
13.15
3.28
2.96
16.28
6.68
15.69
8.19
10.77
8.51
2.86
2.86
5.69
12.49
13.64
5.16
13.78
11.25
3.18
6.95
5.53
14.82
7.79
8.27
2.03
5.85
2.98
10.15
15.42
8.95
5.07
1.03
5.54
15.32
13.06
8.63
8.77
5.08
8.53
15.90
15.02
8.37
13.12
6.30
5.39
17.40
18.17
9.94
6.65
7.61
12.99
4.64
17.60
3.22
14.45
16.92
11.51
4.69
12.38
13.28
2.54
7.04
5.37
9.09
8.78
3.39
11.34
8.41
3.05
13.58
13.03
8.07
11.29
10.52
4.32
3.24
13.02
1.75
7.81
19.39
1.24
11.32
17.28
5.99
9.52
5.83
17.62
10.80
5.53
9.78
6.19
9.80
12.62
10.28
6.74
9.63
4.08
10.78
10.82
8.34
5.25
12.88
14.02
