8.57
11.67
9.22
9.43
6.25
6.14
16.05
14.35
4.17
9.38
6.94
12.85
4.64
11.21
19.04
13.98
11.17
9.58
8.31
5.81
10.28
2.77
11.67
9.30
12.34
11.53
12.16
9.36
9.41
13.51
11.21
7.49
8.64
10.82
9.09
9.18
12.07
15.60
15.82
11.05
12.45
4.10
10.31
8.93
9.50
8.32
5.02
3.54
13.62
14.57
15.49
12.64
9.84
5.92
6.48
7.36
5.26
8.66
1.48
8.82
7.19
9.63
13.12
4.50
5.11
7.70
3.50
13.49
8.71
3.96
12.10
8.11
10.29
8.13
7.78
16.14
8.04
10.65
6.34
8.85
11.13
5.82
7.73
6.54
15.58
14.43
7.53
7.29
5.34
3.93
6.35
3.66
4.35
8.28
9.05
12.66
9.80
12.93
9.08
10.22
12.20
10.07
9.65
12.12
5.89
4.27
16.06
6.18
7.07
10.92
7.93
7.97
7.47
9.78
4.97
9.60
10.25
3.39
12.92
6.89
4.12
8.81
8.93
9.35
7.53
5.86
4.09
5.47
8.22
9.15
7.47
7.46
3.70
3.97
7.72
13.66
8.71
3.63
4.06
8.19
5.26
9.79
4.09
6.41
8.34
5.13
1.34
6.64
9.05
0.85
7.64
11.83
6.46
9.83
5.35
6.83
6.75
15.80
6.81
9.18
3.94
12.49
9.51
6.23
4.86
16.97
3.50
5.26
3.99
4.11
8.27
4.55
10.70
4.44
7.39
5.57
11.03
12.79
5.40
10.64
10.17
7.88
9.60
13.10
5.12
12.97
9.48
10.93
8.13
9.19
7.47
8.63
12.04
3.72
6.94
10.59
8.25
12.38
19.69
9.63
5.74
11.73
15.17
11.39
4.62
11.63
14.19
9.37
8.47
12.64
9.06
14.30
12.85
11.83
12.17
7.67
15.78
14.98
12.20
9.05
11.18
6.87
4.94
7.47
6.42
12.59
15.74
8.87
8.68
15.43
13.77
9.08
7.29
6.63
5.02
12.76
9.70
3.75
9.27
9.65
9.72
10.20
8.66
17.56
3.36
4.65
12.10
11.87
8.07
7.12
14.85
6.66
7.71
7.97
6.65
9.53
13.01
17.13
6.94
8.88
15.24
8.60
6.09
8.72
8.44
8.70
6.17
7.64
10.70
15.28
12.94
7.51
5.51
11.61
3.59
9.37
5.90
6.85
8.62
6.00
5.23
2.52
7.18
8.82
8.89
9.71
5.50
11.77
5.10
8.48
6.91
4.15
8.60
8.54
8.83
9.31
7.46
8.06
10.52
9.04
10.09
10.06
2.44
10.81
9.92
5.25
4.47
14.64
10.14
8.05
6.09
12.25
14.03
4.78
7.57
8.41
14.36
10.67
8.87
4.08
7.06
9.98
8.28
7.26
9.65
5.77
5.10
9.88
3.37
6.88
10.02
10.90
13.75
10.57
6.29
6.21
10.20
3.01
9.07
10.98
15.76
10.15
6.58
8.38
11.01
14.47
12.36
10.64
15.67
13.40
5.45
6.96
9.45
9.61
12.99
14.27
4.58
5.20
9.86
6.61
3.42
11.98
13.35
10.86
10.07
7.13
7.52
7.90
14.10
6.67
12.53
5.65
8.18
5.50
6.74
9.71
5.13
11.23
10.26
11.26
7.04
2.02
9.19
1.05
14.66
3.00
13.84
15.72
8.74
2.26
9.69
11.94
9.25
7.70
7.22
4.05
14.34
6.33
10.61
8.14
8.95
5.10
11.72
2.69
4.70
4.20
10.17
5.68
7.15
6.87
9.40
11.56
14.59
9.81
10.77
6.09
6.86
10.94
7.34
3.05
8.30
14.80
8.54
5.45
13.52
12.07
5.86
9.65
10.38
4.21
5.76
7.76
8.68
14.63
5.68
11.56
9.71
12.40
8.30
7.24
7.82
13.28
4.52
5.84
6.67
17.33
7.09
10.64
15.81
19.23
15.05
8.61
10.70
13.76
7.01
5.18
2.09
8.24
9.91
6.94
4.55
15.95
7.37
7.70
8.33
6.55
2.65
9.62
8.52
2.85
8.75
8.02
3.18
12.92
3.93
1.53
3.44
14.56
9.88
8.57
8.17
9.94
4.31
8.48
9.42
11.35
7.50
4.34
6.10
9.75
14.44
10.95
9.05
4.08
6.15
5.99
7.56
7.10
17.61
5.51
7.22
6.00
2.92
2.17
6.17
3.07
5.53
5.82
4.07
0.75
6.14
2.72
6.63
7.58
4.21
8.65
4.15
5.48
1.63
6.30
4.49
3.10
3.75
7.48
5.03
10.89
6.30
10.22
9.41
7.72
8.88
15.30
2.06
6.92
3.21
5.74
7.76
10.57
4.06
6.05
5.00
3.24
7.98
14.84
13.57
5.04
2.76
11.57
10.33
6.56
10.16
17.96
1.19
8.88
6.63
12.24
5.66
4.85
11.65
7.91
3.06
5.65
10.15
8.98
17.43
14.24
6.87
9.47
12.70
9.67
6.40
10.94
3.97
8.41
15.45
15.75
6.82
9.02
9.96
5.93
7.39
8.66
11.92
16.28
1.94
8.42
15.85
13.26
16.77
3.90
4.73
10.82
2.03
8.32
8.19
9.82
10.30
14.46
12.15
14.02
14.82
1.33
5.78
6.34
7.25
12.97
9.75
8.96
4.48
8.29
13.15
8.97
7.68
5.66
11.98
3.26
5.53
3.79
10.42
15.17
6.00
8.86
6.64
6.18
10.63
6.67
15.31
3.93
12.32
6.49
12.39
13.79
7.40
1.35
11.67
6.60
12.52
9.05
9.95
6.82
10.36
5.92
3.26
8.86
12.38
4.09
15.92
15.76
10.30
3.20
8.30
6.82
3.46
7.05
3.56
4.92
8.60
2.07
5.86
13.06
1.24
10.33
8.78
14.13
4.43
7.30
5.49
9.44
9.73
2.69
3.29
2.92
4.66
4.45
8.88
8.63
5.68
10.31
7.90
12.77
5.07
8.64
4.88
5.09
4.00
7.77
1.37
11.36
6.62
6.32
5.12
7.50
10.99
7.32
15.69
6.05
8.13
8.85
4.19
2.98
13.27
2.18
6.69
18.39
5.85
9.41
3.70
2.20
15.23
0.61
9.76
6.13
8.83
12.36
9.35
9.56
15.82
3.04
9.31
5.47
14.83
12.27
12.48
7.93
10.16
12.70
8.85
8.58
8.66
4.37
12.45
7.79
12.24
15.07
10.91
2.34
4.14
1.18
5.57
10.50
9.18
10.21
5.54
3.18
6.18
8.69
4.81
15.37
5.42
10.44
12.07
10.72
4.22
7.29
6.44
4.95
2.36
6.48
3.98
9.79
12.74
11.16
15.71
16.28
1.82
8.60
8.81
4.91
6.41
14.79
1.52
12.53
5.69
15.79
10.98
11.59
9.51
8.55
12.67
2.56
14.79
2.49
5.84
10.99
12.17
6.96
10.87
1.24
5.69
7.45
4.54
13.99
5.16
4.91
6.03
6.59
11.68
13.59
4.96
15.96
3.85
7.74
4.90
10.94
8.51
7.79
10.86
15.29
4.59
2.39
14.24
10.31
12.57
5.82
4.50
9.70
1.18
12.44
4.09
8.62
5.59
3.47
5.78
8.79
2.43
2.86
11.04
9.90
2.86
3.47
5.03
12.79
6.16
5.41
12.98
8.95
11.99
12.46
6.05
2.71
9.47
10.02
5.97
9.49
7.19
5.19
5.45
3.11
10.32
12.70
14.40
15.04
1.68
9.04
9.27
16.97
12.28
10.14
5.30
2.88
13.60
0.43
9.28
15.29
0.46
8.97
12.72
6.66
3.39
8.36
10.58
5.13
5.58
13.29
