5.25
19.71
6.99
12.04
7.51
1.49
10.73
14.75
10.59
14.27
11.88
7.57
6.10
12.89
7.40
17.77
12.25
9.32
7.71
9.53
13.63
6.61
1.03
4.77
4.72
9.79
14.13
17.47
3.87
12.70
5.37
5.86
8.44
12.37
15.15
13.26
8.26
13.59
8.60
6.83
8.12
4.47
7.92
6.10
9.94
10.90
12.65
8.01
6.14
5.20
10.90
12.58
13.63
13.50
13.43
13.30
5.86
7.26
7.97
8.67
14.75
8.71
12.97
8.80
14.32
8.31
7.49
9.95
8.12
10.14
9.23
9.49
1.64
5.51
10.29
3.94
5.94
5.82
2.76
4.18
0.53
8.77
3.71
5.90
12.53
7.97
15.08
9.92
9.10
9.53
10.36
1.94
8.51
11.42
14.96
5.49
7.92
13.00
9.44
5.11
2.31
7.80
6.37
8.54
11.23
7.40
4.23
6.78
9.34
13.08
8.73
1.44
8.53
3.52
10.00
10.87
8.73
9.42
10.90
8.10
8.89
11.89
7.70
6.38
7.96
12.09
12.87
5.47
13.50
10.80
4.41
6.99
9.41
3.66
10.81
13.02
4.35
10.84
6.69
8.47
3.48
9.62
19.73
7.18
12.28
10.36
12.02
9.96
12.79
11.87
4.10
11.98
16.81
12.26
8.83
8.82
5.29
9.57
8.02
7.53
7.49
14.26
2.34
9.23
12.27
9.83
13.37
10.26
8.81
7.22
13.12
8.87
9.84
11.44
3.32
6.70
13.50
9.22
4.57
6.83
5.61
9.54
8.74
9.41
7.36
12.98
7.71
9.37
9.57
4.81
12.98
7.93
8.42
6.83
13.46
4.57
10.69
13.52
11.42
9.54
9.03
4.71
10.41
10.83
10.06
8.25
14.91
9.35
9.73
9.72
13.77
12.32
12.73
6.87
8.72
15.09
8.25
11.35
10.54
9.21
1.88
2.17
13.71
9.50
9.16
8.17
9.99
9.74
1.84
10.62
9.62
12.79
2.36
6.87
9.54
7.85
12.02
11.12
13.69
14.66
9.30
9.30
10.53
8.16
8.09
8.09
10.34
11.31
10.61
7.02
18.41
1.41
6.25
9.98
12.79
8.14
4.09
6.88
7.77
11.41
5.83
1.65
11.79
6.55
7.98
3.41
7.68
15.73
10.28
6.06
7.67
7.08
11.67
18.83
12.92
8.64
10.24
7.72
9.90
12.66
9.78
6.07
4.98
12.39
10.14
4.62
9.32
4.52
2.40
9.93
9.75
9.59
5.55
9.47
6.65
9.09
17.92
3.34
8.71
15.31
7.62
8.22
10.17
10.34
12.30
8.94
9.60
13.65
10.28
4.11
8.01
12.31
19.45
12.91
3.55
1.54
1.22
12.19
17.96
1.35
4.83
6.39
8.22
5.23
8.47
3.82
5.10
5.17
9.26
4.96
13.47
9.26
12.13
9.95
6.93
12.11
10.50
10.73
6.84
9.20
17.21
3.84
7.65
9.74
12.14
6.07
8.65
5.16
6.28
15.89
10.98
8.02
10.15
8.49
8.98
9.38
10.55
7.73
13.51
6.20
9.16
6.53
9.60
6.66
12.23
5.36
9.52
8.96
6.25
5.96
14.51
12.49
15.14
10.48
16.44
2.89
11.81
15.89
9.82
6.89
14.27
10.62
12.79
3.12
5.36
9.52
9.18
5.18
7.70
9.76
14.51
5.11
4.36
8.94
12.26
10.99
10.87
9.68
7.02
6.65
10.96
15.24
12.63
14.54
7.21
8.91
8.06
10.97
5.60
9.44
10.80
9.26
12.14
1.42
12.69
9.61
12.46
12.40
3.68
6.03
12.21
12.42
9.83
7.31
8.77
6.23
10.57
12.28
5.27
9.16
12.57
7.68
5.85
10.27
2.07
6.09
14.57
9.36
12.26
14.10
2.73
7.13
12.39
6.23
7.42
10.03
10.58
7.64
11.36
18.76
5.75
4.57
8.17
6.23
4.77
8.96
7.47
9.25
0.90
17.72
11.76
12.18
13.38
2.02
6.76
3.97
7.99
7.21
10.61
12.88
8.90
2.86
4.92
9.79
6.68
9.89
14.23
4.86
13.09
7.97
6.77
10.19
9.83
9.63
9.19
5.63
7.88
7.24
6.64
9.08
11.38
10.76
6.94
5.22
6.58
9.55
4.37
5.61
9.80
9.69
8.94
6.17
1.80
0.25
3.66
2.79
2.93
2.46
4.93
2.48
9.96
3.12
2.54
2.55
5.92
2.82
4.22
1.38
3.21
5.46
3.21
5.54
4.53
4.20
5.27
10.71
5.51
8.69
1.71
2.17
6.76
3.05
11.91
11.61
9.27
15.24
7.69
9.01
2.17
4.11
0.14
1.13
5.21
6.53
3.94
9.32
1.55
5.44
4.74
12.73
5.39
4.39
5.01
8.28
11.28
12.22
10.77
11.70
6.76
9.72
4.44
9.36
10.74
5.32
12.89
7.04
12.37
3.08
17.18
15.91
10.79
10.95
2.70
12.67
6.76
17.33
3.75
5.11
10.38
4.87
2.78
6.50
7.06
10.87
13.82
10.79
11.27
8.64
6.26
10.93
12.69
4.75
3.53
4.85
10.67
15.26
12.14
6.31
15.16
7.63
6.66
5.30
3.25
4.31
4.35
17.24
12.91
2.46
9.38
3.38
12.45
5.78
5.10
5.46
0.72
3.32
13.78
0.03
15.08
8.38
13.69
6.73
3.70
4.15
15.85
6.70
8.61
1.00
2.84
2.44
4.84
6.56
6.74
1.43
8.37
5.49
7.88
14.05
6.09
9.01
18.85
11.40
11.28
7.45
5.41
9.33
2.40
12.50
12.03
8.26
2.42
8.86
14.17
1.69
12.41
7.28
14.76
12.88
12.55
5.68
4.27
8.95
5.52
7.30
7.92
15.06
9.36
13.37
10.44
12.28
6.90
3.76
3.48
8.94
12.17
9.85
3.08
11.96
10.66
5.15
5.34
9.16
10.40
14.99
6.57
6.78
6.24
5.35
10.32
9.05
9.44
13.27
9.19
3.06
12.13
9.22
1.43
2.24
3.43
4.85
7.08
7.10
4.19
6.13
8.07
2.73
9.73
3.10
10.11
3.31
12.81
10.92
7.12
17.97
5.36
8.43
6.04
13.03
12.46
5.97
12.31
5.65
5.37
13.98
4.56
6.26
2.57
1.89
4.66
4.63
12.04
9.38
17.60
6.54
3.19
2.30
5.37
8.80
5.93
10.54
10.51
13.80
2.46
2.90
6.33
11.57
14.07
10.38
6.83
6.95
7.17
9.84
3.73
8.84
10.16
10.10
6.37
6.24
8.70
9.54
14.39
10.94
5.62
6.48
13.88
8.49
3.21
9.29
10.06
2.62
1.17
4.52
13.78
3.42
18.79
9.14
4.59
15.24
8.34
2.55
10.62
7.73
9.24
8.21
10.95
7.23
9.68
1.94
16.94
2.94
14.08
3.98
3.97
5.09
4.32
13.69
6.86
12.91
7.22
13.80
2.05
4.74
10.82
13.33
15.00
8.40
5.11
15.57
2.67
10.36
2.91
18.94
6.82
3.91
3.31
10.18
10.86
7.56
4.48
7.70
4.77
13.63
6.45
12.10
12.08
12.98
8.58
15.69
9.83
5.91
3.78
5.06
15.19
7.14
2.41
1.78
12.82
7.96
4.83
5.41
6.78
9.03
4.95
8.11
11.40
8.62
3.88
3.68
12.75
4.42
12.57
3.61
13.33
13.79
11.79
11.03
9.29
4.50
3.07
15.86
11.92
12.50
4.30
12.05
4.87
9.70
5.66
12.75
10.33
13.07
7.43
5.40
9.29
13.80
