12.44
8.46
12.34
8.65
8.42
7.04
7.99
10.52
9.11
9.28
5.88
7.17
4.67
13.80
14.09
9.07
7.65
3.09
9.28
7.62
4.46
1.96
11.34
8.01
6.44
6.10
14.20
12.54
10.77
9.40
9.42
11.90
5.16
11.01
12.16
6.54
4.18
8.60
1.49
13.83
5.03
9.12
7.03
4.62
12.46
9.85
10.82
4.54
6.78
6.91
15.14
7.05
4.75
7.67
12.90
12.85
9.95
10.36
16.22
3.35
2.74
12.14
3.99
8.67
9.28
10.80
11.35
8.77
7.89
15.12
9.83
14.74
6.12
9.96
4.86
4.76
4.86
10.38
12.44
2.98
14.41
10.16
2.77
4.50
10.45
10.55
12.65
4.55
10.36
14.65
14.97
10.24
12.13
8.44
9.48
9.58
3.72
3.37
15.98
11.05
9.23
5.23
5.51
3.95
10.15
17.38
9.90
2.64
9.45
9.86
9.00
8.36
1.89
17.90
9.11
4.97
9.09
2.95
7.27
10.23
13.03
9.77
18.37
10.90
5.69
7.29
14.82
6.72
8.60
6.63
8.36
7.93
10.39
12.83
12.70
9.76
12.57
5.92
8.88
3.05
8.17
11.78
8.35
5.54
12.54
10.84
15.84
6.73
2.29
9.88
8.49
5.21
3.13
6.02
11.81
8.69
9.34
12.67
15.09
8.37
6.77
9.96
16.65
6.51
12.52
5.03
8.21
8.47
4.22
4.45
6.43
7.83
5.06
17.86
10.46
6.79
12.03
8.71
7.28
9.88
9.82
2.24
8.43
6.61
8.17
7.09
10.38
3.74
6.87
5.01
8.04
6.58
8.76
8.95
9.86
6.96
12.28
8.00
5.04
12.68
5.92
8.95
10.77
7.32
13.41
9.05
10.99
9.79
5.41
9.44
4.15
12.79
7.63
9.43
18.83
12.13
8.58
10.07
13.16
10.01
10.77
10.78
9.68
6.73
8.56
8.93
4.47
9.06
10.60
12.70
3.11
4.34
12.95
3.79
7.10
9.44
4.56
9.58
9.67
8.07
10.19
8.38
5.76
12.33
4.64
10.08
10.44
5.52
12.35
8.76
8.52
5.96
6.14
7.91
12.76
8.29
8.38
18.49
15.61
10.87
12.72
5.18
15.84
4.53
6.59
6.48
13.54
2.02
7.75
11.73
15.04
4.47
7.61
9.85
7.07
8.31
6.81
4.32
8.71
8.61
2.11
12.33
11.50
7.91
3.10
3.59
9.13
9.74
1.25
12.64
5.21
8.88
6.18
3.49
4.90
16.94
3.01
7.39
12.17
3.96
4.49
6.40
12.02
11.46
4.38
9.25
5.56
6.68
15.17
9.35
9.78
5.95
5.00
3.71
10.54
1.77
2.94
12.47
5.68
9.07
9.91
9.24
8.06
9.24
12.66
12.84
4.26
8.22
12.12
7.23
5.74
6.23
15.72
6.76
4.13
7.36
8.29
8.44
2.41
11.78
14.00
5.83
15.42
17.97
19.22
12.39
12.34
8.35
13.79
4.67
11.45
4.86
10.14
5.11
6.23
12.53
9.53
6.85
7.03
9.22
11.77
9.93
5.88
9.21
4.17
12.83
5.95
5.49
6.53
11.15
7.47
10.84
7.63
12.74
9.24
8.85
3.70
7.61
11.50
8.34
4.26
2.44
12.03
3.22
8.31
5.24
5.05
12.51
9.13
1.24
7.30
8.48
3.26
8.23
9.83
10.98
6.46
9.18
5.13
2.66
5.04
9.59
9.19
8.82
12.60
3.88
7.42
17.22
6.66
9.08
7.22
4.19
15.67
2.09
15.90
8.68
5.46
5.46
6.21
10.85
6.11
12.79
8.05
9.61
5.15
3.42
4.60
6.19
11.14
9.95
4.14
4.05
11.40
9.65
8.79
7.41
12.49
9.71
12.57
6.56
5.54
10.18
8.97
11.82
5.79
5.33
8.43
8.32
7.30
13.71
9.23
15.59
9.33
6.19
14.77
8.43
4.08
3.52
6.09
6.99
5.42
5.74
12.49
8.73
6.15
10.50
8.93
9.82
5.30
11.74
9.78
10.31
8.78
5.68
9.11
2.01
4.99
12.19
7.53
5.73
4.54
6.98
9.45
6.54
3.94
10.40
2.03
5.67
8.24
8.67
4.37
9.35
7.56
3.70
8.15
15.09
3.40
7.15
12.12
2.24
8.64
1.05
3.45
10.58
6.76
3.05
3.03
1.00
3.60
2.94
2.11
1.55
8.99
4.82
5.13
5.79
3.30
4.20
5.58
4.71
4.77
2.76
1.08
6.74
5.84
9.00
10.66
9.50
9.80
10.48
5.54
4.12
7.31
5.57
6.45
12.64
15.46
7.86
10.67
13.43
8.58
3.32
18.06
10.67
15.44
10.16
15.50
8.81
9.64
8.29
2.85
7.34
9.40
17.55
10.45
5.52
6.79
9.31
9.92
6.33
10.67
8.65
6.34
8.05
3.74
10.42
4.99
5.47
8.65
10.72
10.26
7.30
7.70
17.26
6.62
6.82
6.55
5.17
1.48
7.50
8.01
9.67
6.30
7.42
17.47
10.65
5.44
12.50
7.95
5.86
2.17
7.38
6.01
5.10
10.61
5.56
8.85
10.29
3.47
14.05
11.61
4.74
1.57
5.42
11.61
5.41
10.07
15.28
7.00
12.98
3.82
4.90
9.85
14.12
10.22
8.99
9.91
14.03
14.66
3.48
1.16
17.21
5.49
17.99
7.69
10.07
10.15
3.83
4.34
12.26
7.23
7.94
2.59
5.89
2.92
2.74
5.09
13.39
1.53
2.86
13.36
12.77
10.72
5.33
1.61
6.63
6.17
6.97
12.72
9.42
9.38
17.65
4.09
9.82
5.20
14.97
8.66
3.97
8.29
14.02
11.42
2.44
8.40
9.86
15.70
13.24
10.03
18.12
4.72
12.80
7.34
6.70
6.56
7.16
8.22
0.94
15.68
3.88
3.26
4.59
15.38
6.52
11.41
14.90
5.57
12.33
7.98
4.71
8.08
6.03
7.35
7.23
12.69
18.07
7.27
6.67
9.60
13.82
5.53
11.53
11.02
8.93
4.81
12.46
8.78
6.24
13.39
15.57
9.67
11.20
2.72
4.15
11.39
12.75
10.78
5.40
8.59
6.52
7.85
1.99
7.22
9.68
12.61
12.43
8.42
13.23
13.76
2.67
2.36
13.21
2.92
8.91
5.77
2.37
7.88
14.90
13.63
5.28
10.73
15.13
10.51
1.51
12.91
13.03
13.06
17.61
11.20
12.18
7.77
12.17
3.40
12.83
9.19
5.82
3.30
8.33
10.41
5.09
13.59
9.96
5.18
1.49
7.77
2.39
3.31
4.88
13.70
12.56
12.24
3.42
2.91
3.79
9.12
7.88
11.26
3.00
2.73
9.60
5.98
14.30
7.79
10.77
7.27
4.18
3.22
3.61
7.67
7.67
6.21
9.08
9.47
3.05
6.45
5.28
10.14
4.04
17.40
3.25
12.16
10.90
9.35
3.48
16.70
15.20
12.03
8.65
8.56
5.53
9.96
12.14
10.33
6.20
4.30
16.90
7.31
13.16
6.06
4.43
5.49
4.84
12.96
14.98
15.69
8.15
13.58
7.87
6.42
7.36
3.77
5.58
9.22
7.29
8.65
14.30
8.80
7.18
12.55
8.73
6.39
1.80
5.83
3.04
7.53
2.76
17.12
4.22
9.50
7.91
13.02
9.81
8.58
10.58
12.04
17.60
15.95
6.02
4.64
12.14
3.78
6.34
13.87
13.56
5.88
6.65
7.18
10.80
5.73
1.14
2.35
6.58
13.60
12.32
11.01
7.51
