10.35
7.63
9.64
6.56
9.98
5.47
13.57
9.79
10.59
8.92
5.77
5.28
9.28
5.37
7.50
8.33
8.74
14.21
7.46
13.63
8.34
15.62
7.06
7.79
10.14
7.30
9.24
9.52
5.73
3.46
10.34
9.36
6.95
3.89
12.32
2.58
5.31
4.98
10.55
12.61
7.39
4.73
8.91
9.45
15.48
19.47
9.65
9.22
6.35
6.73
9.52
9.76
9.76
5.77
9.73
13.00
1.83
9.37
4.36
9.60
11.85
8.07
6.46
6.39
14.07
9.73
10.14
11.18
9.96
15.85
6.60
14.19
19.07
8.42
13.18
8.20
7.25
12.07
10.06
8.28
11.14
9.13
4.77
9.46
14.14
13.68
1.95
10.97
8.94
10.01
6.65
6.59
3.80
9.17
7.69
12.86
7.65
10.97
5.91
6.64
7.67
2.31
9.69
7.13
14.42
7.28
4.03
4.64
5.63
8.14
9.35
3.20
8.33
6.91
4.10
6.11
12.84
10.61
17.52
14.40
4.38
10.76
6.33
18.04
9.11
13.18
7.41
8.67
12.72
6.83
8.11
9.80
7.13
9.91
10.15
6.29
12.07
8.03
13.31
7.13
10.71
14.64
8.63
5.70
8.22
13.27
10.91
6.16
3.36
12.24
13.18
3.69
6.40
9.88
9.92
8.36
8.65
10.09
14.67
1.56
9.64
15.22
9.28
7.62
13.40
16.37
5.60
6.36
9.58
8.21
13.75
14.51
6.63
8.85
12.13
14.55
8.40
11.32
8.50
4.30
7.03
4.30
6.95
9.92
7.56
3.51
12.51
9.33
6.49
10.97
8.71
8.72
6.48
11.05
10.20
12.36
7.77
3.74
12.32
8.68
6.40
10.68
8.92
4.35
11.33
10.01
9.76
2.80
10.39
7.75
1.44
6.53
10.00
6.91
7.31
12.17
7.01
6.06
4.09
11.38
5.99
8.66
15.34
12.88
5.74
10.49
9.02
7.40
17.60
10.07
6.06
10.51
7.69
12.25
7.84
4.29
7.04
6.79
9.64
5.22
9.07
1.67
8.79
5.13
12.35
7.11
15.31
17.75
12.03
6.11
8.70
16.23
10.20
4.94
16.79
4.72
15.36
8.17
6.96
9.73
12.40
11.15
10.84
11.46
4.68
13.77
6.34
6.43
6.42
5.64
10.87
12.59
11.32
2.67
12.97
15.89
7.86
8.59
2.11
8.94
7.39
7.52
10.24
10.44
13.62
16.50
12.16
17.63
12.17
10.13
14.61
10.62
12.29
10.66
10.64
10.91
7.45
12.39
8.75
9.05
5.30
11.83
7.46
14.12
7.53
16.00
9.47
6.38
3.10
4.81
7.46
12.45
9.85
9.35
6.97
2.43
17.42
12.35
9.63
2.07
9.61
9.87
3.80
14.06
2.06
13.13
7.85
12.15
10.85
4.62
8.32
3.25
9.41
4.78
6.36
10.63
13.09
6.99
14.98
12.27
9.65
5.16
8.36
10.79
15.57
10.31
7.74
6.45
11.99
7.33
8.30
3.79
13.28
12.22
12.17
12.31
13.54
2.09
9.77
9.12
9.10
10.13
10.26
4.42
2.37
6.68
5.35
5.24
7.68
6.59
7.62
15.07
5.57
12.98
3.65
6.12
4.96
5.04
6.75
12.54
5.06
9.99
19.41
6.31
3.39
15.69
13.87
7.31
7.03
8.60
10.32
8.48
9.44
2.64
6.29
12.97
5.21
12.41
5.39
8.07
8.42
5.03
16.83
4.19
7.93
11.88
9.21
7.96
10.34
9.72
3.97
12.26
9.46
5.99
7.53
14.23
4.94
9.96
1.63
11.58
9.17
14.42
3.31
10.73
14.59
4.47
8.38
5.44
6.45
9.82
12.72
11.86
7.55
9.28
9.71
10.49
6.98
11.67
6.61
8.14
4.40
8.36
4.46
5.98
9.60
8.58
13.32
10.67
8.97
7.48
1.92
12.90
9.31
5.01
13.61
12.13
12.57
12.07
12.30
5.20
12.96
12.28
14.36
7.57
13.76
3.90
5.53
2.67
9.44
13.67
15.52
6.62
9.59
3.01
4.66
4.62
2.82
4.38
5.34
6.21
9.72
10.07
5.43
9.54
3.25
12.05
14.39
11.90
6.12
14.48
11.24
19.60
8.38
6.45
0.61
12.47
11.27
13.15
7.39
7.68
9.21
2.08
5.79
1.36
5.57
2.53
5.79
1.04
4.65
6.32
2.72
1.47
9.30
4.25
4.47
8.54
4.00
2.47
3.28
1.14
5.44
4.98
5.63
1.27
7.10
15.39
4.73
5.35
7.80
13.00
5.42
7.99
11.91
8.55
5.94
9.00
6.89
2.93
6.02
7.50
12.70
14.54
9.25
12.56
4.95
6.23
7.83
5.87
6.29
13.94
10.57
12.99
0.36
5.37
2.40
10.92
18.95
12.69
5.82
4.78
1.11
3.51
12.52
10.42
15.67
4.48
4.37
1.78
14.40
2.34
1.37
3.87
2.26
8.87
4.61
12.10
7.77
4.98
9.34
13.73
1.33
8.85
3.50
2.70
12.12
9.78
7.93
13.06
3.03
4.85
10.64
1.68
7.47
5.57
8.32
7.04
14.39
4.20
3.47
9.42
12.38
4.89
8.90
3.42
6.66
9.90
15.85
10.95
10.55
1.60
5.63
7.77
10.12
9.95
9.62
7.81
10.83
5.53
3.85
8.91
3.60
6.43
11.81
6.89
10.50
3.18
14.96
1.23
3.39
10.25
7.25
12.76
5.60
13.27
9.17
14.63
12.04
7.69
1.43
7.57
6.65
17.13
13.41
6.90
10.26
5.83
5.49
6.06
7.11
10.12
9.82
5.41
2.24
18.51
8.93
13.46
5.79
11.38
13.39
4.87
5.95
5.39
9.32
4.33
9.69
1.28
1.05
3.58
5.29
4.30
7.47
10.93
5.31
13.32
8.98
12.16
12.75
2.05
5.19
1.48
14.22
3.31
6.59
4.99
13.14
2.07
2.15
14.39
7.45
11.33
2.26
14.32
8.25
10.86
14.77
4.96
2.99
10.46
4.07
12.29
4.50
2.41
2.15
5.77
7.43
2.52
5.99
8.12
4.44
2.83
5.02
6.48
7.69
10.72
12.18
13.89
4.36
4.65
12.91
12.17
16.33
0.55
2.43
5.43
5.72
15.31
8.96
8.91
16.55
4.72
3.35
12.09
10.44
0.64
5.63
6.01
5.65
1.18
6.24
7.10
5.91
12.01
14.66
1.62
8.68
1.96
8.23
12.80
13.58
6.61
5.00
6.45
9.18
6.07
2.96
7.96
2.70
9.48
14.17
12.58
4.72
17.17
8.63
4.00
7.29
6.55
2.85
0.64
9.54
12.80
4.90
3.09
11.76
3.19
9.12
10.72
12.52
10.30
10.26
3.70
2.04
14.46
12.42
3.00
4.52
10.36
10.16
8.84
7.33
7.58
8.32
6.16
13.58
3.37
4.75
8.46
7.56
7.60
5.66
10.97
3.16
3.49
5.54
5.03
7.17
2.65
2.32
10.95
14.44
10.74
12.71
12.50
12.52
9.04
9.33
9.45
10.96
6.35
13.23
2.37
4.73
8.54
8.91
1.11
6.65
4.81
9.81
10.95
8.53
8.64
9.98
5.09
15.77
5.94
9.33
10.68
5.58
7.37
15.07
12.09
7.85
7.90
12.99
9.14
7.92
8.03
4.59
11.18
9.24
8.24
7.22
3.38
12.41
16.25
11.14
10.71
10.36
3.76
8.36
5.63
6.13
5.20
10.25
3.85
1.54
6.17
8.38
5.22
15.50
11.73
6.98
12.11
3.19
9.26
