5705.7
6818.2
8942.8
357.5
2610.9
5557.3
2280.0
14628.2
2661.7
16027.3
3186.5
6133.4
7846.8
3916.8
5882.7
9410.5
12586.6
2440.4
2196.3
4267.0
3118.5
3994.3
5761.9
2953.4
1706.1
4359.1
2246.5
3698.9
4244.7
4422.4
5002.7
4089.4
5218.0
3899.9
13593.1
7791.9
5944.8
3154.9
2774.2
5324.1
2432.4
430093.6
2800.2
5173.9
3681.7
4159.3
3796.4
1078.7
2244.3
2395.8
1728165.8
3405.2
5724.0
4357.5
15760.0
6619.6
5939.1
9626.4
360437.0
2578.7
5745.0
4758.6
3112.2
6664.0
3952.5
5678.8
3221.6
1662.7
15967.8
2152.0
2668.5
14361.6
5050.3
4749.2
7805.7
2470.2
5658.8
1532.0
1324.8
3082.7
5247.1
46665.8
5649.3
2423.9
5614.0
9515.3
9854.1
10514.1
34751.5
4276.2
5380.9
3641.9
4351.5
10182.3
17123.3
4741.3
6112.8
3768.4
9017.1
3904.7
4563.6
2577.7
3070.3
2308.8
2659.3
3512.6
16253.7
7736.8
3230.6
6151.1
4979.0
6836.3
2305.6
2294.0
2785.6
3549.1
914.9
105129.1
2327.7
1830.9
4199.5
1805.5
5694.0
11660.8
3140.8
4816.3
3309.6
3673.6
3993.9
16022.4
6076.5
2557.0
8034.8
3540.2
3449.7
3807.8
3476.7
1047.3
3397.3
14162.6
4016.8
860.8
7297.8
2479.6
3881.9
49697.4
4046.9
2433.0
2310.9
18198.0
2915.7
8799.3
3989.6
2713.9
47667.7
5993.0
5282.5
5109.1
3782.1
3011.5
3802.6
10597.4
2917.4
8337.3
5094.2
3234.5
2440.2
24327.0
2444.2
4225.8
3912.5
3697.5
4420.6
5057.5
4548.2
2427.9
3990.3
8750.0
3941.7
3623.9
3167.6
6054.5
2107.1
3939.2
5314.0
16846.5
4232.4
3892.2
4104.1
4509.4
5569.0
956.1
3419.8
3205.3
4859.6
4933.0
2258.6
2572.4
3497.3
3031.7
3749.6
6539.1
4381.6
3526.0
1634.6
3166.2
799.8
13960.1
6191.3
13895.4
1819.9
8583.6
4450.5
1249.4
44768.1
2310.3
4711.3
2290.8
7321.3
3934.4
11862.4
4908.4
4102.2
6827.8
3952.3
2271.8
2415.0
3889.3
3011.4
2545.3
4656.0
2791.4
2297.4
15147.8
5298.9
2694.2
4079.7
6145.2
3508.6
4525.2
1001.7
2714.7
104250.9
6166.9
6045.6
5221.6
3417.4
2911.4
5799.5
3194.3
8980.2
2472.8
952.9
1545.9
3996.5
16447.6
885.9
7004.0
3561.6
2930.5
3120.2
4170.0
3837.1
3826.4
4629.6
5778.0
4486.4
11047.5
11689.9
6519.5
2599.3
2552.5
6008.8
4001.3
3234.2
9687.4
2984.4
5321.4
3612.6
484979.8
6320.5
4259.1
2460.5
8271.8
13357.0
4744.2
8891.0
27907.3
4844.4
3979.7
2445.9
17166.2
11329.8
5312.4
11171.6
6829.5
2539.7
3784.3
1395.9
5755.7
2573.2
2449.8
3831.0
3248.8
4048.2
351412.5
4890.4
3443.9
4271.9
3279.5
11640.7
5585.8
3734.7
4701.9
2797.9
2755.3
3613.1
6032.5
3449.4
3257.7
8599.1
2447.1
2704.2
6148.6
2459.2
3361.3
6232.1
1399.9
880.3
2680.7
2334.4
16307.9
14271.7
3155.2
2872.2
3732.0
15259.1
2601.8
11986.2
3721.8
11080.9
3634.9
3676.0
6000.7
5381.9
4195.4
9606.4
3715.7
5763.2
3455.2
6747.4
15466.9
2426.2
2546.6
3411.2
2432.3
3751.5
3834.3
1537.0
7876.5
4231.3
4432.8
2732.2
13589.6
4896.4
8433.1
3769.9
5329.2
3224.7
5924.1
3853.9
2068.2
9864.9
9878.2
1025.0
5882.4
2619.0
13153.2
4786.1
4663.0
7183.5
4093.0
3148.6
3063.0
12526.6
9605.3
3685.4
2836.5
4225.6
866.1
1890.9
191218.6
795.0
2642.3
5190.7
4022.2
901.2
4016.4
3655.2
4104.3
2606.0
3428.6
3282.5
2668.0
13004.5
3272.3
4193.0
11123.7
1284.8
9159.5
13899.9
3024.1
5587.3
2277.5
24429.3
3536.6
2831.0
4370.1
3096.9
1252.8
4333.0
3977.8
2407.1
16379.6
2576.9
2809.0
13311.1
2716.0
5205.6
13384.4
4488.7
12550.0
5895.7
6207.8
2304.8
3209.5
5035.3
1372.5
3455.8
3065.3
2980.1
1509.4
2372.3
2116.9
4318.3
5932.5
6795.8
2283.2
8245.9
3861.2
5632.0
2317.9
5238.7
2625.3
3205.7
3479.2
3711.5
2820.8
5821.1
4834.6
10197.7
2977.5
5271.1
1086.0
5175.9
5107.6
26380.9
17330.5
2449.9
4983.4
2585.6
2362.0
1172.6
5065.3
5781.9
6227.8
2933.9
11275.1
4787.0
19926.2
6215.2
33470.7
2704.9
13049.2
3533.2
2403.6
5000.5
3635.4
1525.6
3356.1
2836.1
6868.1
2572.2
4958.6
3795.2
5871.3
2343.6
3577.8
4909.3
3299.7
2343.5
2398.9
8970.4
3302.2
3639.5
2692.2
2291.4
3234.5
3645.6
3259.2
10108.5
3354.1
3608.6
5090.4
4126.1
6059.8
10057.8
14998.2
4033.0
4968.2
12640.4
4749.5
3287.2
8818.0
43066.0
1008.5
2575.0
2251.0
11604.7
3043.7
6097.4
1634.6
2778.8
11484.7
7354.6
2490.6
15897.1
11638.5
6303.8
15465.3
3973.7
4153.5
4432.1
2455.2
2785.0
8723.2
3402.3
4955.5
4691.3
5191.9
5916.8
3618.8
4658.1
2712.1
6110.1
11121.3
3825.0
9474.1
20756.3
11763.1
11624.8
2588.8
9508.5
10188.4
2860.0
6033.8
1424.5
2545.5
11181.4
2326.7
2343.8
15111.6
3767.5
5750.7
3093.0
3810.9
4603.9
4610.1
6201.0
6672.8
2823.2
15203.2
2646.3
4927.8
16927.9
2358.6
5932.8
24217.7
3809.6
4434.2
9807.4
2391.5
979.6
5369.9
4695.0
1778.2
5460.6
5035.3
1036.1
2961.2
3597.4
5658.0
1752.9
2567.4
3544.6
4135.2
43252.4
794.5
13147.9
3495.0
37735.4
5255.5
6791.6
3116.5
2923.9
4194.0
1006.5
3158.1
17485.9
2300.5
8259.7
3326.1
3052.9
4083.5
875.5
3885.7
2252.3
12920.0
6451.7
3794.2
3280.5
2430.5
6060.5
4054.0
3589.0
3371.6
11617.8
3150.3
13147.6
6168.7
3130.6
2948.2
10073.6
1379.3
3178.4
7282.1
14269.4
1822.1
15577.8
3411.3
2619.0
14088.3
1928.9
4141.1
3296.7
2939.0
2079.4
2185.0
18204.5
10700.3
4974.9
3312.6
14271.9
36839.0
4195.2
5075.8
2917.8
4059.2
14039.8
48611.5
4880.3
6191.6
2124.4
4711.6
12262.1
26534.8
1397.1
3434.9
5302.5
2624.7
4290.8
3311.4
2841.6
2311.1
3707.9
17556.5
5268.3
1427436.3
5871.8
2508.0
2942.4
4653.1
2357.6
3507.0
3312.9
996.1
5774.2
2952.9
9202.2
40369.7
15615.8
10599.3
4616.8
2604.0
3880.1
5684.3
3100.4
1651.5
2302.0
2727.6
3441.3
40099.4
7614.4
6517.9
16971.2
13515.3
30381.0
4185.6
5407.9
3062.3
6177.0
4163.2
5018.9
1136.8
40115.9
5109.9
3225.6
4549.5
1116.3
5295.7
2340.2
6056.1
3800.8
3534.1
4304.2
6780.1
4984.0
3948.8
8233.8
5377.1
2263.6
2573.2
972.6
3286.9
4437.7
5851.9
1460.3
5071.8
9049.1
2939.4
4845.1
11393.5
2353.6
74286.8
5147.4
996.1
1248.9
4559.4
152658.8
2381.8
5189.0
4256.6
2663.1
3166.5
5551.3
4072.7
3015.2
809.5
81110.1
6195.0
4560.9
3387.3
6453.4
9308.8
916.0
4039.0
3331.9
4303.8
10222.2
4929.8
5545.2
16593.3
1766.8
1607.5
3424.4
2529.4
2222.2
2271.8
15466.9
4240.9
4049.0
122303.8
4725.7
2468.5
5406.8
9802.6
15593.8
5680.0
70006.1
6642.8
6103.4
3466.3
2416.5
7807.1
5757.4
2936.5
1077.0
16543.2
6483.0
2239.3
5012.0
3409.3
16412.1
40173.9
14835.5
5711.7
15293.8
4393.2
2556.1
3874.6
4620.1
13933.8
13417.3
3773.4
5250.9
5885.8
8360.5
10004.8
4412.3
10281.8
1328.6
3845.9
970.1
5694.8
9255.3
753423.6
473549.7
583783.4
9883709.1
70789.3
557338.5
408306.9
108662.2
1489116.5
1333262.6
148587.0
658824.8
307999.6
2662499.3
67851.8
227672.4
1575978.0
2139308.0
4290569.3
402667.0
654664.7
755486.2
394047.0
64487.1
2290230.9
967246.3
1073795.4
1580428.6
582867.1
12296.3
2681914.4
826233.8
8083701.6
2390602.2
3598243.9
1611312.7
1893683.6
945329.3
61357.6
1756668.7
263427.4
289407.5
412303.1
202771.3
251222.5
2846719.7
43162.2
294894.6
6267238.6
166468.0
282110.5
907164.1
183454.1
354740.3
44584.8
555791.5
2141431.6
874716.6
758009.2
87058.8
165611.8
37135.3
1910936.5
1285779.6
899529.0
1615994.5
382857.8
79735.2
1334435.9
1620724.6
58710.5
393676.9
199859.0
325920.3
33754100.2
464834.8
160628.1
133550.2
220585.8
318563.6
4094936.5
3698952.3
874927.0
46786.3
1294216.7
254023.4
57596.7
273630.2
41141.3
294963.3
749042.0
740817.8
7692369.5
25362.3
58750.5
164481.1
165864.8
572047.2
18782.7
147370.6
3145734.5
108770.7
145875.8
6057373.6
50550.5
699730.0
809523.3
715646.7
101089.2
699823.4
1645526.4
690247.9
1995348.2
72125.2
257531.9
143852.9
20048.0
458435.2
2980697.1
33458.3
338952.1
25023.9
1657876.8
109400.9
1680616.8
94021.7
1011231.1
72883.1
861928.2
782746.5
2790.0
835737.1
966434.4
24301.3
1056069.0
19868.5
614841.2
2261637.8
621063.8
921481.6
989037.7
26878.4
209762.6
162512.0
436874.8
788037.7
1075025.3
89391.0
359443.7
377568.1
264277.8
609307.1
1101988.8
1090821.0
104927.1
21367.1
392678.3
650320.7
75081.3
314736.5
1539886.5
742043.5
1671776.0
876974.7
160688.6
9260.6
52953.4
81395.8
90161.6
743908.3
961345.1
2681077.0
134362.1
513351.8
585050.4
2337718.2
151041.3
204854.7
35733.7
2589578.7
282862.8
247086.5
1244549.5
47819.1
205580.4
15765.5
488487.6
842645.5
309315.1
1095765.1
164334.0
1317586.3
928275.2
175385.6
75453.5
735802.9
582728.9
95393.9
629509.3
719102.2
202369.9
142426.6
744664.9
317265.7
180347.4
768178.9
251134.4
7047592.0
143098.9
2835962.0
848591.9
334206.0
903900.2
153648.2
18274.7
1103714.7
118588.5
268301.3
73781.1
1564857.2
91747.8
1793338.0
92602.0
232559.2
1080634.9
1926676.6
206656.3
3067675.9
25653.9
483636.3
2955395.3
26700.9
5129930.2
1015737.2
749902.0
127430.1
566268.6
35728.6
911525.5
769273.2
349944.1
50727.6
213565.7
56158.4
312183.7
1281702.5
1704707.5
69842.6
271452.0
124716.2
2731868.7
130425.2
66085.3
1073398.3
1559196.7
304803.6
7504870.6
906040.0
37406.7
2165872.0
833574.9
174074.6
100243.8
430422.2
63657.1
127748.1
167497.1
189330.6
34574.4
51404.1
545452.1
351912.6
21058.3
672727.8
1256048.5
56487.5
150789.9
95520.5
114120.8
1991258.2
2326956.8
472060.6
2613274.1
105698.2
2708714.9
736699.0
2960226.4
2181972.2
474127.3
26273.3
889464.4
67356.2
136728.7
102686.4
370370.7
63716.7
1502649.4
133797.7
1163140.0
618433.5
308180.9
232960.5
80727.5
113157.4
458359.5
502612.7
315946.7
78033.0
1594073.5
131409.9
133121.7
375500.9
20926.1
162121.2
319763.1
171762.2
58553.7
156570.3
848935.0
608261.3
418214.0
3861217.3
1107944.9
480719.5
51870.0
1206279.4
475832.5
573597.5
212369.6
448690.4
344322.0
501558.7
520095.2
28182.8
2855764.1
847571.7
1676666.2
405302.4
2055521.1
630529.7
36879.1
898264.3
42056.2
771766.1
213008.5
994100.4
355097.0
85067.3
202955.4
567428.5
369710.9
134106.9
7481.1
2144392.4
265454.4
570180.9
761894.2
190719.8
389977.5
1956817.9
1699738.8
44529.8
342518.0
883156.6
88837.3
61783.5
68483.8
45602.8
3069672.6
183884.7
1620858.2
234334.2
107989.3
1289738.3
3023361.9
412420.1
729086.6
3007131.9
474037.5
111900.0
1047626.0
72652.4
483647.5
894682.1
930842.5
10590.9
329426.0
434059.7
13480.9
109356.3
553666.9
1038748.3
1580166.7
206123.7
104032.7
1722474.5
331144.1
10358.4
494819.2
590646.0
60075.2
265845.8
125153.0
410575.4
440065.1
28315.0
375072.7
2112901.1
1345746.1
1066959.9
148858.4
922318.5
487267.8
368696.4
21792.4
390791.9
403851.4
564992.3
140381.6
48654.7
569262.9
3064319.2
732424.9
278208.0
599489.8
473664.0
203090.9
52559.1
908354.5
1407619.5
3211885.9
180795.8
219707.5
4526897.4
471745.2
194634.1
349873.6
644793.0
272565.1
120287.1
360036.7
2808370.1
91000.0
603303.4
1303847.2
448202.9
149727.5
1981101.5
580435.4
240553.8
804930.6
2150453.4
226896.1
150888.6
454477.4
427919.7
292815.2
2322587.6
1400220.1
1028490.3
3131896.6
298335.5
75479.9
494030.1
661969.0
495889.6
130178.2
315820.6
1252855.5
1115788.6
2361839.9
5452866.4
92436.6
19651.1
570178.6
130687.3
798983.2
107869.7
253196.4
7591759.6
5568916.1
254086.2
248786.3
1018632.8
2630574.2
1193882.9
823189.5
913525.9
1340098.0
60619.2
1525311.5
820820.3
814543.1
431430.5
681990.6
523165.1
54783.5
2378053.5
900925.0
45262.2
1027172.7
104326.3
106992.8
318888.9
172451.0
1093282.6
386489.6
215997.7
82443.5
193361.5
374539.5
27734.8
455300.8
194607.8
2332402.8
885879.3
69631.9
2133280.9
306713.7
956694.9
369758.7
473859.0
38990.7
135415.6
108835.7
232889.6
1192320.4
107694.9
72258.7
93159.2
825367.7
19134.5
3432071.7
2402091.4
185972.8
233446.9
213491.2
83895.0
301758.9
435762.6
24630.5
1415104.3
425435.4
153716.4
222683.7
219948.2
342102.5
4240686.2
546957.8
103445.1
8548442.8
2849317.5
330558.0
275382.6
955701.3
245750.1
103743.4
2039136.1
195262.6
1257450.0
98951.6
283338.4
148633.8
282304.9
918938.2
1024301.7
830722.3
935284.9
294977.7
239193.1
768770.2
272471.6
889902.0
35656.2
605684.0
184893.0
110046.6
724581.4
797616.7
9913.9
74768.8
24118.5
156915.0
108143.6
59359.8
695963.8
89158.2
306494.9
315673.1
398420.6
268206.0
119793.5
153313.6
149877.6
248909.2
73526.1
292309.5
2247967.5
2042690.6
1021831.3
2027106.4
279856.9
183189.9
648179.4
951212.8
353409.9
355148.6
549869.4
1747962.7
1071718.5
1254263.1
42213.7
2062119.7
1258088.7
360187.8
1722739.8
1663602.5
437276.3
1675303.5
170244.5
69777.0
