2506.0
4097.2
3778.2
11030.7
1325.9
2622.0
4544.5
4133.0
1494.6
4141.4
2573.0
2388.1
1452.4
5909.9
2372.7
4275.5
5499.1
4276.2
2468.6
953.1
12196.7
9958.2
3634.3
3191.7
3576.3
10227.9
1914.8
3583.4
5983.5
3160.8
2642.7
4101.0
3332.7
3892.0
2462.8
2800.9
3466.9
11692.6
4888.3
12984.8
7786.1
5389.7
5721.2
3651.9
2582.7
2663.1
2475.3
6176.4
1139.4
2981.7
3813.6
16141.7
1252.6
2652.2
7018.3
100704.9
2021.9
5356.4
79684.5
3542.1
12715.5
5412.3
1265.2
2814.1
5335.1
2370.3
4472.4
1265.0
3032.9
2469.2
6080.1
2976.0
4342.4
2527.6
4052.3
5244.8
2682.2
7869.0
3795.2
983.6
1504.4
3664.0
4302.4
2145.9
2450.3
2339.1
5131.3
5393.2
4134.9
4688.0
5750.3
5861.9
3308.1
14744.1
3088.4
1235.1
4627.4
6153.0
2523.5
2672.9
11882.8
1680.8
2334.3
823.3
3797.7
6267.0
2384.7
2570.0
1133.5
2304.0
12534.6
10676.7
4044.7
5646.8
4124.0
3706.1
3375.6
2558.1
3554.2
15600.9
3109.4
3685.4
4321.2
13053.3
17883.1
13851.1
5908.3
1339.9
6372.7
2864.9
5310.2
2345.7
5323.6
3549.0
4402.2
9569.2
5324.8
3856.2
4108.5
4039.5
3521.6
6740.8
2836.3
3272.3
8098.2
4566.2
2968.6
11629.7
3583.7
2596.1
2683.3
3197.6
2251.5
2751.5
4774.7
5667.2
4648.1
4811.5
5397.3
6781.0
1623.9
6449.3
5141.9
9454.9
2273.0
2378.8
608111.8
7023.1
14601.2
1571.7
5790.5
3905.5
2548.9
2921.1
904.1
2837.5
5448.0
39434.4
3378.2
3290.2
5062.6
4836.3
147340.4
2019.8
2902.3
5430.4
63283.8
4731.4
17525.6
1388.1
123790851.9
5593.3
2461.8
5855.0
4133.4
7199.9
15925.6
5888.5
12825.7
4815.4
3554.8
3113.7
2454.9
2620.2
2241.6
4097.4
8329.3
5124.7
6296.1
1224.8
8013.3
4268.2
19426.0
5221.2
3153.2
84986.4
4533.9
3103.0
2852.7
12699.9
6670.5
9727.5
4746.3
15018.8
5841.2
5018.8
4158.7
6415.0
2271.5
3706.6
3352.1
2710.7
4989.6
4904.9
11599.8
5395.5
3629.6
7525.5
4188.2
3779.5
2760.3
3898.1
1784.0
2272.8
3643.6
2395.8
2580.0
14711.4
2725.1
2734.7
3869.1
3429.6
6226.0
8018.8
8465.0
3298.8
5158.4
5674.8
2591.0
2101.4
10349.3
240887.0
2662.3
14864.7
71868.1
5470.6
14557.0
4480.7
11979.3
4893.1
4725.4
6048.8
4596.0
4686.9
4876.9
2814.6
3363.9
1274.3
5280.2
4146.4
15179.4
2731.0
4484.9
3731.7
3066.4
2537.5
4094.9
6202.7
3388.6
4177.5
4044.3
2627.5
3406.4
5869.5
5157.5
1586.4
7373.3
16808.0
5006.7
11097.9
3127.9
267904.5
5983.8
2522.0
229559.6
2805.0
4232.6
2386.4
40802.1
960.6
14684.5
3293.3
6279.1
2277.8
5657.7
5413.4
3527.4
3437.5
5685.7
2842.7
6126.0
16215.0
5280.2
5680.6
11621.4
2689.3
4510.7
4678.0
4497.5
15904.5
1176.1
2612.6
2895.8
6105.5
5927.3
26380.6
2994.3
2770.7
15198.3
5478.4
7625.7
2040.8
3184.0
18789.5
3549.9
6199.6
4937.9
11209.1
5985.9
3632.3
2574.5
7904.2
2239.3
4976.5
2377.7
3626.5
11717.3
3699.3
5481.7
8886.2
3820.7
3400.9
2344.6
6070.5
3052.0
1575.4
14366.2
3417.1
4155.1
2676.3
6312.6
1845.1
3718.2
11931.9
4995.7
3051.7
2504.0
15257.3
3135.0
1545.0
2321.0
3343.9
3351.4
4285.9
3783.3
4740.0
3579.9
3233.3
6154.0
2811.3
3788.5
1861.6
4173.8
5718.8
11403.4
5491.6
4111.2
1744.5
3170.1
2915.8
10519.3
15979.7
5861.9
1915.4
4777.6
4847.1
3492.1
5861.8
3072.8
3098.4
23948.4
8493.7
2990.2
2597.9
178256.7
6484.8
9627.9
5074.4
5157.8
5698.0
2644.0
4292.3
3329.0
14697.9
5037.6
13147.6
3334.4
2467.0
11044.8
47510.8
3767.9
4646.2
2937.9
4789.5
5556.8
2347.5
1856.8
4961.6
5821.5
1820300.7
3909.5
5756.6
2529.5
12791.5
13575.3
2369.8
3242.2
4463.8
5344.1
3716.1
2562.9
6125.9
4027.9
8467.3
6357.4
13249.3
10769.5
6310.0
1438.3
1504.9
5220.5
4857.3
3638.2
2520.0
14684.4
5928.0
5900.4
2646.7
30429.3
2949.1
3878.1
10678.2
2004.1
3931.2
1317.1
7744.4
10101.6
8286.9
2749.3
6717.5
67007.2
912.1
28980.2
4678.9
2452.4
3085.3
3610.3
6043.4
1206.2
5660.1
11714.1
1352.7
4405.9
4677.6
5109.9
2560.4
3291.2
3312.3
4536.8
5586.2
869.2
7841.5
4384.8
1113.5
3838.5
15731.6
15031.1
4632.8
5817.6
3430.2
2464.2
3094.6
2298.4
3442.1
5077.3
11204.8
33070.4
3494.5
5045.6
16794.8
3453.5
1876.8
4653.6
822.6
3211.3
11178.0
1453.5
8419.2
3947.6
3809.8
4918.2
14431.6
2421.2
9152.2
3171.2
2430.7
10418.7
3620.6
3112.3
6076.7
6484.5
2924.1
5609.5
5801.2
3209.0
12371.8
5278.0
2300.5
9016.7
2811.7
836.8
27399.8
3581.3
4713.9
2927.4
3255.2
4850.2
5051.3
10379.3
4912.1
1202.6
4150.1
2940.5
4246.0
2903.0
2382.1
4411.3
5705.6
3221.7
2180.8
2972.4
3354.9
4059.0
4442.0
3532.4
12117.9
5282.6
23145.5
4225.9
2570.9
3254.3
2738.4
2880.6
4328.6
13281.4
12832.0
10210.7
3815.6
3544.1
3110.5
4819.4
4463.5
2951.4
4101.4
2358.8
4501.7
3795.0
15342.6
2626.8
2822.0
2316.4
2475.4
4233.7
13006.2
15050.5
12101.0
1052.9
4487.8
2420.7
4228.0
6297.7
3523.8
7479.4
3642.7
8518.1
8063.7
3761.7
11972.3
4925.6
40197.1
7958.1
2871.4
6835.7
7473.6
3321.1
8460.9
3911.5
8635.1
3743.4
6080.7
4687.1
2871.5
4395.9
2370.6
2846.4
13290.6
597340.1
6576.7
3107.4
14065.5
2682.3
14933.9
6077.1
4211.2
4379.5
6226.5
2353.5
3624.4
3726.8
3751.4
5317.7
1022.8
3242.1
8456.5
2168.6
8447.3
2923.4
12166.8
17763.2
4169.8
2453.9
2696.3
5072.8
5056.0
8814.3
3083.7
29945.0
2715.4
4775.3
6681.3
6056.3
4540.4
40194.9
2379.9
964.5
12661.6
5559.6
8385.7
4465.2
3618.0
7657.8
4253.2
6789.7
47482.3
5045.2
2567.6
6399.3
3328.9
11981.7
3918.8
6311.9
33495.9
4578.0
5701.1
992.7
2540.6
12819.0
3291.6
3164.8
3543.7
4170.2
6209.1
38158.4
4962.5
3950.0
2995.8
4376.1
2644.3
1518.0
1940.9
7029.7
11441.3
5706.8
6733.2
4457.4
3448.0
2311.6
2808.8
3086.4
3131.7
10141.6
8910.4
17004.5
2392.4
3548.1
2739.4
3516.6
3721.7
2259.3
7641.0
2427.6
10660.1
3325.1
4352.9
5532.6
2422.9
5949.8
2740.9
2912.0
2338.6
3573.4
1831.4
4917.0
2401.2
846543.3
942.8
11179.5
5024.8
14530.8
5945.1
4186.0
5280.6
15388.7
3028.2
2284.4
4119.1
5064.9
1215.9
8484.2
3463.6
3463.6
7648.5
3020.9
5576.0
1020.3
3939.9
4768.0
3275.5
4377.7
2911.3
4545.5
28131.3
2655.5
13296.3
35765.6
6451.0
2740.7
3861.9
6276.2
4264.9
2705.1
3175.6
5113.1
3198.6
8801.0
4733.8
2728.3
6366.6
6527.1
3955.1
10257.1
13155.3
12891.1
5301.0
5383.0
3020.6
10822.6
2495.2
2693.1
13345.4
1896.0
3661.2
1861.6
10276.1
1875.3
9059.0
4096.7
17344.7
4819.0
6070.2
16622.3
3518.0
7985.9
2516.3
10934.1
3251.2
3723.3
4962.6
2395.4
5581.5
6364.3
5602.8
2890.3
15052.0
7613.3
1248.8
27900.5
5391.3
1651.1
2908.6
2564.8
2363.0
3407.3
12272.4
2346.1
1254029.7
660978.5
559238.0
753585.4
2156187.6
876958.7
2716393.3
47840.0
31583.3
2751352.1
2255624.3
143592.6
2050606.8
1087265.1
550952.3
52506.1
457028.8
1801454.4
2423267.9
1910296.8
1606534.2
599821.9
8966857.2
529868.7
1477612.5
118269.8
1666439.9
1755053.5
693724.5
3320539.4
538958.8
6952124.6
696550.7
8014992.7
2625454.4
981825.3
1336991.6
1294600.2
313744.3
3150216.4
3043240.0
273790.7
202013.6
1045088.4
164814.4
1064246.9
4306322.6
257064.8
59784.2
163789.2
1811119.2
153154.4
323328.2
1817537.6
863362.1
355605.2
81508.1
618746.0
231359.8
149142.2
33067.0
550678.9
899525.4
569325.7
20162.3
1920377.9
1106029.1
676349.7
1192146.1
554234.2
273952.6
232563.2
1591826.5
7085321.3
510133.8
1411592.8
494496.3
169829.9
558484.6
359083.3
2357545.3
5495594.4
1072696.6
1101891.5
58194.8
844798.0
83029.3
289162.1
432497.9
141938.4
155539.2
34699.5
1517641.7
656275.3
20780.8
101599.4
1419282.2
141897.3
1934572.7
1305364.6
139693.4
1031520.1
480741.4
52576.6
1726638.1
190004.1
21511.5
1498661.6
477876.4
116198.4
565211.2
4647331.4
313426.9
579473.0
1052154.9
65084.9
369237.2
1112123.2
1011358.7
411276.3
906620.9
29389.3
656253.5
132210.4
8672597.5
502689.1
107172.5
237006.9
2134655.1
89233.4
390459.2
176547.4
30106.1
810960.8
24742.3
64275.4
284429.3
1911495.5
399534.5
2099813.4
821179.2
362461.0
90496.7
1988088.4
222148.0
1195411.9
151765.9
2230629.2
9274.6
665463.3
100754.5
1328283.7
585707.0
18078.3
901649.9
1965277.5
1715434.9
595267.4
241340.8
58154.1
159116.0
360715.0
936249.4
2206746.4
176841.3
338758.9
196821.7
422349.3
247454.4
829771.0
379728.5
93405.5
342340.3
612222.0
515256.6
63997.9
97260.2
98568.0
735835.7
19373.0
25860.2
3087647.6
165299.4
338156.7
804168.0
1672955.8
113286.7
365623.3
502978.7
5434470.8
429210.2
158798.2
403889.3
346780.8
699503.6
1545927.8
812392.2
7255.5
52506.7
703437.7
297905.2
229875.3
817027.7
488903.6
961070.8
732969.1
345799.3
205722.8
688030.1
57250.3
426142.4
1252694.0
2126299.1
4962475.4
926719.1
141731.1
955538.7
1833833.4
385641.9
201501.5
231327.5
477065.8
629684.7
457178.7
843616.1
3075770.9
639031.8
240692.2
227213.3
1976756.9
368156.9
542334.4
129859.9
678704.4
982323.8
174773.7
5382139.9
744837.5
493909.1
1788231.5
318144.5
12541.3
609482.9
1000949.0
154586.8
71022.3
560900.1
95145.7
84936.1
478824.6
7560.3
458396.5
106198.6
526177.6
66037.4
413452.0
165758.4
2096593.0
30980.0
317291.9
1114855.7
342026.1
60434.6
351335.7
1452311.5
419774.7
67030.4
835887.9
15742.9
216412.8
847691.0
52572.1
247696.4
8550.8
2779862.1
494860.9
211580.5
695191.6
1871264.5
73118.7
478640.7
80185.7
5774146.1
182290.5
496806.6
2711234.7
1943794.5
656152.1
186757.1
657064.0
5239637.4
5083062.0
829903.4
1497098.7
147416.1
673270.4
146172.4
1000577.4
5190470.0
17943.9
2026086.9
953880.1
448316.0
303353.7
87424.8
391619.1
893199.7
430216.3
7775114.5
291668.1
28712.5
973483.2
2196341.7
217244.0
263045.9
121147.6
4025719.3
1523676.5
1091562.5
139509.8
1070857.8
2907811.6
112835.8
188049.1
521442.3
107631.6
261792.4
1984732.3
173909.7
414177.3
944348.6
706126.5
20218.8
1167294.4
186826.7
79266.1
172289.1
166544.1
679739.5
148431.2
781669.2
201219.3
66495.9
439158.1
1689133.9
2103125.4
843625.5
2513506.6
6561415.3
935520.1
734691.9
480475.4
149432.5
38845.3
442996.0
546339.2
106952.4
161388.6
831930.6
105276.2
408578.2
94066.2
1519207.2
187910.4
1768980.9
3140187.2
735327.1
606197.4
8559204.8
135095.6
243221.5
19188.1
272036.7
23557.7
421220.6
827770.1
22451.9
124529.2
2415686.4
133858.2
338679.2
2822119.1
2309029.9
555097.0
231480.1
815456.4
738248.4
230860.8
715534.5
1898401.8
929962.7
31737.8
7948261.2
7188.7
754375.3
981582.6
475555.4
1785760.9
803710.3
2515946.2
655968.4
6823724.5
3115879.8
830002.8
1060978.2
1038732.4
686561.8
574099.1
65784.2
211223.9
427312.2
293039.8
723838.0
96926.7
2774977.4
54187.1
34596.3
316128.9
142222.9
35832.0
212412.2
31790.9
2075567.5
810560.5
21634.1
968404.6
265708.8
174704.8
58410.3
114802.8
191355.0
36598.5
83957.3
538146.6
160886.5
258326.4
54294.3
299336.5
696932.1
1580368.0
744570.8
88361.6
3134783.6
351442.0
444332.1
1393812.7
954938.3
103349.3
115873.9
637772.5
38909.4
137907.0
361626.0
36848.3
105642.7
2111316.2
50235.6
277804.0
42966.7
6384.8
288480.3
691369.6
638645.6
2153778.2
38299.7
85345.2
172315.5
361816.6
101917.2
167640.6
461542.2
66084.8
214277.0
122601.7
326879.2
376518.2
583865.0
74736.7
504688.7
120246.9
1151305.4
2202991.1
297215.5
60836.0
733556.8
189922.3
22226.7
378288.7
139135.5
259459.3
198370.2
1180439.0
193293.6
796789.8
607961.0
163540.8
695672.0
369848.4
570715.7
114125.1
2926623.6
840718.8
425201.1
180411.6
113343.8
50888.7
951226.9
141575.5
484219.5
54347.9
2574752.0
340638.3
1069235.2
428328.9
423587.1
956169.3
28683.4
70354.7
2846439.9
1951056.4
73255.3
905454.8
783061.3
72899.9
289817.9
464753.3
746081.4
530510.9
745036.4
35281.4
611759.6
387426.7
804788.9
125995.7
33205.3
62138.5
1363083.2
108804.0
225282.1
962909.6
209916.9
21600.0
127360.3
407325.0
2557417.5
80649.8
199693.7
2649293.9
2500937.8
5594506.3
114449.8
570499.8
1145046.4
2368666.1
3142194.8
1845014.3
344626.9
443619.6
2025311.9
2283630.7
395951.1
239503.9
1145276.4
229884.4
37776.7
397969.2
128076.3
22538.4
374694.3
439124.6
1099797.2
1071321.9
663950.6
810845.6
130772.8
52913.0
203365.5
136144.1
351365.4
249272.2
175921.1
575808.1
416514.7
106392.0
155815.6
2455892.3
1987003.7
457243.1
1679110.7
996299.0
4296823.0
509453.6
287962.2
136317.3
28341.9
132890.4
94458.3
480065.7
2290280.7
157328.8
2640257.8
2222422.8
181156.2
51210.6
144907.6
455900.9
1104989.5
734140.5
264418.6
1577057.2
1024151.5
534283.2
123637.4
545864.1
518017.1
112804.0
150118.2
137307.9
883312.7
2127164.3
241231.0
