6014.3
3636.4
2951.1
3271.3
2274.7
2711.3
4911.5
2574.5
4306.3
5398.3
3032.6
24390.0
16978.6
11568.4
2405.7
2496.8
14166.7
4978.7
10175.9
10738.4
5513.7
8764.4
3893.1
5233.9
3921.6
5438.9
4205.0
6867.0
3967.8
4487.2
2614.0
3396.9
4027.9
96808.6
2437.8
1020.1
3752.4
1307.6
4742.2
5484.3
2815.3
3211.0
6989.0
5626.0
13637.4
12720.5
2085.2
5699.1
9339.0
11458.7
5619.6
3931.8
3953.5
4291.6
3208.2
85615.1
11929.1
2446.9
4505.5
3710.6
2507.5
14962.3
4555.5
4657.7
16742.7
9391.8
1959.6
3673.2
38265.0
1120.1
1057.6
4894.9
4844.1
10025.3
9638.5
5647.3
3290.0
11318.2
5389.9
3751.3
2979.0
2559.7
2505.6
2891.5
2509.7
4391.0
5177.8
7244.8
4285.6
14018.3
5822.2
2841.7
2533.9
12366.8
4568.3
11646.0
837.6
9575.3
6732.3
1232.4
2953.1
9773.8
1247.2
3213.7
3901.9
6654.8
5385.8
2642.6
1463.3
2814.7
6892.9
3013.2
1302.7
5775.5
14014.5
2734.9
4167.8
7544.2
2389.5
9455.9
5178.7
5722.9
4118.5
2657.1
2591.8
12833.6
3323.1
11834.2
3643.4
8055.1
1189.6
4739.5
2899.8
4889.9
4872.9
7470.0
1405.8
16278.6
5107.1
3292.4
3188.7
4634.9
30971.8
2982.5
2570.1
2270.1
4245.8
4479.2
6333.9
3187.6
3314.6
3339.4
3920.6
6241.6
2951.6
1542.1
5436.0
1853.1
2344.6
3380.1
2553.2
15699.6
3645.7
10754.6
4052.8
4522.2
10052.0
3438.7
2705.0
3210.2
3077.4
2897.9
6289.4
4072.6
2298.5
9856.6
5937.8
1370.5
343.8
2998.9
10347.6
2904.6
4808.0
5087.4
2767.0
15457.1
5553.9
6042.8
4047.5
2581.2
1440.9
15572.7
14236.4
2553.6
4211.9
2595.2
17119.5
3219.1
3478.9
3366.0
13263.9
3395.0
1104.2
5892.7
2265.9
4987.3
3012.0
1655.6
3538.9
5112.8
5518.7
2257.3
3848.8
3614.1
3453.1
4139.6
2717.9
2532.2
3266.2
2391.5
8324.9
8639.6
5488.6
6205.8
1020.4
3363.9
2679.0
2532.9
12789.0
4245.8
10109.4
1759.3
2472.7
5147.3
1295.7
5881.1
4122.9
16947.7
3062.8
6661.4
4456.5
10006.9
2514.4
6762.3
5283.4
3222.7
2712.4
8721.7
1229.0
4344.1
3257.7
4693.6
3080.0
5387.6
3796.8
12508.9
4882.5
4355.8
1666.2
1596.0
11786.0
4399.5
3103.6
3125.7
3080.0
5137.8
7985.7
3079.0
2854.3
3435.4
2436.9
9946.3
5019.7
10178.0
2307.1
4411.6
2274.4
2892.5
6182.6
3804.2
5114.4
17689.7
822.2
3422.9
863.2
3367.4
3789.6
6536.1
14815.9
13216.1
2655.6
5789.3
5561.7
5526.6
1025.7
2913.8
2269.5
5800.2
5853.8
2297.9
6253.9
5545.2
5041.5
17176.4
2798.2
5911.0
2971.4
4617.2
6697.7
2666.9
2516.6
16661.3
1024.5
14360.5
4383.6
2214.1
52170.2
5727.0
3073.5
3275.1
1549.7
1987.7
2792.3
2765.2
5376.0
14048.2
1194.1
2873.2
14362.0
2562.8
3089.8
3490.5
4057.9
5708.9
869.0
1961.5
10325.2
2553.2
7651.0
4690.9
5592.6
8885.1
37950.1
4514.1
4065.6
3209.7
4433.6
2911.5
2391.4
4112.1
5764.2
3887.9
3023.7
4711.2
3509.0
879.5
14309.4
3056.1
1059.9
6631.1
2492.7
2392.4
4044.6
1705.6
3788.4
109045.4
2274.5
11608.9
15237.7
3322.0
4459.0
3492.1
11610.8
2620.7
5039.8
1294.8
6491.5
4899.4
5178.3
3043.6
2054.4
13050.9
2394.9
3497.0
3550.3
3810.7
30647.9
2257.6
1196.2
4992.6
1401.2
3112.7
3928.7
2931.3
4137.9
16074.5
16279.4
4408.8
2833.5
1357.8
3087.1
2280.5
4374.5
15803.2
2671.1
9607.9
11671.9
3734.4
47058.0
4342.6
3864.9
970.3
8983.9
4150.0
14273.3
2779.4
5272.6
3622.9
10709.8
2849.7
13701.0
3415.1
3150.0
4855.4
5870.0
928.3
17135.8
13733.1
5284.8
8833.4
14161.6
16687.5
12270.1
2929.2
3767.0
3726.3
7170.3
2316.5
9020.3
1590.8
2833.0
2870.1
3959.7
4160.5
15374.6
5331.2
2434.3
2774.1
6095.6
1013.9
5470.5
3063.5
2609.8
60851.3
2385.2
48769.3
5188.3
7754.1
2791.7
3497.4
9271.7
4477.5
1899.6
3200.1
5601.1
3559.0
4374.2
4152.5
3368.2
4172.9
3249.0
9628.0
6571.2
4088.0
3007.4
11288.6
4462.9
1611184.4
2278.1
1349.1
3393.4
5113.3
11134.3
8546.9
9653.2
2695.7
16146.9
12291.1
3725.4
8446.5
5316.7
4929.1
2555.5
4417.7
42646.0
11683.3
8749.6
3493.8
8087.3
4287.5
2267.8
15046.5
73772.3
4520.7
9545.9
5824.0
4295.6
8938.8
1381.5
6015.1
4560.1
3040.5
3366.5
29039936.5
3372.6
9119.7
5724.0
37474.4
5335.1
5264.5
15519.2
14361.4
9283.8
2725.9
8198.2
12899.8
5863.0
17079.3
3712.0
10398.3
12993.9
7364.6
3022.1
9562.7
2506.1
2415.9
5812.7
24131.2
3521.9
3105.0
5774.0
4707.2
1052.4
3754.0
2721.3
4546.6
2852.7
4419.5
3150.2
15597.5
4702.6
4124.9
4314.5
11156.5
2673.0
1912.8
5989.8
3031.7
16082.3
6190.1
2511.4
1895.9
3512.3
6334.2
6173.8
3206.1
4822.4
3268.4
6197.2
3505.3
5244.2
872.7
5596.8
13302.3
1762.6
2024.9
4448.0
3185.0
9012.8
11293.9
5239.3
9994.0
2676.5
5318.3
11387.6
3926.6
5203.2
16211.8
5893.0
2689.7
8947.6
4112.3
3152.2
3884.7
1990.8
10396.4
3221.4
4386.9
4941.2
5266.4
3570.9
4439.6
6296.5
8521.0
1391.5
964.2
4503.2
3521.3
2968.5
3253.8
3819.9
4358.2
2930.6
1455.1
7847.5
14735.0
119869.2
6366.8
1271.2
7006.9
8086.1
5684.3
3090.3
12758.6
4963.1
15257.0
17515.9
3115.7
3875.4
2971.4
2418.1
4941.3
2621.3
932.3
3246.1
6924.0
5544.0
12182.9
9893.9
25813.6
1513.8
3876.9
1241.1
5997.1
5461.3
5835.5
3227.2
42412.9
3067.4
2476.2
11687.0
3872.1
21501.2
2563.3
15178.9
5851.7
2094.5
5731.8
17440.8
2685.3
898.3
4602.9
2979.9
12283.1
4412.8
2908.9
10478.9
4946.1
6200.5
3561.2
35058.7
36372.7
24163.0
14914.1
2369.9
3084.8
1894427.1
1110.6
8389.5
4984.0
16639.9
9594.3
2363.7
2413.3
6344.6
6086.2
5031.9
6377.9
3536.8
2939.3
6688.2
3170.5
3286.6
5003.7
4782.3
1805.9
5152.4
10299.9
2475.0
34171.9
2273.4
7098.4
5320.1
1231.1
3556.2
13254.5
4081.0
1209.3
16115.1
8269.9
3262.3
1039.2
2245.4
5207.7
2312.9
4928.3
5087.4
10149.8
2690.9
1981.4
7063.2
3922.4
2884.4
5189.1
3385.5
2985.9
1895.2
871.9
8990.3
4082.9
1916.3
9603.7
2154.5
2354.2
2788.3
4722.2
7241.3
23899.7
10845.6
3746.7
4832.4
2754.6
120896.7
9642.3
3703.4
3593.3
11884.3
12869.8
16796.5
6145.5
2749.7
3690.5
4917.2
9846.8
2587.2
13429.9
4430.3
6915.1
903.1
4514.3
5555.0
4076.2
2923.3
5061.4
1117.0
6216.5
1158.5
3059.3
3743.8
926.4
3425.2
2243.6
4568.7
3289.6
1586.4
2302.6
3256.3
3673.6
3336.9
72213.0
7677.3
3659.1
4147.9
4550.4
3472.5
8599.4
3040.9
15854.4
5512.8
12686.1
2642.5
3965.2
881.7
7116.8
3509.1
3645.5
3776.1
1274.6
1541.8
2437.6
22869.1
3291.5
4772.4
2798.3
4206.2
2280.0
2755.9
2474.6
12710.9
31035.8
3058.4
3665.6
28688.3
2655.2
1085.6
7844.2
3980.8
4041.1
3499.8
5695.9
5654.6
2505.8
2930.6
4554.7
11541.8
4742.9
3180.3
1155.9
5684.0
5057.8
3824.8
7541.5
2768.9
2448.7
6609.7
315384.5
1149911.6
1283344.9
1416081.6
2740397.0
123171.1
1399515.0
37803.3
305602.5
1014358.5
3586461.6
2709946.0
3678188.9
1012463.5
1816268.1
270011.7
6480288.1
557390.9
982048.7
81941.1
216192.4
542626.3
1882802.3
1006311.9
828303.1
1537468.1
1000285.5
1763416.2
1298707.4
2126685.7
563130.5
908366.6
2839332.8
1153802.6
201815.6
3068626.2
1413148.5
506541.8
1097360.4
1381876.5
19728.4
3015282.3
293947.8
616916.4
488532.3
240358.0
678568.0
10422.9
1857954.0
24590.7
190544.1
2683277.6
250111.3
31572.4
56476.3
155471.5
712786.8
355868.4
241782.5
293628.0
1030211.9
686898.2
165092.2
67456.2
66820.5
501581.3
1513818.9
64350.4
79091.6
37316932.8
48672.9
11474.1
200034.1
1747528.9
660177.2
704588.4
14971.4
902124.7
726083.0
197039.2
217452.5
366021.2
165751.9
71795.7
2290.8
933560.4
259969.4
1382594.6
1212728.2
423266.5
1636354.0
459067.5
173893.9
792653.1
208420.5
486815.8
272366.4
743959.3
35034.2
842099.7
970661.1
369804.3
2110087.7
357136.0
3954468.3
169950.2
80883.3
216740.1
1045669.7
1158656.1
151361.7
1628876.4
752402.5
1218048.4
916484.4
1337125.8
97962.8
606055.9
2164306.5
919491.5
1103637.8
249493.4
384354.4
24232.9
62585.8
64527.8
815455.3
134952.1
69168.1
1200340.5
1256789.6
403682.1
71603.6
292696.1
1024640.8
31353.3
779258.4
965810.7
317484.8
5426029.4
19926.0
26788.5
19210.2
689644.3
81322.6
582893.6
483854.7
379399.3
1925694.7
823891.1
532431.2
787441.7
868829.0
131831.1
107900.7
2420359.4
4555453.6
393144.8
1473798.6
2032265.9
95721.7
677517.4
414471.3
762168.0
59936.1
190835.9
1892031.6
270935.8
1422358.4
165983.4
902751.7
166667.8
894861.2
1218560.5
858263.1
211568.3
305139.4
296635.6
266083.5
55797.5
58780.7
973321.5
232238.4
90471.0
1293583.1
146941.7
322725.7
1810700.8
1883397.9
470452.2
473352.2
528516.4
457554.8
104819.2
1355187.3
1101789.3
305155.2
271333.2
239958.0
1076202.7
22516.8
80308.9
88163.6
1402563.5
964634.9
204520.3
781947.8
243850.6
346502.9
101324.3
22063.6
279587.4
62308.9
3005923.8
109561.5
237727.1
528338.4
21246.1
833993.8
481082.0
360199.4
26514.4
111901.3
8677.2
196807.1
832767.3
2122049.1
297836.6
912970.2
76371.9
43328.6
36098.8
559548.0
7018.8
544494.7
1293066.9
89223.2
533216.7
750367.9
3064646.7
330223.2
42438.9
1299237.4
396137.1
48371.9
772247.7
2588776.6
66188.6
434858.8
2613123.5
316003.1
197408.8
142313.9
1864852.2
2598720.6
194768.9
640096.2
72514.8
116218.8
1469651.6
332573.2
1665748.2
148721.6
319131.7
1188853.6
154706.6
486800.0
209596.2
1050088.0
832605.4
48155.7
1715165.4
142072.3
39717.9
128046.1
7829.0
784601.1
23434.0
791269.4
773856.0
928594.6
212592.1
269334.2
464553.2
6331.8
8629982.3
125461.1
2293570.0
1043440.5
218265.0
74154.8
37728.3
11434.0
290798.1
216661.0
223184.2
304780.7
482339.4
673063.7
1083859.9
60434.1
20761.1
50501.6
491984.8
286697.8
1439976.2
2020838.2
7889490.1
496861.5
523784.9
496524.7
421067.3
131650.1
686783.7
579309.3
223847.0
97901.3
2333094.9
946394.2
1077078.8
1235246.1
380298.0
450834.9
131616.5
2425353.7
515776.5
29476.8
246255.3
2573235.0
178971.0
393399.2
502633.6
922117.9
57282.0
1968643.1
96802.9
285976.0
26749.9
560596.0
474178.5
586830.1
2794702.8
429386.1
72316.5
199349.1
31347.9
206033.4
2009114.5
49738.2
148522.7
152630.1
26304.0
186822.2
201277.5
51927.1
375436.3
126838.6
299187.9
606834.3
144189.1
242818.3
163436.0
617731.1
111876.3
6924592.4
647012.9
128990.3
196606.9
175043.1
1048300.1
326723.7
215357.5
392908.0
102370.0
387095.1
420059.8
174945.6
53776.2
469156.9
366987.9
27848.8
6774.2
210152.9
19752.9
2805062.3
176828.1
32095.4
220107.3
26911.2
2147574.4
11870.0
733789.0
613060.9
79202.4
774629.5
256005.9
87872.0
489912.9
170318.7
2792434.1
1311601.2
233349.6
306527.2
2678616.6
2098939.5
4028216.6
1119814.4
10037.9
727375.9
251013.7
143574.3
2871966.8
800691.6
249180.6
138150.6
898163.0
1347055.0
59560.0
243184.7
72924.2
1605335.8
17060.1
191845.1
456691.2
148378.7
1704292.4
1484711.8
486498.0
611892.3
2651022.7
504495.4
3039237.6
404697.7
9420.5
630309.2
257441.9
71948.1
741560.6
1053625.0
326172.6
67901.6
64170.8
589100.5
1366552.0
1672116.9
1811175.2
226668.2
325404.3
813338.0
969734.6
57923.0
325936.1
1583275.2
923408.4
251691.0
205862.9
88288.7
122687.3
106758.4
94833.8
1431551.5
2069092.0
385491.6
22965393.3
1903708.2
607063.6
468178.5
499131.3
267305.0
672833.7
185014.9
6799.3
380148.9
176885.6
209647.2
54259.9
168655.0
72078.7
223387.1
242880.7
312686.6
573529.5
942157.5
150942.9
53935.1
21532.6
301747.8
422673.8
32401.6
422600.8
39653.1
621474.1
60908.8
1021364.4
21563.9
405114.0
98668.0
1120256.7
2585311.9
489958.0
235863.6
3001906.2
2334804.9
2622622.5
325982.9
573685.9
129886.6
43803.1
192837.9
825886.1
919836.4
81291.3
2858429.7
8527076.8
468472.6
2378323.7
202830.1
151134.1
140232.0
819128.3
3125269.1
144829.0
233279.3
2294568.7
836312.3
1389031.7
161709.2
6251078.0
268510.8
292058.5
1783224.5
1450239.6
385725.3
48881.1
65073.6
903083.5
1146391.9
270935.1
384402.0
2631.2
1527432.6
69344.4
747516.2
2991365.1
324331.5
105399.5
637468.2
1733596.9
1096043.0
205213.3
108862.7
866669.0
1946659.6
1116454.8
2008684.4
179303.1
54372.3
1738126.5
742659.7
248976.2
662089.6
647829.4
161546.9
95103.2
646827.8
330678.5
36489.5
653152.6
205188.0
93553.6
773964.6
9054.2
161031.5
654677.9
135590.0
59705.9
187973.0
729560.3
416631.8
824700.3
661916.4
19020.3
308871.2
1381307.9
84200.1
17009.2
1107303.7
5046072.5
841295.4
42063.9
455134.0
381314.1
46834.1
126798.7
195457.5
423452.1
1020964.8
28317.4
67652.0
1261561.4
1185798.8
23219.7
244282.4
235936.6
108437.3
1112099.6
137324.8
152525.3
315666.9
726892.7
310887.3
2376201.4
410261.5
2765310.8
1911621.9
1122958.3
380091.7
189462.3
642478.7
320979.5
20047.8
