8731.9
4113.8
3256.3
3393.3
2872.7
8571.1
9457.9
1299.0
2534.1
3819.9
3484.6
4663.8
3129.9
4207.5
2746.8
2861.4
2465.0
2728.2
8581.1
6896.2
8523.8
5881.8
2443.4
5597.0
11466.2
6202.4
5704.6
934.2
9567.2
2922.1
4081.8
2768.0
2619.2
27749.0
17569.5
14091.7
10863.5
15826.1
7383.4
3174.0
5060.0
3398.7
3780.8
3948.8
15219.8
3101.8
4910.2
2440.2
2657.3
15671.6
4395.9
3382.1
1006.0
5881.7
6155.4
8318.9
1054.5
472393.7
3970.5
2903.1
3315.8
2771.3
5123.4
4918.4
12093.4
2077.7
2757.9
4731.1
4236.5
3680.2
7630.0
6268.7
4900.3
8675.0
2981.9
3936.8
3470.0
16375.3
5719.3
2624266.3
6682.4
3913.9
2357.9
5483.8
4680.4
4044.3
4493.8
2715.6
4521.3
9947.3
5208.7
3241.4
888.8
4677.1
27690.4
3918.6
6055.0
9165.6
4351.7
10854.5
6252.3
1916.5
2861.8
2791.5
4380.7
4468.0
941.5
3563.5
5935.9
11179.9
1126.6
6147.8
4055.6
6285.9
13336.7
4587.5
4563.3
5123.0
2571.1
12618.3
6766.0
3711.8
4251.5
4559.0
16276.4
9693.7
5011.5
2537.4
3147.7
5369.3
5083.1
5053.1
2895.1
2472.2
1109.7
2267.2
3188.0
4482.4
1468.7
861.2
7563.6
2385.3
5644.9
4836.1
2641.2
2341.1
21581.8
2240.0
3489.0
2523.7
17739.8
6135.2
4741.2
5607.9
2402.6
4453.2
2724.9
3676.6
633920.2
4398.2
5716.7
8891.9
6185.3
17090.4
4480.1
3793.4
2325.4
3846.7
3713.3
5129.9
3954.6
4076.2
5961.0
4737.8
2922.7
5665.2
3585.6
2597.0
16907.2
2265.0
10536.1
4542.2
12672.6
4019.3
5161.3
3791.7
5248.0
3140.4
9532.6
5341.4
5136.4
2934.8
4377.2
3318.7
1295.3
1855.5
15393.1
275005.3
4329.2
2938.2
5840.7
1015.0
13198.4
5797.0
5484.6
3604.5
5361.3
1063.1
4241.1
3716.7
3557.3
3383.7
2384.8
9107.2
2284.0
5916.2
6009.9
13421.6
5137.8
4327.6
15387.6
2930.2
14205.2
3553.8
3411.3
10404.0
2813.3
5265.1
5950.8
3306.9
2310.7
3209.4
2691.8
5190.3
2970.9
2246.4
14270.2
8797.1
2408.5
3893.7
4079.6
8302.1
4560.7
4353.0
3984.3
1393.9
5117.1
5601.4
3001.6
2558.5
836.3
3519.1
1625.6
4249.3
2308.0
2319.9
2513.1
7700.7
2372.9
4830.4
4814.3
7826.7
6098.0
2860.9
7836.9
4407.3
852.1
3142.1
3013.7
4071.1
2319.6
4404.3
3766.7
3830.7
15093.1
4608.4
3423.2
3263.8
13610.3
3395.4
381202.4
1243.2
2322.9
3495.3
13217.0
2635.9
4050.6
3356.8
36813.9
4984.0
2467.0
8192.2
3315.7
2766.2
5225.9
3721.5
848.5
4675.3
2598.7
3312.2
10372.1
8184.3
4515.3
11507.0
2529.5
2327.3
5977.5
7361.5
16747.4
7750.7
2300.6
3135.1
3104.0
3795.5
13024.4
4651.4
2969.4
2107.8
3434.4
4197.0
3895.4
5876.0
2536.2
3849.8
4388.4
10427.6
4451.4
1062.8
1417.0
3802.5
4998.2
2751.6
8260.6
23741.7
3066.4
5783.9
4090.3
15330.2
4029.6
3396.6
3033.6
2605.7
2682.5
2965.7
3634.9
3174.4
2928.2
37384.4
2955.4
14806.2
5060.6
4665.0
3591.2
2279.2
2394.1
13843.6
2300.0
2719.6
3878.3
5830.6
5882.1
2819.7
9757.6
3158.9
6101.9
3517.3
1754.0
2715.9
1622.2
4081.6
3340.0
12507.6
3030.9
3489.1
6380.1
3634.5
3920.9
5387.2
4540.8
7429.3
2390.9
3291.3
17390.7
3277.2
4560.4
4660.0
2697.8
16087.7
2342.7
6450.5
3323.8
16601.9
4403.9
986.0
6519.6
2791.6
2073.9
3908.5
3469.2
5417.5
2268.4
4097.2
2661.2
4471.1
6179.1
3129.7
4124.5
2850.7
4472.6
1152.6
4060.1
3562.2
1523.8
1390.0
5126.1
1648.1
8331.8
5741.1
2884.4
421905.5
2997.2
3187.0
2246.1
2939.9
2624.9
7785.8
11212.1
3044.7
4759.8
7087.2
9104.7
38199089.5
3889.5
5455.3
4419.0
10593.8
2489.7
6628.7
2419.6
2383.0
5761.9
63190.1
5981.6
3193.8
4930.7
8563.0
3890.5
7919.3
2404.4
18668.7
9536.9
2849.7
1802.6
2715.8
4817.8
1002.0
5866.6
3603.7
10776.0
6415.3
5537.9
4591.3
13104.0
5350.9
16055.4
5235.0
2790.4
905.5
7780.3
5362.7
13816.7
1517.3
2344.8
17038.5
6906.5
8041.3
3304.1
2967.3
4347.8
8157.8
15606.1
1117.2
13642.9
10720.2
2784.0
3351.1
6438.4
1073.0
3976.2
4326.6
14294.6
3246.6
1679.9
7573.1
4745.8
3200.7
11289.5
21383.9
7524.9
3104.2
2531.0
2725.5
2372.5
12265.1
8965.2
3735.6
8425.5
2412.6
14512.9
3343.1
2716.8
2607.0
3007.0
10379.9
2465.9
1431.6
15843.5
2441.0
2857.7
3917.2
1300.6
2854.8
5014.7
2870.8
3831.5
3757.1
4977.1
4126.0
3534.0
4265.8
4106.0
5619.4
3319.8
4149.8
4621.7
16583.7
3154.1
3668.6
4295.4
54717.8
3570.2
2982.5
2543.2
2239.3
912.7
5978.7
4131.6
7511.1
4441.3
13054.0
2288.6
1020.1
5086.0
3538.7
4898.7
9038.4
3584.6
3819.7
3995.5
3449.5
4791.6
2815.9
5366.4
5611.1
12727.7
2224.3
3322.3
16682.5
3490.5
1615.2
2640.8
8380.8
15780.5
2729.9
4949.5
5555.5
2479.2
5990.9
4475.3
9959.5
5188.5
1801.8
16709.8
2375.4
3384.9
19783.0
3183.5
2090.0
5471.6
4527.4
5757.6
6000.3
5483.3
5202.7
3989.3
11487.5
17509.8
48892.1
3282.8
5519.3
2609.8
5894.2
4723.1
16849.6
3476.5
3349.3
8138.9
2905.8
2322.1
2375.8
7125.7
2437.1
972.0
4469.9
2920.2
11426.7
3096.5
3943.7
939.9
4156.7
3909.4
5315.5
23237.5
4133.3
3811.6
4758.5
4719.3
11377.4
2325.7
15549.3
5180.0
2786.3
12625.6
2071.5
3123.1
3051.6
4969.1
3414.7
4023.9
5179.1
6742.1
3897.1
102848.4
13713.2
4239.7
5996.0
5476.1
2402.5
3451.8
4360.9
2460.8
3973.1
3230.3
3712.2
13902.4
2591.4
4036.3
10808.5
6241.3
3205.7
2999.2
5840.0
4294.2
5816.2
2435.7
3878.9
1898.8
5002.1
4956.6
5960.5
3155.4
8750.9
1761.8
11108.8
4191.9
8620.4
1596.0
5942.4
13695.6
5703.0
3733.8
5898.5
2297.7
2537.0
118594.1
9675.4
6241.7
3652.9
17046.0
4892.8
5199.9
2530.4
1955.8
9033.5
5999.3
13118.8
3923.5
3654.7
951.8
2781.4
3325.4
3395.3
4805.6
5095.7
10702.3
5300.4
3021.6
2218.1
2540.0
2668.0
4406.3
10967.1
8072.8
2328.8
10625.4
4137.5
4190.8
7668.5
7741.5
12625.7
1346.7
7010.8
2639.7
14332.9
3641.6
2920.1
2317.6
1867.5
3418.9
3257.8
5172.5
5360.1
2488.0
87905.1
3767.8
3168.7
4682.1
2283.2
3211.3
2876.2
4818.4
7098.9
2396.1
3572.6
7922.9
4989.9
2410.7
3632.4
4210.6
3212.4
5496.9
4988.8
15433.6
1859.0
3147.8
13759.8
5035.2
3385.3
964.8
6542.9
6294.2
3143.0
2682.9
6240.7
2965.8
3089.5
3996.0
3303.7
4245.6
1340.2
16170.9
8358.1
6957.0
5175.7
4370.0
2400.4
9434.2
3892.3
896.2
5265.7
9219.9
3400.5
16698.2
2522.8
6104.5
5869.3
2248.6
27637.3
2687.3
5198.4
1187.1
4083.1
1362.8
6180.2
5002.3
5426.9
6057.6
1028.8
13421.9
5345.5
33164.9
2589.0
6875.7
4375.7
1270.3
3205.6
6038.3
6906.5
2399.3
5234.3
3270.9
5039.2
12860.4
3534.6
2561.2
4859.1
5577.3
4655.0
4542.5
10982.1
1563.7
1525.9
2774.7
2661.6
13050.7
3690.7
5371.5
2874.0
1682.3
5237.7
73435.4
2919.5
1252.2
8992.5
9777.5
4364673.4
1718627.7
4125957.7
1274611.6
17092008.6
217455.3
11563235.1
4650424.3
373807.5
1342705.6
129839.6
1995600.9
548467.6
1168986.1
2512405.3
2153418.0
1457071.8
8676828.2
3156493.9
207311.0
2177366.2
1406213.2
767459.4
749473.1
864603.0
5858821.6
683454.8
1473664.7
1498545.2
1037297.3
218234.7
1901452.1
595747.6
2419193.7
500213.9
558183.4
219403.8
782998.6
16610.7
612711.7
729171.3
83815.3
1755285.4
240807.4
514779.6
706174.3
199927.1
37502.9
881421.5
673423.1
1118394.2
339708.8
400028.1
380922.8
333680.4
462569.4
374521.1
567216.3
111194.5
46741.5
831297.0
6199893.1
116963.9
2660369.5
225202.9
38089.8
2610676.4
1356284.7
204186.7
3027115.3
34014.6
2131870.1
37794.9
542671.8
617018.1
583238.3
31327.6
2759146.8
153966.8
74897.7
77225.3
1936168.8
45176.7
202167.9
3033883.4
296739.3
2152038.1
2480056.9
124050.7
1513364.2
406526.9
268690.0
7442.4
647311.4
262427.7
24146.3
1073967.3
285783.9
214740.7
2219528.6
27792.9
912717.3
6774.4
1098158.3
358015.4
2655752.9
29071.7
86449.7
271891.0
222482.7
2793260.4
129640.3
626500.1
1013722.7
622646.8
192304.5
661345.1
275512.1
983976.6
440783.1
667448.2
736071.7
249507.0
57009.3
55405.0
2931021.9
583466.2
1718020.0
371956.3
127272.5
1133863.3
256890.1
781901.2
140284.3
568645.3
194205.7
232952.1
632942.2
365002.4
208207.1
127625.4
2163084.3
2235832.3
53688.1
198201.2
98055.7
812328.1
82335.3
614910.1
264488.1
287733.1
610193.6
249333.3
187676.4
82314.3
464816.7
383101.8
8105409.5
555286.6
382324.8
880811.1
295232.2
165232.5
2710340.0
1659356.6
485719.2
834578.4
577648.6
73517.4
1362711.6
1234219.8
24360.7
2074016.1
1486399.3
2758463.7
55306.5
1110141.0
2803592.9
682814.3
244171.3
149907.4
250494.2
238945.3
202489.9
808343.0
2983938.6
407111.9
684138.7
146754.0
851292.1
1112600.1
1055369.5
368037.7
21981.0
53238.5
840764.7
835128.6
35307.6
637295.3
536904.1
58540.5
35301.8
2508434.7
554381.8
1297636.3
1284914.0
89090.0
109585.0
993819.6
569423.1
762986.8
269905.2
246849.1
64221.9
633012.9
2354910.3
62326.7
72787.1
1133063.2
109387.1
24515.4
96021.7
2231000.1
537340.9
529067.8
190964.2
749202.7
295101.3
763664.5
1792887.2
633000.0
35207.1
476146.6
284036.8
2690574.8
2300281.5
982545.9
680582.1
160228.5
349141.2
565956.1
1329558.5
28803.8
377481.2
121106.0
678107.5
242240.0
77282.9
884174.2
794022.1
61476.8
673506.8
990703.9
1109355.2
133212.5
417702.4
1862398.9
291945.9
309002.8
245232.4
430648.2
808722.5
72138.4
630482.5
192522.7
59737.4
240662.8
1742523.7
24617.7
51697.4
1588443.1
11809.6
145334.9
274548.4
2580029.0
28514.6
189417.7
210685.5
1380910.1
148147.0
138994.2
29068.7
31719.2
303633.8
360974.1
2237803.2
809926.1
1007451.0
1090456.4
427801.7
6115158.2
162194.3
863995.0
51303.1
327741.6
552017.1
1170460.6
465741.6
1310922.1
178267.5
198737.7
120948.6
570073.8
417466.5
98571.2
5587449.2
1459949.6
1632903.4
734817.9
686537.8
337331.9
92474153.7
67074.8
331242.1
256039.8
26559.4
176487.5
324372.5
451290.9
373134.5
86457.2
18275.6
2195986.9
409824.0
67937.3
243955.0
1703112.7
56838.7
285603.2
45049.6
313939.0
607518.1
51537.6
1121596.5
210325.9
724016.4
1151211.9
752380.8
274753.3
291609.5
672408.6
117181.6
612717.1
925066.3
265667.8
2176278.1
358046.5
60186.2
286758.7
20128.1
102894.7
88599.4
1116302.3
452778.7
1414772.7
1089511.7
704153.8
823608.7
58248.9
520786.0
857191.2
280628.7
59793.0
87919.2
763403.4
686472.8
490016.1
30683.2
607136.8
553320.5
174046.2
667096.0
175075.8
234144.2
265460.2
192407.1
8103.9
146947.5
138330.4
847128.8
623626.3
166272.2
103419.3
239492.0
517050.8
329570.9
381458.8
698511.6
143012.3
3065133.6
1326502.3
177760.3
1119256.7
19567.0
807186.6
554046.7
150917.1
25278.2
184824.7
371842.8
771844.2
844382.5
111341.0
71189.1
710310.1
103225.5
943616.4
387674.4
213417.4
929645.8
1971159.9
234747.5
1061392.2
239845.4
191463.6
678799.1
318623.7
2647062.4
1111941.6
1007136.7
29314.6
13189.8
1081051.8
475661.6
640111.0
580314.4
113761.6
190979.4
6208900.4
1001122.5
97967.8
179862.2
64297.5
387562.1
680322.1
298342.7
169184.8
108080.4
95567.6
1413264.4
7673527.0
332897.9
145912.2
680589.8
782059.2
2715959.6
816651.4
314435.4
440553.7
2290.2
198743.1
323959.6
2152269.1
903891.9
278760.3
2361161.0
390857.6
2519280.0
4241224.2
8330.6
472857.8
2981663.1
1052865.1
113576.5
2608755.2
2945554.7
406752.0
200854.8
304220.5
120090.8
225289.3
905442.6
2178678.3
737127.3
1933382.3
143620.1
8610751.8
160865.5
2657.2
570724.0
544061.7
178817.3
19355.6
623690.5
1464629.0
1866693.4
60420.8
1056201.9
1883232.5
1702311.7
355359.7
411484.6
127178.8
1947544.2
87523.1
91923.0
124135.7
132955.4
168453.9
1128769.0
26179.3
1715771.4
147974.8
2398369.9
23457.7
75368.4
1853397.8
959480.6
121655.8
315975.8
179898.9
104248.5
65745.0
7866061.1
187505.4
213089.5
22050.7
6931069.5
308191.1
204624.4
168910.9
523309.1
138958.6
253101.8
52491.8
284452.8
131898.6
1921897.5
2332437.5
2325811.2
161327.5
735395.5
1945518.5
86815.0
816917.9
2183106.1
310130.1
995298.0
7234.9
1441312.5
91024.7
149766.6
41169.0
379675.9
838822.7
183732.5
2083114.1
248177.7
2217012.3
208570.8
1138527.2
684104.8
142733.7
222099.1
12686.2
257763.2
302738.1
482083.8
580219.4
2626715.8
159729.9
277503.2
158710.1
1164776.7
57534.3
123438.1
837336.3
1872967.7
529560.4
1573540.4
1647624.8
288529.1
88440.3
791966.7
17926.8
384415.6
376727.5
1528685.6
330731.8
1618401.4
482730.3
480766.9
169493.2
1085156.0
386223.8
1624855.2
1672977.9
315444.9
274935.9
326863.7
1119793.5
86485.5
9690.2
269744.1
208482.5
629074.0
73055.3
154620.0
845455.5
438300.9
73136.1
2496216.4
56064.9
1048859.2
209882.5
874601.4
275777.1
459858.1
786779.5
416467.2
627452.9
143146.4
181387.1
528531.3
638496.0
1314018.6
391501.2
1031517.5
137975.7
480454.3
376791.9
