3508.3
2545.2
9201.4
3599.4
7155.7
4288.4
3193.3
11706.5
4048.1
12500.0
5253.7
4642.0
2341.4
2480.6
3210.5
4654.5
3118.1
3448.5
4268.7
3120.4
19264.0
4254.3
3025.6
16299.7
6978.5
2678.2
1422.0
3427.9
3005.7
4197.7
3542.4
3760.6
3157.1
10113.9
1850.0
4962.1
2843.5
4081.0
2833.6
7655.1
2327.6
2781.2
3489.5
2717.5
5623.5
5159.9
10238.3
2587.2
3495.1
2614.1
5485.9
3000.4
13783.2
16704.0
2974.5
3131.2
7282.8
15733.2
16098.9
5620.1
1252.9
5159.7
3809.6
3352.7
2327.5
2781.7
3706.3
3481.2
3589.8
6180.5
4863.5
4065.9
2803.1
4155.5
6232.6
3625.4
3817.4
2484.0
26598.1
4627.4
3629.6
4812.8
10335.5
5659.6
4772.2
12324.1
5441.4
4125.0
1604.0
3307.9
3949.8
4681.7
2724.2
1873.2
3223.8
47269.3
3706.1
155647.1
2519.5
5085.4
4448.5
1302.9
2506.4
49712.0
2655.3
2377.1
5261.2
2485.7
3459.2
71056.7
28101.9
2397.8
5765.7
2241.0
4294.9
3845.3
5929.0
3250.8
3467.4
3204.1
15644.1
974.9
2619.0
5274.9
2714.0
6072.5
5508.5
10265.2
6354.2
3671.6
5714.8
5653.4
2584.9
4625.4
2734.4
19327.3
21308.1
5279.6
5460.4
17306.1
17452.9
2422.9
59268.6
3670.5
4990.5
10698.2
4124.0
2634.2
1538.6
4239.1
13298.3
5425.6
1478.9
7397.1
3486.7
6463.2
1815.1
2401.0
5091.3
7449.5
5587.4
3327.7
4607.8
15368.5
3273.9
4688.5
1657.1
47801.5
2608.1
1774.9
3110.5
2342.3
2690.7
2591.1
2642.4
4014.5
9962.1
5557.9
2867.8
5546.7
3548.8
5530.9
5163.8
6004.5
4840.5
3194.7
3805.1
4923.7
2581.9
3807.9
40191.8
3956.0
6376.2
866533.4
3841.3
2534.3
174361.6
2957.9
2788.3
6241.7
5133.5
2262.3
4353.0
21522.7
2686.8
4968.6
12531.5
2303.4
1375.8
2037.5
12244.9
8595.8
23865.4
3414.5
392750.3
4509.5
138473.2
5992.1
5255.8
1785.2
2876.8
6448.9
2810.2
3535.4
1322.6
2863.6
8006.2
2412.1
2402.5
1519.0
2256.8
2664.2
4325.6
6038.1
17347.6
2519.0
5708.8
6255.9
1402.3
2762.2
2468.4
12788.8
2290.7
6111.2
950.0
2611.5
43254.8
2103.9
4198.5
12366.4
6353.6
1332.7
3746.3
894.0
6004.0
6622.9
2657.8
3618.3
13917.9
6889.2
4429.5
3718.9
4077.5
5058.5
3582.1
14650.7
5736.0
3955.7
175232.9
3211.3
3286.0
6213.0
5314.4
30503.3
3305.7
2890.0
806.1
7237.0
4302.3
3255.4
2853.6
2723.6
2842.1
2252.9
6161.2
5080.7
3512.7
5209.9
1673.5
3289.9
2566.6
2387.9
4902.3
2520.5
3964.6
3730.2
4462.2
5788.3
2448.9
3927.9
2707.4
2087.3
2848.4
3772.5
1721.6
1165.8
4502.6
6111.9
2709.0
2770.6
4378.7
5503.1
29903.3
3212.2
3463.2
4880.6
2711.6
5585.0
4337.3
4228.0
3953.0
12201.4
4873.4
4049.8
3685.6
2481.8
4087.1
6273.6
3790.9
11172.7
3847.4
5077.7
4658.4
3581.5
3052.8
3790.6
879.9
6262.2
2347.6
5767.5
4902.0
4697.8
2783.3
4846.2
1455.3
5836.1
4430.1
2810.8
6557.7
1824.5
4094.1
12055.2
6244.3
46331.9
6631.9
3444.4
2952.8
850.6
4047.8
2735.1
12175.3
131377.5
3265.5
9414.8
2336.6
3383.4
3572.2
4296.8
2877.1
12074.4
4487.7
3735.3
3857.1
4267.3
6270.4
17284.9
5950.7
1127.1
2574.5
2819.0
2594.9
3196.2
10873.5
5982.2
4089.6
964.7
3648.9
27060.4
6163.5
2080.5
9715.7
9632.1
4356.8
3912.5
2715.5
4685.0
131795.7
6008.7
2543.4
6579.6
4456.4
4739.4
4618.8
4490.0
2927.0
4633.9
4532.2
1891.3
1126.8
1824.6
2337.1
2880.4
2491.0
5981.3
8237.2
11126.3
6230.8
3696.7
433973.1
2642.2
3745.8
10965.9
1059.6
9938.8
3415.8
7529.2
3853.4
4674.8
3023.9
3251.7
12186.5
1483.8
3174.3
5136.8
8722.3
17116.9
3878.9
1202.4
16715.6
7306.9
2887.4
5188.0
809.8
6412.5
11257.3
4353.4
6164.1
14626.8
2277.9
2267.0
1958.5
3055.1
937.7
1382.5
5755.1
2543.8
2908.0
5089.1
2600.8
6445.1
2366.5
3262.1
3046.0
5550.6
5923.9
2439.0
980.7
2527.9
2412.4
4083.4
24217.8
4643.2
1595.9
4864.4
3987.6
14873.7
3540.8
3104.6
4376.2
5805.4
3083.5
808.7
3715.5
1069.2
5979.2
3247.6
3043.4
10328.3
3020.1
4197.0
4988.7
5570.0
3478.7
4783.5
2921.1
5342.9
4048.3
4664.2
6857.3
6158.4
7404.7
4879.4
2290.4
2754.2
4016.4
2312.7
4317.2
4136.2
3912.9
3464.6
9677.4
10360.0
21703.9
2266.9
17283.1
2813.7
2933.6
2517.7
5600.9
5597.3
2542.8
4980.7
5146.3
2524.7
9796.3
2709.7
5759.4
4364.0
11755.2
10062.0
860.9
159860.8
88554.9
5608.2
2745.7
2847.9
2920.3
16152.9
3138.0
16403.9
87134.0
5938.0
9315.3
2993.2
5530.3
14693.4
10281.5
132657.5
8245.6
2280.6
2223.7
4524.5
2793.3
8102.4
3101.6
4299.3
4102.1
2841.1
13325.8
36801.1
8025.4
2833.3
2964.0
22283.7
3638.2
2463.3
3051.0
10972.0
3326.3
5127.6
14612.3
3835.3
4073.6
5608.0
2851.8
4836.3
3487.4
2423.9
4269.9
6130.4
2802.6
3566.6
3043.2
4538.5
3827.3
2953.0
3639.8
5282.1
2476.1
3268.3
102624.6
3842.5
5218.8
3405.7
4012.5
2700.9
4983.9
4164.5
3259.9
13100.6
3349.3
8164.6
5732.8
38982.9
4093.6
11158.9
4370.4
5901.4
1405.9
342.4
12861.7
2928.7
4949.2
5381.8
4681.8
3689.8
5608.8
1665.6
12305.0
3268.7
5915.8
11665.7
8949.1
5699.1
1956.5
3902.3
4999.6
2411.3
1420.3
4833.1
1574.5
12050.8
12796.1
7831.1
3169.4
14860.3
4330.9
1244.5
2378.4
2883.7
3259.3
4714.6
2030.6
2271.6
11281.6
3189.2
3547.8
2545.0
8200.2
4802.2
3772.7
6034.5
2991.2
3056.5
5759.1
2771.7
1576.5
13328.5
7335.3
2600.4
2597.4
5040.1
4419.9
1278.6
3846.8
4636.5
15991.1
11499.0
2647.5
9840.3
1147.3
4731.5
3984.2
1025.7
5418.1
5298.9
2558.8
13050.7
5287.7
13859.1
5000.1
4998.6
15450.4
4140.8
2424.2
2504.1
1240.3
2837.9
4943.8
2081.0
4517.0
2306.4
11687.5
5441.9
3515.3
24160.9
1475.0
3416.4
4933.8
2371.2
4072.2
5407.5
3816.0
4519.1
4545.1
6506.8
9102.8
2809.4
7227.5
3640.8
4052.8
6127.7
3909.6
4676.9
3459.4
28621.3
3035.1
2724.9
4478.9
1789.8
68960.9
14655.2
2760.9
4010.9
2757.4
1070.8
2328.4
2510.2
7676.9
10561.8
2699.5
5756.8
4740.0
3860.7
7492.7
8695.4
5541.9
4326.1
4671.7
3781.1
4527.3
3279.2
2553.7
13426.3
10477.4
2496.7
1414.3
6122.5
5312.1
7104.3
2344.5
25734.0
3068.9
3594.4
525410.6
4688.2
34022.5
5778.6
5801.3
2241.0
11686.6
4884.2
8513.4
4013.8
5194.7
3909.2
3480.7
2375.6
12653.7
2495.0
2527.2
5392.8
5990.1
6299.0
5022.9
2632.4
9174.1
1450.8
12956.3
5976.5
3136.4
5661.1
10000.0
5526.3
2800.5
9701.5
4283.6
2376.6
2362.3
5639.2
4314.0
15839.1
15085.2
2955.2
3788.6
4290.2
6236.0
2804.8
7122.6
2670.9
6426.0
6042.8
1081.3
2794.3
3578.2
4534.5
12702.1
22839.9
2657.4
10035.8
8031.5
4372.7
1618.2
6112.8
930.4
2517.3
2996.4
8085.2
1143.0
5607.5
14276.1
4168.5
4128.6
5032.5
2955.9
3393.6
4333.3
4312.3
6254.8
4971.1
4308.9
12183.6
2569.0
5553.8
6630.9
202229.8
1215216.6
915647.2
3239644.1
184211.2
11337.3
1058831.1
412002.4
1157355.6
1145753.9
13946.1
97456.2
76040.7
77431.7
293135.5
41750.1
590289.7
517610.5
15942.8
3683169.6
659052.8
2740666.4
727358.1
1031723.1
544403.5
267384.3
680103.4
28012.8
1051499.7
3215571.3
192432.6
360945.3
1786064.9
590086.6
1687910.9
1470833.3
1133756.7
2086068.8
2374843.9
943419.9
540297.4
15616.2
308575.4
315817.9
528397.9
1045449.3
631636.6
198636.0
45087.4
190561.8
477119.0
142354.0
532917.5
63680.4
2594075.6
931092.1
139222.5
470385.8
21572.6
1691328.8
91867.2
3644048.2
2146185.5
66729.1
34577.6
377298.2
160648.0
221667.0
1456627.7
2262662.7
193262.7
200751.0
268233.1
2483820.7
127800.9
57206.5
73626.5
129867.4
125943.5
238519.2
498852.1
297706.9
460001.5
156160.8
899882.3
849971.0
77775.3
527570.0
220671.6
167602.2
43296.8
3036188.2
2579608.8
885387.1
347444.7
69835.5
383218.7
299627.7
2131751.2
470706.4
69750.8
2257232.4
1489011.4
1505027.0
2361904.4
172127.0
121920.3
3292213.2
545684.0
58187.9
342079.7
566718.3
2598548.1
5304121.0
85857.4
79785.0
1107028.1
1017569.4
242264.9
726116.7
1890727.2
67116.7
184156.5
294047.7
446882.9
386987.5
375339.8
526580.9
75907.5
435826.5
142641.0
484385.3
812247.6
77721.7
2806537.8
206992.5
147880.5
293633.0
296929.8
952048.2
349454.4
952144.5
580046.3
1081620.0
166444.8
233497.9
2293039.9
342946.9
3484596.4
279384.7
63616.2
391518.9
840356.6
129239.3
1720865.4
24800117.9
149907.7
635582.8
451725.0
248996.0
33972.2
452988.3
261858.2
624581.4
516789.6
12422.5
109699.3
88534.6
8222210.4
1071261.3
171247.5
58103.0
583983.3
60500.5
424325.4
303311.4
1085867.4
64624.8
535190.2
747060.8
922611.4
3136410.5
593561.8
522190.7
204904.7
152416.6
152934.5
97752.7
903755.9
2875508.8
2489265.4
202604.2
1184075.6
1606409.7
915631.5
122941.3
652092.0
18216.6
61678.6
747305.4
222734.1
187947.1
187054.2
2061371.0
755528.6
537978.5
273411.2
9969647.0
46423.1
50183.3
529300.4
1535477.7
3015771.5
2302318.0
48794.1
8125.8
58346.5
2459547.2
5719936.7
179915.9
671287.4
217162.5
653733.1
171281.9
2037205.3
634858.9
850663.0
76045.4
831463.7
418942.5
540623.3
783766.4
739102.5
454384.2
106412.9
539661.6
646082.3
54236.8
455902.3
1001920.5
481240.7
22144.3
518274.8
246704.4
161780.9
607993.4
971011.5
562382.1
190556.1
2128556.8
259119.4
487115.1
411113.0
853104.2
3051547.2
911803.8
1475084.6
1716004.8
160149.4
104543.2
268239.8
334428.8
147533.6
127308.0
220062.1
1062097.9
304677.7
14433.6
162780.2
940386.8
89243.6
318563.5
2334229.8
307117.3
796180.5
651419.5
54466.8
59502.7
806870.6
509169.3
241866.3
115238.4
428937.8
1723652.4
200146.2
199527.9
1064004.3
155648.3
767320.8
382304.1
124979.5
395227.7
195362.9
192562.9
545554.1
6360.5
970759.4
2167606.1
3421202.7
70488.4
1070512.5
217495.0
65837.1
54237.9
268955.0
146803.0
20829.0
356652.2
138686.7
3076480.3
1296034.4
637475.6
362097.2
95628.5
237871.7
190630.4
1098256.3
55560.5
71421.4
1538468.2
341550.8
198495.0
37334.5
81273.7
499853.6
26055.3
7260917.7
50285.8
43197.1
496535.1
39377.2
122416.4
65644.5
5785.0
1614180.7
687967.3
187459.1
1772577.6
466247.3
1665521.0
261243.2
220035.7
86193.9
272108.2
1701853.6
107804.4
22196.1
110146.3
660983.3
107044.1
2549340.7
322539.4
199084.7
371532.0
208128.5
59983.3
334146.2
1241022.9
547769.6
2295681.6
54492.8
519909.7
108457.2
1975119.7
309431.5
64393.5
485789.5
894837.0
46212.4
2853592.2
160311.3
1046566.9
174226.6
248769.5
181480.6
23578.2
476745.3
1639495.4
233139.9
149485.2
81673.4
2078257.2
136171.9
271239.5
462024.6
142551.1
120235.5
349746.3
742310.9
613253.8
249859.4
53659.4
1144239.8
507702.7
352551.7
256542.5
363758.7
2889354.4
75174.6
2173206.4
889847.0
670600.2
173214.4
487775.5
2755471.1
1382264.3
68881.5
2814906.3
290144.8
2777393.0
286127.5
612319.7
212315.6
95493.0
2901507.6
66648.0
990140.7
208134.7
215500.6
67715.2
381792.1
91082.5
711886.0
451910.7
125617.8
248968.0
565921.9
632974.8
402672.8
1037269.5
1102670.4
103752.3
290054.9
424756.5
2981900.7
180012.2
2302664.6
214615.4
84890.6
984883.0
87689.5
2115290.1
124754.9
625128.3
109841.3
397533.3
109029.6
1992924.5
797682.7
427350.5
1898936.7
3067959.9
387382.6
742641.0
295990.1
319368.2
1039435.1
341279.1
484941.6
771749.5
2046619.7
199696.1
3004618.9
25356.7
19724.3
135278.9
916526.1
928021.2
33239.5
221099.9
879372.0
160126.0
198720.2
83889.8
665177.8
189513.2
496972.5
960134.3
2413655.8
406112.0
209576.6
466439.1
48063.8
772142.9
2309179.3
633873.5
1045969.7
463903.9
789787.4
59934.4
475692.5
25272.4
61271.3
1754413.6
733233.7
1866752.2
827865.2
186908.7
402031.5
33836.1
730771.8
9964.1
1022343.5
155874.8
268663.4
367752.5
143717.7
374951.4
2193135.4
366933.7
43400.9
17180.2
530541.1
2228002.6
2341693.6
55342.1
214511.3
322986.4
259049.8
4694741.1
88029.4
1699562.9
525585.2
8800495.9
20906.2
1958521.0
186365.1
58546.3
2195256.4
743844.1
790815.8
200231.1
733786.4
56859.8
2747447.5
84795.9
1778080.1
193845.4
1581076.8
103686.3
1097909.2
174510.0
2712958.6
1396513.6
958968.7
91450.2
62029.0
1067360.4
11238.0
18908.6
61264.2
65472.3
35480.0
36604.0
1263468.1
3193950.8
1855651.2
1023117.3
497402.5
368914.1
631026.1
1100678.2
242595.0
337235.7
355449.8
576654.9
680824.9
455315.1
158327.1
322484.6
35233.9
36859.0
938861.4
38624.7
2370185.8
1418424.8
155512.7
22235.7
383036.2
333526.2
283175.8
401499.0
341511.4
154001.7
1551282.6
169959.8
1053260.6
142882.6
920502.5
169037.9
142616.8
127898.9
199456.1
87841.5
21713.2
380239.8
156619.4
84601.0
176592.9
157240.1
842207.0
1114633.5
17884.7
1882879.1
81790.7
933734.0
23337.3
279856.8
3983472.0
145064.0
58704.5
290047.3
2668131.5
2844685.0
27419.3
710178.3
341747.1
250574.7
196814.4
457635.5
1082530.5
