6256.5
11322.8
5769.0
3226.8
6168.5
2025.2
3564.8
4285.2
5905.5
5226.7
5531.1
5756.7
5030.0
2846.1
9987.5
3185.6
1363.8
3072.4
5061.4
2848.6
1324.1
5138.1
23440.1
7027.2
4654.9
3297.0
1037.5
3139.1
4870.4
2551.8
152387.5
9441.9
2802.8
3349.9
10820.4
2748.0
2476.3
4167.6
16866.7
2664.4
44410.5
11551.9
3908.7
7755.6
1250.8
7018.3
3365.6
4066.5
3218.6
3715.4
128193.5
5821.3
3503.1
13463.5
12039.6
4198.5
5632.4
8531.2
4975.4
3019.1
8025.7
7053.4
5633.9
7869.4
2861.8
3319.2
6261.2
5245.9
6085.9
5615.8
2890.2
6310.5
6019.4
3525.3
4240.7
15382.4
5178.2
4301.2
2660.7
7059.7
3295.7
4595.6
3920.8
9361.2
3285.9
2327.8
5918.0
3959.6
2909.5
5445.7
349897.3
3290.3
6495.0
4411.3
14223.3
5227.2
2544.8
89813.2
3873.3
9549.6
7191.4
3362.1
6396.0
5040.3
14154.3
14017.7
3375.9
5762.1
4585.8
15460.6
19816.8
4499.5
110541.0
3076.2
1070.6
4391.0
6963.1
17474.4
4933.7
831.0
17289.6
2708.2
15098.5
6054.7
3819.3
4200.2
22526.8
3907.8
2688.8
2746.7
7371.9
5242.8
3149.9
5198.9
27940.2
3976.0
2239.3
3969.2
972.1
5250.3
4834.0
3988.6
2240.6
7882.1
2275.3
6001.3
3265.1
27152.1
3723.3
6676.7
8853.1
5693.4
3277.6
5081.7
9990.9
2705.5
4426.5
10484.0
2953.2
10834.0
2546.9
13926.3
4806.4
3074.7
5492.4
2975.3
2844.3
5771.9
1330.6
6618.7
2975.4
3359.3
2526.4
4989.5
5971.1
7257.6
5207.9
6419.7
5809.1
2480.1
2753.6
11979.6
6201.2
2322.0
2590.9
32806.9
7455.8
3968.5
4988.2
16044.5
4290.2
5823.0
3646.7
2443.4
3704.6
952.8
3012.8
3722.1
4402.0
4858.6
4580.0
16124.6
4962.3
5861.9
11948.4
3114.0
16128.1
6296.9
8292.5
2231.5
2768.5
5831.6
3841.0
6011.9
4372.1
4999.6
3694.1
5145.9
3135.1
5166.3
3734.3
13789.5
1515.1
2475.2
6113.8
3800.0
6226.6
5293.9
2598.8
4869.9
4692.6
6445.3
3260.4
5781.1
7053.5
2662.4
2050379.4
2255.5
35422.9
6296.7
3564.5
5968.2
2808.0
3992.5
11461.4
5362.0
4815.9
2508.9
11508.2
12527.5
2731.5
816.2
3042.9
4423.4
6002.4
4678.0
11073.8
5247.5
10903.0
11648.6
1392.4
2792.0
2638.3
5500.6
10459.6
3531.3
2873.3
11307.6
2789.8
5713.6
2164.3
7515.2
2285.1
5195.0
2613.3
6297.7
5493.3
4147.5
3284.8
14230.8
6364.3
7741.1
992.1
5436.8
4877.8
2730.4
4787.6
882.5
5178.4
10624.1
3014.3
13741.2
8919.2
3439.7
3437.3
2553.8
815.2
2821.5
4012.3
2837.6
2687.2
15102.0
3403.0
1229.0
7800.5
1295.4
772.0
2872.7
3257.7
7120.4
1422.0
2428.2
5616.8
8497.3
1670.2
9354.9
3015.2
5734.1
10420.3
3415.1
4791.8
4760.6
2544.0
6190.7
13028.2
3193.8
5587.4
9969.3
2334.4
3292.9
8133.9
3152.6
2586.6
2993.4
9964.0
3079.6
4324.8
8295.8
19987.7
2442.0
3142.6
2776.5
3256.6
9945.0
2207.5
6781.9
2645.6
2757.1
24071.7
5632.6
3068.5
4235.7
226044.4
27333.6
3229.0
10160.6
2594.2
3591.5
493456.2
5466.3
1523.2
2604.9
13330.9
10860.5
3885.1
5392.3
10066.4
1169.5
831.0
7849.4
8174.4
2587.3
2379.7
2174.4
5345.6
3582.3
2379.4
5562.5
1385.0
4774.2
5604.4
5613.6
3012.6
7425.8
3171.9
3202.1
5619.6
3266.1
5913.4
6230.6
1745.8
3980.9
5421.1
5552.0
3557.0
3610.0
3513.6
4720.5
4918.4
3033.7
10975.8
3850.8
4211.9
4664.1
4328.3
10802.0
5732.0
3434.1
8143.4
3455.3
2392.4
3160.5
5215.2
2840.5
2618.0
4910.2
2746.1
1168.6
8747.7
3307.7
2218.6
5024.4
1697.9
2451.8
12901.0
3722.5
3260.2
2142.8
1884.7
4706.4
4716.5
5553.6
5683.7
3098.0
4387.1
2681.9
11464.5
3884.3
1693.8
3508.9
3540.8
2793.5
2971.1
3748.6
7591.4
32520.7
2915.8
2723.4
3506.5
1235.6
2363.2
980.4
2831.6
1523.9
17163.3
1904.1
3401.7
11298.6
2849.8
10190.5
56951.7
1801.9
2400.4
3025.2
15432.0
3820.5
16684.7
3411.5
14437.8
6298.6
3676.2
14371.9
2232.8
4345.5
5418.5
4245.6
11924.4
1444.4
2293.7
3511.5
6559.5
3266.0
801.7
2383.5
2264.7
11668.4
4161.2
4224.7
3422.3
2761.1
3298.2
2861.4
4787.6
5344.6
2245.9
2685.7
5020.6
3739.5
4227.7
4672.2
1442.1
2935.0
2285.8
5051.1
6177.4
5997.1
2680.7
125763.4
2929.3
16995.8
21474.4
1554.2
5321.3
1271.3
38845.6
2941.6
2641.9
3353.9
5706.6
15061.2
2679.9
7152.5
6690.4
3156.9
3618.8
3257.0
6053.7
911.9
4003.4
3047.3
3233.2
1803.8
3992.1
5036.3
5937.3
3073.9
3120.6
4437.2
3298.9
15459.6
4318.9
2289.3
2851.0
4265.8
3274.5
5812.9
3231.2
14984.3
4322.1
3571.1
3687.8
4093.0
2459.3
16832.6
6731.9
5965.8
5250.6
3350.0
5524.0
4700.0
4293.1
6581.8
2799.2
15489.2
15844.6
1683.0
103496.6
3033.4
3389.1
6047.9
6212.2
4485.9
5316.1
15809.8
11536.4
5641.4
12894.3
3246.0
14880.3
5981.1
2594.5
5240.2
16241.8
4366.2
2685.6
5004.3
4452.1
3485.7
14934.5
2361.8
2898.1
4648.6
4199.5
8956.2
2781.4
5069.3
5609.2
2314.2
2855.9
2935.0
2400.3
1337.7
7315.6
8489.5
4627.2
1858.6
384044.7
8934.8
3419.3
6103.7
3081.5
2853.2
59734.8
4633.9
3058.1
4653.4
3903.5
2381.7
2628.4
2391.0
4370.4
3322.7
2229.5
5483.1
9591.5
13635.2
6068.7
2581.2
3998.2
1799.2
3069.7
2516.3
5309.6
47181.2
3734.9
4493.5
2508.5
1058.8
14064.4
7772.8
1306.8
3010.1
15368.4
5726.7
3769.2
6721.8
127039.4
2348.7
2975.5
3361.8
2349.4
8605.4
4701.1
3970.5
5698.6
5661.7
877.7
3811.8
3986.8
3606.2
4335.2
11099.7
5390.0
3027.5
4801.9
4726.0
5174.1
3944.0
5560.1
2950.4
4736.6
8627.1
2353.6
2590.4
6640.2
2200.7
14929.0
3422.4
15664.7
6825.4
4341.0
2886.8
4405.5
1144.2
14249.7
4223.9
11352.0
3591.4
4842.4
3246.0
4186.7
3354.8
1483.4
4442.9
8827.7
4435.7
8928.7
3235.5
2479.4
6078.9
17033.9
6495.5
8603.1
152693.6
1090.2
5051.5
4464.7
2828.2
10032.4
2637.5
5657.1
16367.4
5162.7
3718.2
4154.0
205423.5
3387.9
2957.6
4493.9
1357.8
2656.5
2727.2
2242.3
4667.7
6652.5
5735.0
3305.2
2940.1
2515.0
18091.2
4271.0
859.3
4533.6
5897.6
6416.8
12138.3
12090.1
11542.4
2426.8
4489.8
11003.8
4214.2
12186.5
3022.5
8255.3
15238.7
14885.7
2716.4
5072.7
6082.3
7330.7
13769.3
3625.7
1179.7
7162.9
3426.0
11222.7
4890.1
10600.8
5242.7
7774.4
4131.8
3152.9
5967.8
22130.6
962.9
17693.5
1415.9
1344.8
6235.1
7805.7
4838.1
11036.1
29823.1
2248.0
4889.9
3297.0
1920.3
3326.0
3302.4
5582.7
9224.3
4858.1
3211.0
4197.7
3615.3
8231.0
10001.7
4246.1
4155.6
857.5
6429.7
6149.3
12463.1
14971.0
3092.8
9584.2
3238.2
3551.6
11362.1
3128.5
4689.9
5381.7
3461.3
2681.9
6024.0
4247.4
5131.9
8996.8
10459.1
992.7
2274.9
3910.7
4317.5
3716.8
3848.9
2767.1
15653.6
2234.3
8667.0
5940.9
4022.2
7474.7
6206.6
3065.4
34946.1
6127.5
4158.9
10448.3
7252.7
2732.6
8086.6
2404.3
4226.0
9545.9
1699301.5
2425920.5
1236044.6
18025443.4
1223082.8
2542198.5
1024902.3
2620828.5
220685.9
4811244.7
405868.0
390036.1
5946187.3
2800853.2
746682.1
1070973.5
730649.3
4916481.6
1652225.5
702157.4
768644.3
934170.4
149191.9
225389.2
2917558.6
481116.0
506332.4
1100491.3
1815792.5
582490.7
772469.5
8277190.7
2675778.1
6971210.2
2185782.7
2971044.3
794483.5
2450420.1
2349453.2
2947848.1
74642.2
201636.8
373526.8
3839373.9
2712863.1
1361474.4
2598008.5
124480.4
67909.2
605535.4
7771011.3
1089600.7
481481.5
2956157.5
51252.3
784267.9
133778.0
2121534.4
182242.5
975373.8
190703.1
286199.9
19967.2
205827.6
339290.3
131310.1
5156161.1
13998.0
6313549.7
311427.2
256725.3
4528980.4
31703.3
1661318.0
149046.1
82896.9
120822.4
182039.2
171356.2
130594.9
2362829.2
2466765.2
1495856.5
163507.4
2999898.6
193566.8
51115.7
477699.6
185875.4
415681.8
433861.3
421384.0
480610.2
5686376.1
346474.5
1013090.3
487068.1
1759296.5
456896.5
21051.0
284795.3
1919040.3
26450.9
375596.9
60188.1
144295.4
859362.2
806044.2
2898993.8
25346.8
717259.9
256073.2
412636.0
2128370.7
699395.7
289620.8
559638.0
299713.9
8399983.7
651908.9
215736.6
839226.4
71439.3
1232495.4
1268061.5
401694.4
204745.2
669973.0
349772.5
1213847.8
98079.0
256258.1
116688.6
36427.7
26041.7
126170.8
264401.3
94592.2
1823021.8
369898.3
35740.7
1325788.2
221188.7
51491.6
187761.6
187523.3
568480.9
77447.3
2077208.5
543652.1
185827.7
1612900.1
1015421.0
767011.7
82907.5
163454.4
165658.0
20251.9
298887.6
19879.3
413612.7
2639984.5
996811.1
377814.7
710195.3
1636913.1
36826.5
137905.2
23105.2
1487072.3
2296721.6
186106.1
21124.9
163055.5
532928.8
165706.0
751891.5
495273.8
175036.4
1622929.9
1143845.8
259817.3
1905865.4
38760.7
40292.1
350502.8
3838947.0
1107108.5
287077.9
192216.7
399311.4
367412.1
20245.2
48347.6
263454.0
555772.5
21234.4
88135.1
258249.4
96607.6
6186228.6
167625.3
97241.7
262048.2
716690.9
604909.0
36252.8
325825.9
637655.4
170421.5
2170382.9
422836.8
271244.3
3078622.4
753185.8
448040.4
33073.7
2581847.2
237309.3
4081198.2
637584.9
46083.1
201899.0
253454.6
823709.7
7628495.9
721697.1
470863.0
38355.0
4282934.5
446987.4
292691.9
1417726.0
88892.3
141661.9
6065003.0
1682918.6
761480.5
679267.9
465656.0
487997.2
1478933.1
1445373.4
80018.1
281973.4
266141.3
843574.7
1225444.5
59938.8
35042.0
8107302.1
357815.6
259821.4
251787.9
43259.7
43714.1
2026604.7
788651.3
121462.7
2333450.0
561173.0
296885.2
1256538.8
422967.3
199009.6
491182.3
148037.9
24501.1
177061.3
195296.2
302641.6
3139452.3
76974.4
50838.7
308003.3
1903462.5
2482071.9
829660.3
1277142.5
530123.0
123314.8
3048294.4
489515.7
439769.5
561029.8
2287236.4
762213.4
1273391.3
61113.6
41956.2
124228.2
68390.7
246860.1
144037.1
559565.9
5339681.1
2424179.0
52286.2
1947465.9
779670.6
150683.6
218252.4
134478.9
247752.6
1590949.8
214258.3
397357.0
968921.4
1445914.2
8408809.2
770118.3
796252.9
29008.5
468405.7
200849.3
98379.3
205934.2
1879048.0
102151.6
1209002.2
53945.9
846505.1
864474.0
130805.6
106365.1
741754.9
69189.3
686211.2
851174.8
1007913.3
8065.1
1025147.3
1095220.8
378841.9
96595.1
88431.8
1308695.1
18301.0
780980.5
448105.9
3080438.6
45785.1
7582855.0
2772058.0
162768.6
371108.9
38102.3
12478.1
214659.1
617651.0
642289.3
106524.0
969553.1
54562.9
35202.9
2026557.2
253241.3
135886.3
58926.4
107763.6
53152.3
259721.5
63105.1
2597759.1
546411.2
1081398.5
439047.3
105660.5
383155.8
1461490.5
2506873.9
104006.7
27200.9
167390.0
88734.4
917975.6
778599.7
729818.7
2891828.1
1029602.7
70276.2
808788.4
591035.5
669574.9
763835.4
1714237.2
7545420.5
282685.6
9943.5
208294.0
578953.7
627960.8
1599905.5
1619133.5
588088.6
175479.0
318559.2
1055504.1
316522.4
216075.5
425502.1
414012.2
467548.7
1779482.7
2077168.9
260540.0
552262.1
295942.7
60702.3
104041.6
100344.6
559661.4
1459614.8
653291.3
214908.4
73427.8
1314040.5
401789.6
144476.7
418190.1
2176419.6
242236.6
592258.2
149305.9
48416.8
51714.3
1431918.7
29405.0
2534693.4
355643.8
5870779.0
668692.5
960516.2
372059.5
189476.1
7325.4
269451.2
128082.2
5305604.4
606395.1
373154.0
12052.9
973960.1
847088.9
4994716.9
2118219.4
466028.0
763978.0
422894.3
913759.7
156311.3
61407.3
30238.9
370566.2
1682786.9
658770.4
311825.0
146495.8
22879.4
282950.3
156711.8
201476.8
28642.9
246404.5
50992.8
669201.0
688520.2
825893.3
5926366.6
731464.5
200490.8
52014.3
200052.2
32398.9
625721.0
173771.7
1042906.4
54669.2
248726.8
408703.1
6410487.1
302652.5
1477391.7
2800763.9
994409.7
941330.0
30609.3
241353.9
211353.2
412494.5
159135.9
121238.9
595313.0
1792776.4
92869.6
283017.9
4785514.2
2526477.0
81446.0
724897.7
190240.0
77133.2
97400.2
325770.6
201646.7
701462.0
9367.3
152906.2
692212.3
237611.7
127056.5
213833.3
192017.5
101916.7
3089699.9
1282947.4
1629711.8
298688.2
446652.6
1411355.9
104695.2
259216.2
247956.3
459554.2
33668.4
25257.4
52363.4
43013.7
181587.8
1419130.3
58806.7
80354.4
142520.3
495683.7
34680.4
74989.4
3096241.4
1030998.6
602840.0
884362.0
150529.2
716613.0
583067.6
180596.3
617749.1
802598.6
107951.5
61561.8
39007.6
1643378.5
547047.9
6480804.8
2181254.9
919836.4
6277302.1
203063.3
2313113.6
568093.1
9947.8
115150.2
7505947.8
64805.8
502056.7
180610.3
2099426.5
2156527.2
1376311.8
483549.9
1658311.7
964442.7
880410.9
47179.9
89341.5
1356031.9
2429359.2
166775.9
592034.3
1007555.2
695935.2
3129999.6
16149.7
106847.1
217192.2
865521.9
347341.3
324845.8
2205463.2
1309432.8
1072808.9
479175.1
189299.4
1185700.7
77537.0
281542.1
543967.3
67867.5
70719.9
62502.1
156665.4
281901.6
1228497.1
179539.7
380152.5
1692001.0
90656.3
34673.6
446406.8
22126.5
1162938.8
155778.9
57698.7
82262.0
330522.7
641266.0
202006.0
174475.0
948671.3
532360.1
364105.0
817525.5
492755.8
