13800.9
6126.7
5985.6
7709.4
2421.5
2745.6
2636.3
5302.2
11656.9
5773.3
4777.5
6075.8
4428.9
13023.6
3882.1
3434.1
2995.8
18631.9
3407.6
5528.0
12831.7
993.7
2445.9
6579.4
2096.8
3975.1
22947057.1
178461.7
5212.3
4062.6
4205.2
321.3
3937.9
2831.8
3279.0
3130.3
16223.1
3210.6
5787.2
11946.2
1406.8
805.3
5804.5
3405.6
3912.9
4573.8
10567.1
2416.1
4304.8
1337.2
2884.4
1542.1
2951.5
3368.8
4677.2
3957.1
5887.9
5442.5
3209.2
512404.1
137464.8
4280.8
4014.0
175244.8
1036.5
3909.2
2492.7
3365.2
8040.3
2261.6
2636.9
17062.4
3314.6
5315.8
2684.2
5421.5
3559.7
3953.0
3323.2
7582.0
5084.8
5558.0
3396.2
3061.6
2789.4
5349.0
1549.8
5870.6
7643.9
10405.4
2277.7
3102.9
6514.4
2622.4
11760.7
4098.9
5716.1
3447.6
2803.5
3842.8
2562.5
6197.7
2352.4
3338.2
3160.7
4865.0
4580.6
2395.8
4106.8
6071.0
5263.4
2691.5
3018.6
13384.0
2818.2
3182.5
5714.7
3667.5
4629.4
4769.3
5651.7
6402.0
1102.9
19510.2
6306.1
14880.9
1946.5
2667.8
3879.5
5857.3
5767.0
6035.9
5248.6
3541.2
3471.0
3176.5
4424.8
4860.5
3202.5
2302.7
1211.6
6110.4
5478.4
5654.9
4311.6
15882.5
2953.5
4872.8
2892.7
2759.3
3590.8
2750.5
4032.3
4512.1
2705.5
21294.9
16588.4
4420.6
4132.1
2435.9
1468.3
2264.5
7422.3
10710.8
7394.5
6073.1
5461.0
3873.2
3469.7
5552.0
3022.3
4596.2
6554.2
200449.2
10548.0
2468.7
1669.9
2241.1
852.7
2825.0
2643.1
5221.5
2490.0
4921.5
3397.9
1184.9
3051.8
2431.9
2795.4
6622.5
3135.5
5575.9
420448.5
7309.9
1000.9
3042.8
5356.0
6822.6
3281.6
1526.0
2603.9
5954.2
3338.1
15248.5
4016.7
3738.2
2396.8
2625.7
1415.4
5989.1
1948.8
3522.5
5601.8
2827.0
3506.3
2958.6
10662.4
5572.1
2402.1
3625.4
15806.8
1510.5
6146.6
71966.9
2656.5
5402.9
5843.3
2644.7
15980.8
4554.6
2348.1
7175.4
4913.1
3992.4
9130.6
1742.4
15370.7
6303.0
3254.8
5624.5
3826.7
28207.1
5788.6
4267.7
5393.0
3233.1
8811.6
4806.8
2259.9
5266.3
4032.0
1113.8
4033.1
2929.3
3617.6
2680.8
2530.2
4513.9
5447.9
1272.3
3185.0
15082.2
5764.4
3304.4
11031.1
2664.2
6211.3
10248.4
1595.3
6042.3
3441.1
4925.5
8044.6
3188.7
3172.0
15791.4
2807.4
5220.5
3055.9
12555.0
3722.3
1277.3
5848.2
10988.2
5881.1
2348.4
10695.7
17000.7
2883.6
28945.5
5925.0
4771.3
1104.7
4299.4
2763.1
8346.5
2320.2
2888.8
10498.3
2249.2
4793.1
11250.0
7350.0
2579.8
2777.1
10731.6
4409.9
12770.8
3938.7
879.9
4780.5
1872.4
2939.0
5386.1
2961.5
1336.9
7625.1
1969.3
16231.6
4911.9
2546.6
6856.3
2589.6
4554.3
9118.3
4608.2
1236.1
3376.4
36117.8
4925.4
2527.7
10918.8
4064.4
4931.1
5868.6
8956.0
6510.0
5384.2
3493.7
4661.7
2636.9
4793.7
5153.1
6530.2
4097.6
2940.6
1735.8
9962.7
6070.2
954.0
2354.7
3825.1
1285.2
6776.4
5380.3
2788.4
1613.5
2080.1
15355.4
4512.2
5089.3
2492.5
12090.5
2262.9
351277.5
5304.5
2691.8
4838.7
4568.8
1117.7
3253.4
3763.9
4319.3
2991.1
5806.0
4250.5
3855.9
3646.6
6309.4
3388.4
845.5
3844.5
13906.7
2983.1
2607.8
2307.3
2272.5
7467.9
7689.6
3459.4
4092.2
3516.3
5295.0
2267.5
4338.5
5433.5
8505.7
2831.6
9251.6
2563.6
9073.6
13496.7
4390.6
17277.2
3474.5
3873.6
3131.9
7121.2
3004.1
1263.4
3846.8
4833.1
4452.5
2732.6
7322.5
3400.7
4662.2
5836.0
2749.0
8511.7
1120.2
5341.7
2466.4
57832.7
5824.5
5469.5
4915.6
6484.9
6996.9
7766.3
6296.7
11864.5
7097.9
2344.9
2692.9
1357.4
3967.1
173157.7
1263.1
7512.2
3921.3
7132.8
3695.3
5367.4
4770.6
4039.3
6374.9
5649.6
2484.4
2621.7
5485.8
3162.5
5424.5
1355498.9
1124.2
4916.5
2847.8
4535.2
6087.2
120676.3
6833.3
2448.8
3403.0
4609.5
2470.2
2318.1
3433.0
3559.1
5446.8
3141.8
10911.5
8434.1
14991.4
12363.1
4630.4
3590.6
4152.2
10263.1
4481.3
1605.4
4106.6
2603.1
1895.2
4730.1
12056.6
3443.9
3686.2
16981.3
12557.6
7353.9
12157.4
8992.7
2630.3
5342.6
13509.6
2261.1
4154.6
3708.8
5588.5
834.7
2756.5
7642.9
10831.1
5518.3
1050.2
6143.2
1370.4
14926.4
1908.8
2958.3
3139.4
10595.1
1114.2
11804.2
5242.7
5012.9
6708.2
2543.8
5035.2
2642.9
4312.9
4757.0
5584.5
3764.1
2618.9
2939.4
5371.5
1263.5
9990.8
8640.6
15974.5
15745.7
5376.6
2197.4
4577.5
3421.2
4368.8
3158.4
9707.0
3695.4
5829.3
3226.4
39595.8
2580.2
3278.9
6165.7
2916.5
2672.4
2827.1
4786.3
1602.5
2788.3
17467.2
2337230.0
6158.9
22554.0
5395.5
2269.4
3388.0
4928.0
4837.9
1186.6
2538.4
974.2
16215.6
3582.4
10316.8
7523.9
5849.8
14577.5
2591.3
3922.5
11616.8
8374.5
6349.5
4568.1
6132.4
5068.8
23411.2
5221.3
2269.8
6147.6
4169.4
2728.1
2356.7
13536.5
4608.6
2365.7
5700.0
1994.9
4631.2
2881.2
4689.5
3308.6
6376.0
2038.7
4542.1
5610.4
4729.5
3462.8
7209.0
3686.5
19302.8
1714.0
5686.4
8559.4
5228.4
16870.3
3810.2
5204.2
17670.2
5338.2
3799.2
1479.4
3372.8
3437.8
5807.9
2328.1
5982.6
48931.2
9167.7
6237.2
3514.0
5684.1
2930.0
11843.3
2684.6
4148.0
1716.8
1225.1
4073.5
2621.6
837.7
6628.6
3774.6
2636.9
3201.0
2383.3
2748.5
9521.5
2424.9
2576.2
2413.4
2273.1
2966.4
116635.2
15285.3
14217.6
2746.4
4434.0
1321.5
11505.6
4949.0
3425.6
5624.3
6184.4
4064.8
40239.0
4547.7
3746.6
2799.5
4767.2
4020.8
2489.8
13541.2
1230.6
2519.0
6151.5
7837.1
5204.2
3119.6
2414.7
2540.5
1298.2
3425.3
16118.3
2358.8
2915.9
1536.3
3750.0
24789.6
4606.7
17117.3
6426.7
1968.4
4868.5
4211.3
9747.1
4022.4
2303.3
5842.2
3060.8
2479.6
1950.3
2608.8
3257.7
908.7
2553.0
10088.0
2577.2
3993.9
3583.6
15703.7
4184.5
68320.2
8844.7
2447.8
17148.8
2890.0
5353.7
2578.9
3173.1
4166.3
2845.4
4604.6
4745.7
5765.7
1965.3
4503.4
1189.9
10823.8
1346.7
6303.3
2388.3
12336.8
4653.7
5987.7
931.9
5482.1
6651.4
8033.1
2255.8
2786.9
1840.5
3806.2
12008.3
22172.6
5105.5
3048.0
2747.3
8247.1
14488.3
3303.0
5440.5
3462.1
4626.6
3850.0
4023.0
2952.6
3761.4
6220.2
3888.9
4072.1
7525.1
7822.4
2693.3
5217.4
2612.7
8636.1
2761.2
12804.9
6088.1
5302.6
2534.9
9624.7
3438.1
3072.9
2611.1
2883.5
3008.9
4421.0
3528.3
11942.3
633102.1
4005.1
2847.4
12253.2
4117.8
10741.9
4797.4
4968.2
10695.2
37515.7
16072.5
2666.5
13596.1
3076.9
50702.9
4126.1
5885.0
2546.6
9664.1
5108.7
7201.3
5949.2
5222.6
3123.4
2813.5
4569.6
2092.8
2817.9
1407.3
6718.7
2473.8
16643.4
2495.6
3553.7
11716.3
3272.4
4947.2
10641.8
6363.6
6234.0
4701.2
5070.9
2255.3
6184.5
1265.2
4809.9
2368.0
4845.0
22675.4
48559.2
3455.4
14016.5
2678.2
5896.1
3023.3
6114.1
908.5
2461.2
3567.0
24044.3
1275.2
13136.5
552316.4
2685952.3
1333187.9
1249582.6
2731343.9
1373125.0
34934.2
420479.2
1119900.3
2291872.4
2233139.1
484247.4
78392.1
1740546.8
526184.2
494980.0
411538.4
1588736.6
218997.6
880602.9
51935.8
86818.4
45717.3
1197306.1
54956.5
117344.8
79654.5
1147873.0
683591.6
1225508.1
2966003.4
365694.7
5407800.0
1444774.9
1910392.8
987494.9
1102457.7
6222126.1
228616.4
6725146.7
188028.7
1527451.6
199466.1
541606.8
188041.3
1235122.3
385693.5
1120882.8
156543.4
753018.9
1288342.7
729757.3
29076.8
834229.2
147657.9
13361.4
398926.1
60898.4
1061664.8
62210.6
3328595.6
286527.8
3917385.0
24271.4
120146.5
801104.0
172799.5
136023.2
178869.2
9161.8
4672319.7
263044.4
2780578.8
731548.3
248019.5
827709.5
918536.3
695959.7
63100.8
799364.3
184074.5
2157967.2
83739.1
738530.9
1403494.5
271679.7
779865.9
1001440.7
951972.7
192267.5
2691816.2
18933.3
531424.9
666995.2
64689.2
1349185.6
83294.7
50904.6
2690284.5
416228.8
38533.2
1620760.3
511194.8
368932.6
2635090.3
1666537.5
223268.1
197621.3
531922.1
579460.2
2213738.0
151913.0
198264.9
326619.6
588023.9
5604019.3
15208.2
77462.3
249637.0
1187405.1
131126.3
289094.5
73654.2
94926.5
183221.3
2729705.5
761372.2
2194202.0
96108.6
203094.5
761994.6
160639.5
205080.7
952047.5
36435.7
387706.9
803137.4
573629.2
2363584.6
555024.3
322703.1
906804.7
77861.2
2092018.7
250880.1
182299.0
2079470.5
293134.5
1720204.6
379356.6
25220.1
14197.3
377877.9
222785.1
2376412.1
181383.4
783910.5
688704.2
71069.6
328112.6
735830.4
15245.6
172474.9
591394.6
30697.3
1148995.4
1041956.3
191375.2
309396.7
1520673.9
1296424.7
1452639.8
912813.9
667781.4
19888.7
226692.6
3702680.2
72933.5
75830.8
2312716.9
387372.0
60525.3
280782.0
1124660.5
7677244.2
232652.2
877088.2
356413.3
1271755.1
694663.0
1013503.1
234767.8
5459429.6
733624.9
456456.5
583210.1
918701.9
148787.6
1118252.7
196640.0
517226.1
390268.3
286980.6
697210.2
163339.8
620703.0
490939.8
226279.7
332271.3
868035.9
509682.8
39591.7
1720082.7
349338.7
1101159.1
1085032.6
257941.4
357845.7
628203.2
235207.2
143162.4
56265.0
1261068.3
2503412.1
2814252.7
1519895.4
18264.6
961689.6
1855097.9
1524861.9
410144.3
1239311.8
23376.4
333970.7
1908539.1
2548419.7
422962.6
55401.0
936288.2
2058011.6
1256502.8
262616.3
101380.2
2945265.1
543844.2
819225.3
467077.2
1570251.6
45160.0
130189.3
2082735.1
950046.3
514314.1
466179.1
223137.9
82395.8
2519968.1
718334.1
197681.5
627026.7
112953.1
97384.0
246549.0
476417.3
535229.7
1132940.5
64781.8
398026.7
244001.6
596588.9
1119301.3
648963.8
64483.6
121267.0
371771.4
1038808.0
1102287.1
1929082.4
342898.4
50770.5
525091.7
191672.1
162736.5
270508.6
230716.8
438083.0
143706.6
1233964.8
57306.5
1043983.9
390132.4
171749.0
155000.1
557614.0
162838.0
1965189.0
234295.4
1557872.2
67954.6
164717.4
1459168.6
169770.3
914077.5
1020501.6
84807.9
923922.2
2600511.3
710535.3
1082618.8
339266.9
193812.6
429588.8
44833.9
1204352.2
1031333.3
201182.5
202734.1
29721.3
242895.7
420299.7
278055.5
584254.0
777732.8
260798.5
24715.0
602925.2
218188.0
2283097.3
530609.2
228205.8
2857716.9
71551.1
341810.6
222099.2
856519.9
2463076.0
861999.3
24571.3
486995.0
193339.2
416802.7
157117.0
115388.0
156083.1
395566.4
12473.6
500606.0
365341.6
1272490.6
140975.0
295136.9
199055.4
1191039.5
296738.6
999187.8
842070.1
507724.4
693175.0
595222.2
156202.0
395978.8
626827.3
691969.4
884605.0
106231.4
683150.4
3057631.1
21406.6
142628.2
477063.7
380552.5
143997.8
614422.6
121612.5
1537379.5
37805.8
594521.4
79059.8
181869.8
279871.2
212916.4
51641.3
3042459.8
392939.2
15196.7
309119.4
515043.1
119414.6
73787.2
2471706.9
815486.5
148141.6
1473010.8
104516.8
27986.7
1245742.0
522061.8
262263.8
366304.2
763120.7
57650.5
12833.1
225699.6
788829.1
58778.1
344006.8
50179.4
882356.9
1615928.0
62242.9
310642.1
631156.3
665195.3
784329.7
697817.6
52785.4
495763.0
222231.7
399297.2
1617793.9
2044361.1
1511039.8
263308.9
204362.1
1451067.5
225658.1
91678.8
199018.3
222829.8
100530.2
529329.9
181875.6
1019627.5
252021.7
937331.2
194838.0
561460.8
711264.7
217077.4
623222.6
1427540.5
60151.4
121598.8
413355.2
475613.4
553217.0
478566.8
166249.4
239683.2
58769.3
265829.1
1057690.9
1024705.5
222744.2
396839.5
2462721.4
937869.7
750062.1
2617488.5
159530.6
5775659.2
569404.6
3908436.2
43588.9
56146.4
411058.7
1701694.3
250075.6
895830.1
1048915.4
1646204.0
277703.4
144854.7
2835483.8
225983.1
1443370.8
490330.1
214257.0
784841.8
1565886.9
1010102.8
985716.4
123644.0
1226298.4
41127.0
174426.2
359376.0
937851.4
120093.9
170361.6
90839.9
230355.5
918463.4
85870.7
784499.2
553019.5
74307.7
104184.5
101469.9
224097.8
659410.7
72388.2
239308.7
24482.0
229616.4
1005278.1
444847.2
781846.3
38033.9
1033797.9
28484.0
855704.6
14275.7
1214441.7
570184.8
105160.6
13754.0
71386.8
260176.6
143160.5
414877.7
229140.4
23478.6
109687.4
1958145.8
1158453.6
7349.8
908564.2
8502.5
207788.4
1084249.6
57869.7
114686.4
14039.8
17261.2
47404.8
324081.6
151382.9
580250.5
161757.6
53403.8
183416.1
325203.5
26165.3
466371.8
22729.5
220796.4
1259801.7
2932603.2
134485.5
226773.2
1470852.3
1549845.0
64440.6
168575.1
483552.5
2183449.7
684387.1
76094.0
407188.9
179222.8
410160.7
528022.1
734197.6
6530216.6
110914.8
249296.3
359595.4
656009.5
310454.6
1272312.5
492214.1
528602.1
742806.0
837949.5
348372.7
2924445.4
93181.0
970335.3
488375.9
3043960.2
86194.0
748642.4
182934.7
270819.4
2575248.4
29885.7
6451.8
40348.5
6970.5
644070.8
500636.6
456741.7
21182.7
405483.3
27999.7
125049.4
60835.5
232698.8
59298.4
420575.7
132237.5
306154.8
679129.0
347662.3
382631.6
198285.1
386759.6
221285.1
38953.2
974592.1
292820.8
644088.0
500445.3
77287.4
105357.9
329758.1
1869487.9
219702.3
540670.1
1013993.2
