7427.7
41839.9
3004.1
5491.8
10858.4
1234.4
2494.6
52964.3
319065.1
5651.2
2282.6
4853.6
1723.4
3456.0
5974.6
4323.7
2736.2
9440.7
1724.2
7283.5
5290.2
3576.1
2751.9
3848.9
12824.6
38672.4
3772.3
28310.8
18937.6
5069.9
2676.0
7197.3
4806.3
3554.1
13902.9
6059.9
6010.0
2422.5
4533.7
5472.2
4701.4
2723.4
6194.2
3056.0
3653.3
3217.7
3397.1
4796.6
16797.7
1110.3
70418.7
7245.5
4945.8
3580.0
5359.7
5915.6
3014.3
14295.3
4690.3
5035.3
3796.4
2415.2
7593.3
5262.5
5086.9
4329.1
1402.7
4960.4
2667.8
4359.0
1529.3
3164.2
14074.7
3307.0
2388.5
3500.7
4067.9
4149.7
2370.2
13022.8
2942.7
998.8
3166.0
4062.0
5685.2
17540.8
9680.1
5249.8
2424.8
25852.2
4746.8
9091.5
6293.1
2372.5
2481.9
6625.4
9616.8
2917.0
13372.1
3474.4
2659.0
7347.5
5873.9
7408.8
4946.0
14812.0
3494.7
3129.8
4195.2
3903.8
2395.6
3045.6
4103.3
6346.3
2371.0
10208.0
3430.1
3501.2
3337.5
1375.3
4596.6
4904.3
16312.2
6626.9
6985.8
10435.3
2163.2
979.1
2955.3
2329.7
2356.1
937.4
4177.8
8028.9
5562.4
2454.0
4122.5
10144.7
6276.4
5843.6
7648.4
2952.8
3338.6
4495.9
4574.6
2375.1
7061.8
10668.4
6584.5
6501.8
14602.8
5044.6
6016.0
25856.3
2981.3
3960.2
3805.1
2985.2
2672.3
2324.0
5094.3
2378.6
4841.1
5335.9
2104.0
3732.8
1383.3
3858.2
4983.7
3412.6
4092.0
4869.0
10668.7
4741.1
3036.1
9465.7
13850.9
2576.4
8011.3
2917.0
2391.5
6751.8
8384.0
2304.0
4606.5
13301.4
2326.3
2996.5
2906.9
6045.9
43914.2
5425.9
13183.9
10846.2
7931.0
3311.7
15448.9
4818.7
5837.8
3304.2
1005.8
973.7
4223.0
2263.4
9537.3
2966.6
6181.4
3618.9
3718.6
2544.5
4699.5
7361.4
15481.0
4867.1
1663.6
2693.5
2596.8
10543.8
3108.4
2626.4
2622.2
3932.1
16158.0
8956.5
6153.5
3198.6
4477.7
12088.7
14074.0
6297.9
17259.3
4510.5
17279.2
2266.2
11305.1
5602.9
2964.5
5396.7
5273.8
3487.6
2256.7
3657.8
2539.2
4303.9
11559.8
8739.0
11007.3
3034.1
4917.4
2798.3
5846.8
3940.1
2789.2
2808.0
499504.7
4084.4
16760.5
3689.9
5735.5
2977.9
3952.1
4511.6
3492.8
4468.2
42187.8
4021.6
3707.8
2858.7
4484.7
3055.8
2076.3
3833.4
2815.9
2156.8
3649.6
5986.0
4743.9
3049.9
4758.2
25290.6
3324.2
12118.2
16022.9
4482.2
3530.6
5135.5
5848.4
4224.7
6975.1
4855.5
16820.1
14888.0
2827.5
2458.3
2253.9
15379.7
5647.0
1731.3
13314.7
4404.3
2471.0
3080.9
9138.7
2515.4
2938.3
3192.5
1462.1
3323.4
4036.9
2712.2
9871.6
12150.2
46320.9
6245.5
3334.9
3855.7
5940.5
4335.7
12852.9
2749.0
6682.3
4036.6
6161.7
4062.5
34482.8
7513.6
2585.6
12186.1
5945.7
3919.6
4577.0
5518.0
873.4
2329.6
3792.7
7786.8
17027.2
1497.8
895.7
3308.0
6683.3
3508.6
7943.5
1945.3
4484.0
4261.5
2619.6
8160.5
4861.1
3352.0
6139.3
4871.8
4184.8
4481.0
79579.5
912.5
3361.6
3487.1
6268.6
4417.1
3599.5
3231.5
4759.6
36611.7
9511.0
1302.7
2260.4
2678.4
3067.2
3402.4
5799.3
15227.7
13597.6
5913.9
8279.8
16602.3
3854.4
4601.5
2961.6
4930.2
4123.3
1212.3
2829.7
4552.5
2558.8
4592.8
3922.6
5652.1
21475.1
7270.4
5773.7
4604.8
6251.3
13054.6
2385.4
3397.3
14191.4
1050.5
15628.0
4219.5
7223.0
2510.7
3423.2
3360.1
7702.4
4905.2
13324.9
1317.3
3099.6
5103.9
1264.8
3151.7
2813.0
3343.4
1733.8
4151.9
4503.7
1777.9
3346.6
3774.4
3284.7
6478.7
1896.4
2749.8
3766.4
13199.8
8796.0
1074.2
4382.6
2787.2
10280.7
2631.8
3136.9
4234.0
2476.9
2363.8
3600.8
3484.9
5845.8
4475.2
4033.7
4523.6
3244.3
1375.0
17308.2
3495.5
18585.6
2463.8
3563.9
5851.4
4141.9
4236.8
5864.0
4153.9
1403110.1
80468.5
3972.2
14871.7
4416.5
3177.4
9758.0
9814.6
57040.7
4151.5
4305.9
3497.3
8470.1
9576.5
2646.2
3938.5
6114.8
7756.5
6395.1
313027.6
6805.6
1067.8
5954.6
4574.4
3480.0
5410.3
23742.2
6451.3
3635.1
2868.9
5827.0
3917.8
5190.4
10633.5
6272.4
5144.4
6218.6
6238.5
12899.7
13279.9
4917.2
7224.2
8705.1
2607.8
4561.2
4181.8
3254.5
6115.2
3258.6
5878.3
5297.8
4106.3
1019.5
12938.0
4953.8
3140.6
3868.7
5892.4
2818.0
2781.9
3816.6
3192.1
3021.4
325496.9
11470.4
2718.2
4648.1
2240.3
3451.4
347895.4
9804.5
3668.2
6262.0
3244.5
2522.8
1675.7
3968.5
3558.4
6857.0
3923.0
2661.4
1667.6
2821.6
2677.7
3997.7
2830.4
3353.3
14672.2
3173.8
1657.0
3332.3
2367.7
1263.6
2488.3
3241.4
4466.0
4584.8
7204.0
1637.3
5965.2
6019.3
10379.8
7866.0
8824.0
3814.5
5478.2
9138.6
3053.2
9787.9
6643.2
6013.8
1310.8
3032.3
5397.5
1322.1
6246.8
5728.6
5808.3
4293.5
4565.7
17488.6
10840.6
3609.3
3534.8
3857.8
827.0
4424.8
2712.9
3725.9
14504.0
23299.9
4748.3
2750.7
10335.5
4468.8
1078.5
4682.5
3997.2
11303.2
4120.5
3512.5
4171.6
9956.3
2299.8
947.4
2643.5
1565.3
2474.9
4043.5
2898.1
17353.6
3802.8
360847.2
3137.0
2637.2
2520.1
6084.5
2495.1
4808.2
4359.9
14913.8
3341.3
3106.8
2677.2
2708.7
3428.2
1057.3
3988.7
2404.4
2834.5
5085.4
9255.0
2680.2
1545.7
3573.9
2619.1
5149.3
2985.8
4223.3
5687.4
4447.7
2573.9
23052.3
14585.3
1117.7
3596.7
15694.3
5525.4
7181.8
2494.4
2561.2
41511.5
2838.7
10893.1
5786.0
2338.3
70283.6
3732.8
8066.7
2741.4
3945.5
6184.2
16545.1
3881.0
2426.7
9698.6
3789.2
4828.4
1025.5
4828.4
5319.0
2605.9
3125.9
2550.8
3429.3
13132.9
2863.7
2513.9
9140.9
10049.0
4312.5
1015.7
5492.4
4024.5
3210.6
3730.5
2686.7
3770.1
5978.3
3039.8
33314.3
3210.5
3726.7
2611.8
2706.9
4598.4
4373.8
2518.0
4485.8
2245.2
2326.5
2681.0
5053.7
5496.0
12665.6
189159.8
3604.0
45200.5
11368.1
5937.7
2310.0
2789.2
4801.9
7706.8
4671.4
1030.0
3209.1
24674.1
8255.6
5445.3
2748.5
345184.6
4057.7
3577.6
303298.7
3795.8
4582.8
2100.9
1164.9
1300.2
5293.8
6285.5
933.8
6028.4
5443.5
3292.3
36503.9
4226.6
5331.7
8961.5
2608.4
3331.9
3413.6
2696.0
9489.5
3809.5
2404.9
3208.1
10471.7
3255.4
3584.3
4832.9
7174.8
11293.5
3926.1
3588.1
9464.1
974.9
5223.6
19711.3
5433.8
2345.3
11492.1
1021.5
8408.1
2827.4
3419.1
4689.7
10186.0
966.6
4569.0
4220.2
3720.1
4580.1
9142.9
3644.7
15267.7
5317.1
1482.9
2585.2
6666.0
15227.8
3011.9
10260.7
10972.1
1587.3
2330.7
2721.4
3663.3
1957.9
6172.2
8920.3
3959.0
4705.8
2337.7
908.6
4099.6
1354025.0
2182.3
5088.0
17551.4
5167.0
3351.9
6040.5
2832.6
8598.9
8808.5
11933.0
4225.7
7107.8
5685.8
818.1
5329.5
3462.1
4812.1
5360.5
3172.0
2313.2
2944.9
2905.1
5980.8
3691.6
2686.7
4396.3
6676.6
1290.3
2341.4
2591.7
3959.5
2032.1
2774.2
15480.9
4973.1
2736.4
5811.1
4010.2
2753.3
3823.4
847.9
4541.6
3194.0
204895.0
19123.1
1396360.1
1528950.4
763904.2
20881.4
1933014.2
77463.0
1779637.6
1720967.7
31158.3
3891921.9
844605.2
18211.5
2705244.9
340333.5
2067325.6
2138562.6
676773.3
2599543.4
28091.4
735287.0
888036.2
96887.2
36358.9
2009040.1
12332920.1
1535671.5
647094.9
8071851.4
6011668.5
33440.9
996894.3
1366760.8
2879189.1
63620.5
806675.0
2255030.5
432475.4
569643.7
2441558.1
1284036.8
58774.0
2135407.4
509049.7
743266.0
442945.0
1927600.2
622359.6
19545.4
403680.6
525169.7
680414.3
848890.3
37696.7
2722901.9
26632.1
111184.6
736955.8
85407.7
92694.6
1681229.6
1224183.0
663367.1
90164.9
2933586.8
501475.4
344617.1
422894.9
651236.0
1495819.2
298819.4
1072040.9
416533.1
360429.1
1081235.9
147860.5
1656603.2
249849.5
1004271.4
504775.9
449080.6
1539633.5
726041.3
179316.1
13069.7
553151.3
6949.2
250496.4
717446.5
447528.1
2166809.2
367238.7
206131.6
410779.9
2120379.0
316920.0
55814.8
405186.7
438049.6
18672.7
925247.8
2128816.6
185463.8
557982.1
213320.2
48933.0
53063.5
1886563.8
79283.3
883968.1
8437367.3
132741.2
35845.4
893567.4
166165.1
473422.9
2910242.6
495780.6
281862.1
1489508.5
167919.3
27973.1
744932.3
140240.1
66220.9
877350.9
16273.1
2538915.2
347333.5
3450394.9
741432.4
1167289.2
147101.0
709731.6
158520.7
649661.2
466773.6
553766.5
98771.7
778733.5
1951811.6
636603.1
617956.0
211543.8
772811.3
197464.0
647955.6
782551.1
62525.0
307393.7
310717.9
12969.7
334488.2
1030602.8
847765.9
661302.5
47605.1
66018.1
970231.3
61416.5
10084.1
374640.6
388882.3
761006.0
581205.3
105950.1
1367124.8
1363343.6
246681.1
603063.9
24497.0
472058.6
182301.0
2022470.8
112609.5
167938.5
465083.1
141641.9
77380.5
873437.1
2593879.6
2640988.3
559942.4
209861.6
33809.3
270829.1
2083046.3
2314508.3
62317.5
12226.3
2277427.6
1474007.6
23877.4
247353.6
818824.2
196641.9
109918.3
846261.5
171311.9
210352.2
7916.4
661067.2
1692974.9
294875.3
104771.9
1816861.6
2721075.9
68760.2
378101.8
7585.7
61129.2
95420.5
82237.5
153371.6
201589.8
213404.0
869490.2
2076316.1
1282967.6
7635.1
66815.2
175375.3
509898.3
6510.8
1004847.0
86937.8
146143.2
358451.7
149340.2
838091.0
303661.2
223605.5
18317.8
67636.6
704914.8
284254.8
93470.5
751123.1
1889755.8
1568176.8
610886.8
314868.5
2110268.6
2007516.6
152796.5
1057229.6
233786.1
175318.4
380124.0
49154.9
3504499.2
678372.8
176201.8
915602.6
24405.6
57728.5
311433.3
1336468.5
362176.6
76546.4
306519.2
102908.9
31252.3
1038863.3
712722.6
1620527.6
2816288.5
1939333.7
636578.6
116643.1
876533.6
489578.5
1543206.2
744229.5
233850.5
2236057.9
457564.1
22600.8
631693.4
421638.2
234402.2
580211.4
1406946.7
164358.5
51652.8
101041.9
101166.9
97436.4
2284668.0
97433.8
631618.9
488872.8
574892.2
56441.9
242028.8
1031593.6
200454.3
611311.1
157740.3
70708.7
154153.4
641255.5
823932.3
124614.3
181480.3
32068.7
266273.9
529798.2
528986.8
182077.1
821161.6
740736.3
2780463.9
372456.8
386731.2
178549.2
215146.4
360782.8
972310.9
749504.3
2417234.3
862719.1
3925931.9
26995.1
55686.9
116137.4
850962.6
710520.8
877150.3
126240.3
1365973.4
207538.6
273489.2
174161.3
552709.4
388459.1
66934.1
40340.8
28003.2
1091301.4
1948795.0
63678.7
46124.4
687869.3
1521307.5
33760.5
784274.3
383470.0
29331.4
539730.0
374317.9
403517.8
779441.2
658330.4
3505659.3
82510.6
408615.2
1182219.2
129018.8
1809337.6
381447.5
292762.6
510939.4
121769.3
1445118.8
652719.5
3060417.1
1643596.3
134915.4
248660.0
389992.1
1332918.6
6309.9
2660065.5
2233546.4
2003924.6
3114602.5
389620.6
39092.8
1065247.8
169639.8
771466.7
158701.6
798068.1
903301.9
39003.2
357997.9
762363.7
1642517.5
1761870.1
146727.6
131253.7
3601006.8
1744626.6
547677.6
1437824.3
106749.6
25045.0
486379.1
265022.7
1388196.7
2990300.6
219341.3
725541.4
1897759.2
2049761.6
234046.7
519430.3
205851.3
212453.3
256764.2
2091755.2
211071.0
44599.4
87143.3
424104.4
69587.7
208224.3
1479910.2
11206.4
94520.9
45916.7
129998.0
59097.2
1226767.1
1290695.0
44739.5
100902.3
391179.8
594928.5
2903818.5
177781.2
1025074.0
250799.2
1297928.6
25706.8
160614.2
188119.4
147969.6
572923.8
605743.5
162767.0
916668.5
462175.0
84246.3
772591.2
627590.3
3003017.3
1172555.4
56079.9
612567.6
75752.7
971465.0
513490.6
191987.4
55538.0
47168.4
166344.4
603651.4
24940.1
467606.0
889623.5
129345.9
431547.2
6840.1
145905.0
147622.3
518970.2
23024.8
97462.6
52111.5
343927.6
6935.1
65161.3
203229.8
386784.5
1272768.0
133749.8
795199.3
167398.8
53193.9
496576.4
401195.2
1466550.9
537248.9
383300.3
595198.9
913938.4
2813226.5
101097.0
874061.4
1079003.2
477973.2
488949.5
423168.6
718414.4
30341.0
1306914.6
1377178.7
22519.2
14423.1
2648720.3
78434.6
213004.2
3158510.3
344656.2
124686.8
830495.2
548379.8
81556.8
3723975.9
667855.6
276120.6
6543.0
3081405.1
209129.3
30173.6
66682.3
103811.2
146683.1
8701769.7
329543.1
23231.9
19029.3
176963.1
1078722.3
791964.5
57348.0
233586.8
166002.4
25319.7
550104.4
918768.7
54505.0
1821143.3
318591.9
720083.9
197255.6
1050694.1
155423.4
298904.1
765753.5
41659.2
249650.6
510092.2
178188.7
175464.8
52250.5
1771577.2
657652.4
184071.2
139949.7
1579707.1
113266.6
51146.4
2659350.1
51211.1
87428.8
162919.3
2282048.3
2509040.8
2569914.8
123255.3
337442.2
160633.7
821927.8
52584.7
175713.2
980766.4
442905.0
171597.5
161545.2
99025.2
2522788.4
354027.4
1877043.8
15282.2
22174.1
286719.1
460439.6
2557312.1
6254899.7
106341.9
277556.5
559923.9
189743.4
348144.8
58551.0
35921.4
3322316.1
567884.8
133500.5
421375.2
345316.3
118422.0
1989260.3
222838.7
131823.0
2693862.7
665761.4
935260.0
78768.3
132270.4
54435.8
863745.8
820976.3
551362.9
5696233.7
277076.1
1090694.5
613877.4
74464.5
270247.3
2297921.5
1590084.0
435727.5
21066.6
573720.4
565797.7
213075.7
