4895.1
4605.1
5139.6
2553.0
4944.0
7388.6
3850.2
2271.5
4798.9
5275.0
7607.2
3343.2
5872.5
4399.8
4230.1
3226.7
3733.3
12560.7
11350.4
5160.3
2450.6
4014.9
6456.6
6008.5
3185.9
7620.9
2489.3
3441.6
4701.5
8154.3
3856.1
1948.2
1899.8
2559.4
5620.2
14477.6
1176.9
3466.9
5116.3
2247.0
3472.7
440202.1
3313.7
941.6
2962.0
10142.6
10519.9
14105.0
4375.3
4248.1
6776.4
2712.8
1989.9
27345.4
13511.8
4837.4
11099.4
4055.7
2393.6
2225.7
30879.5
2562.9
2605.9
4715.5
4849.4
10290.3
2827.9
3254.6
4612.6
5797.6
4421.3
4326.1
5261.6
1137.9
4624.4
5586.9
5642.8
929.8
2519.3
6320.1
9056.0
2805.3
2670.2
5180.6
2936.9
4299.2
3142.1
3531.2
2833.7
6240.3
4978.2
3323.7
4412.1
2249.0
3081.2
12561.5
3537.4
4069.1
4017.9
3918.1
4837.3
9731.6
3301.3
945.6
4386.6
2945.0
4529.4
5593.0
2368.8
844.4
3090.2
4605.3
2665.4
5124.5
16670.7
11246.7
6917.4
8409.0
5657.0
6258.4
2424.4
3308.8
8062.4
3407.7
7552.4
17626.9
9794.4
807.8
1425.8
3508.4
3696.4
50026.2
11154.5
2693.9
5900.5
3473.9
8065.0
4166.2
35551.2
3072.4
4665.3
4460.8
4280.4
15063.3
2870.8
45289.8
5533.4
2563.4
13053.8
2565.2
5920.5
5652.4
2487.2
4185.9
3444.1
26019.3
3833.4
2753.3
62145.6
8979.8
2633.9
3088.6
8232.1
15161.7
3859.8
8473.8
844.6
14591.5
1929.4
6222.2
11325.6
4077.0
2918.4
5409.0
4285.8
3141.6
7247.6
2444.3
2285.3
979.8
3587.9
2498.8
5145.5
5061.2
16632.6
11732.4
5370.9
1451.4
4027.4
4223.0
2252.9
1695.7
1640.9
7690.3
5389.4
3962.3
5886.5
1629.0
2619.9
923.9
4321.0
4904.8
4424.6
4472.9
2465.4
5220.0
4543.5
4664.3
1704.9
5923.9
11946.7
3572.2
2579.9
2924.2
2342.7
2681.8
953.4
38495.2
2865.9
5875.4
4300.1
3949.8
923.3
2259.0
5863.3
2929.0
7957.5
4126.7
5463.1
5662.4
1707.7
3328.3
8627.6
2809.1
11573.6
4496.2
47015.1
3587.7
2792.9
3735.8
3930.5
4837.3
13146.7
103201.3
6384.0
6220.6
2541.4
14758.6
3805.1
5062.7
3469.8
7654.5
7048.6
3823.3
56492.6
9014.6
2931.1
3817.7
1959.3
3355.4
3263.8
4229.4
2313.5
34509.9
2609.9
3985.1
2873.7
6222.2
4854.6
5165.9
4036.6
4248.1
4365.5
7030.3
8536.2
16469.1
5115.6
2280.7
4255.7
27723.7
6200.7
4385.0
3304.8
4809.1
1084.0
2247.9
4078.1
7958.1
4975.3
5463.1
3692.0
4515.2
3390.2
2388.8
3224.4
633.9
5811.8
2385.4
13376.8
2989.9
5389.1
2662.0
3635.4
2596.8
5172.7
4508.2
41982.9
3567.8
2290.7
14772.7
4684.4
810.3
5540.6
16140.7
2929.7
4641.9
2563.4
4586.3
3817.0
25336.7
7220.1
4116.1
11773.2
15585.5
11249.3
11883.9
6614.8
5981.6
2451.8
2650.5
34971.1
4640.9
1768.0
3007.3
5475.4
5923.8
2907.2
13688.0
4009.8
5280.6
2744.7
16349.2
2467.0
3991.1
5263.8
1289.4
68369.3
2301.7
2353.5
22043.6
4856.8
4741.3
2512.5
12928.9
4527.1
4723.4
2316.5
14151.5
2766.0
3965.3
4136.6
6215.3
16073.5
12085.9
15869.5
8507.6
4467.5
954.4
4415.5
3083.6
4000.4
3521.9
2254.8
5144.5
1128.5
5463.4
5034381.0
19536.9
3219.5
4259.0
4337.0
3894.4
7318.2
6191.6
2429.6
9975.0
2173.4
2327.7
3694.0
2516.3
5160.8
2606.1
2520.5
5887.4
1113.9
4641.4
15863.9
15246.8
6596.5
2324.1
3290.0
9525.2
6159.0
1119.3
4858.8
9639.0
15386.7
906.1
2175.7
3739.4
3497.8
11121.9
1060.5
4858.6
2372.6
3231.3
1556.9
2894.2
9487.5
3560.4
2973.9
9293.8
3548.3
14732.6
4390.6
13686.0
3416.0
10125.0
35933.5
5883.7
5659.8
997.8
10290.3
7089.2
4994.3
5368.5
2268.2
2754.3
28470.6
2670.9
2247.7
4630.7
12077.6
4767.0
1785.5
8418.7
12298.7
3491.4
3890.8
23221.7
4372.8
6994.5
3756.2
5267.3
14222.7
4272.5
2906.9
3317.8
1405.6
2506.6
4913.4
4080.8
3264.1
4324.9
8950.6
2644.3
4158.6
3647.4
4409.2
6641.9
14254.0
3554.4
13548.6
3049.5
5561.0
2252.7
3648.4
4950.0
5474.5
3431.4
4246.1
5254.2
2119.0
3204.2
4737.3
6237.3
9636.1
4819.8
3825.9
7116.5
5156.0
2599.3
2296.8
2820.7
24207.7
2267.1
5674.2
17609.4
2828.2
2398.9
6904.4
3447.8
3458.0
1855.2
2370.1
4364.1
5322.0
2895.1
5779.5
4605.8
11470.1
2328.2
5021.2
4085.8
3721.4
3481.6
10437.5
5540.8
1414.6
2346.1
2649.7
4237.7
8733.9
4973.0
2253.1
12380.0
6113.9
2268.8
2957.6
5145.9
3705.5
3739.5
10993.9
1467.5
4850.3
3011.6
10148.8
3498.5
3894.0
44207.0
2465.7
12400.5
1787.4
1218.7
5699.0
8264.2
5035.7
3147.1
2341.6
6186.8
10963.0
2979.6
3988.2
3055.9
4927.6
13423.2
5567.8
2716.9
22104.9
7091.5
1181.9
4067.7
1716.8
9150.7
4765.6
16858.3
5686.6
4744.2
97019.2
2766.7
6344.0
4076.2
3807.4
4894.8
29342.8
16002.5
4534.9
3621.5
1636.6
4565.3
3673.0
3695.5
8687.4
9825.0
1281.1
2743.5
3107.8
2952.7
911070.9
5338.5
2658.5
4020.3
15253.5
3107.0
2550.6
4285.8
8055.9
11737.6
4211.1
4549.2
13169.3
807.5
17368.1
3248.5
13740.6
8818.7
3374.9
2733.5
3748.6
2072.9
4995.0
3584.5
2512.6
1019.8
6546.8
12650.5
3598.9
3452.8
5873.6
37254.7
2336.7
6516.8
3767.7
4181.9
2484.0
4337.2
4707.8
2702.2
5377.5
3676.1
4892.7
59128.5
6016.9
3623.8
2575.4
13186.5
11152.5
3400.2
2841.4
13560.8
1010.9
3161.8
4237.9
3078.1
5328.5
3685.3
2809.1
4385.5
15294.9
5799.6
10666.2
3149.7
5930.3
2246.1
826.6
1638.7
4077.3
5542.4
3123.7
2282.8
6622.0
4915.1
5823.0
15398.3
4929.1
3074.9
4247.0
3772.7
3408.3
3352.7
4267.6
2288.6
1290.7
3916.3
5733.1
2350.3
4438.6
3570.6
2692.4
2340.9
2151.8
1285.4
2520.4
7631.4
3320.9
2435.8
1957.9
14996.0
1949.2
2149.9
4045.6
2457.2
3187.6
3274.1
33333.3
8219.3
5603.9
3999.1
4544.3
5832.7
4600.6
103130.6
3971.0
3342.9
2989.2
2665.2
6844.4
16345.0
2717.3
6224.2
1477.4
9988.4
2423.5
6175.6
13411.0
3067.8
6024.7
4516.0
2810.8
5064.0
9642.0
3613.9
5533.7
2241.9
5862.6
2306.2
6941.2
3664.0
2350.8
4637.6
3196.1
5151.3
4549.0
349634.0
3196.9
3833.2
2733.4
6284.7
17915.6
1449.0
13582.7
4171.2
3052.7
8872.6
18506.9
4435.0
5173.1
2792.6
6351.2
3377.4
8452.8
93950.8
2842.6
2147.1
2284.0
3528.8
63832.8
3561.4
13312.6
4912.0
11447.9
3129.7
12698.3
3533.1
877.0
2978.4
2299.3
6941.4
4978.4
2580.1
4399.4
3311.9
3345.0
4136.0
5290.6
6278.3
6027.5
4596.5
5302.4
970.3
12932.2
3674.3
2466.4
10503.4
4602.7
2513.1
4315.6
2487.3
2903.2
5888.9
2608.9
2260.3
5004.6
2943.4
10739.8
2545.9
3557.9
2884.6
11012.6
1518.3
2871.6
5016.3
3228.1
3096.8
2868.3
47571492.7
5395.9
2962.0
10131.8
2625.4
2592.4
8698.5
163145.6
5104.6
13558.8
3053.4
3385.4
18670.3
5314.0
27429.7
5931.5
2786.1
777902.6
10658.6
3299.9
9766.9
2566.1
11042.0
5832.0
2240.0
5979.8
2407.6
4304.1
16652.9
4352.8
4584053.8
3614251.2
5576125.4
53344.3
636958.5
2242502.4
1435335.2
359048.3
124658947.4
275415.4
1360254.7
1425213.6
731586.4
14552.9
3004235.4
460006.5
1366731.8
339018.2
985651.0
35983.9
4333962.6
470329.1
665582.5
134581.0
1791829.9
596078.2
1202657.1
521782.1
1528075.7
580367.0
1491347.3
899103.7
2670190.9
415653.2
480047.8
2640008.5
3324626.7
4399790.1
1392041.6
418646.1
61549.1
64457.1
248147.7
89950.2
1382655.4
34049.7
310900.8
364076.0
652273.1
58703.7
868002.8
661808.6
87690.0
21142.5
154799.9
6840759.9
1008774.0
416940.3
55132.2
927155.2
53134.4
599478.5
62084.0
707632.8
1399854.6
112619.5
97145.2
856160.9
168574.1
1112245.9
184898.8
612967.8
77759.3
941921.3
1210465.3
685413.5
216517.4
52331.8
32377.6
659678.1
83103.9
2319079.8
1158168.6
273375.6
213372.2
504579.5
75856.6
34551.3
6167380.1
478573.7
1095240.1
1963619.2
673935.9
8642127.4
687088.6
299669.7
428846.6
2308431.9
2324188.2
386873.9
788227.8
28735.9
1873781.4
197922.4
222882.0
9219.2
156453.2
2212116.2
776664.1
118262.3
6169608.0
1104034.8
84857.2
272825.4
1481445.7
1647105.4
28961.0
146784.0
90359.8
68541.9
89523.2
710014.3
564298.2
77654.2
52168.5
61107.0
11862.0
164658002.2
154647.3
1543740.6
195194.7
59434.8
46391.5
413707.5
331183.2
978896.3
1472474.0
53309.8
343024.8
200804.0
319997.5
373526.3
28880.7
980652.1
710043.0
6694207.4
84127.2
33697.0
187143.3
2168319.1
602340.7
240786.9
660864.7
504863.5
2492213.8
32344.1
767272.8
59492.6
481573.3
59261.9
141689.1
335037.7
215867.5
1819543.5
81733.0
243741.5
229294.5
791269.9
2219276.6
242678.5
1878592.0
902243.2
629562.3
1035077.9
229158.2
57070.7
176139.6
401056.2
654668.4
295955.4
915790.9
26103.2
1140425.6
38649.4
615012.1
128914.4
123477.3
61894.6
99603306.2
334878.6
258677.7
1257935.7
1137403.2
458757.0
177032.1
4647621.2
1042394.1
363084.9
211777.5
1330410.5
2472978.8
257496.8
25820.0
150594.6
670693.0
4642753.0
197214.6
569778.5
283522.4
236499.6
40999.6
1041536.9
617228.9
111835.4
508918.4
440662.9
2157284.9
3359556.9
19612.5
2298990.7
136882.4
679594.4
24001.4
215655.5
464691.7
250795.4
292723.4
419532.0
1250376.6
1051098.1
58101.2
1082762.8
136933.8
1337006.9
579529.8
62843.0
153475.6
2363879.5
162518.6
430033.7
76636.4
1729832.9
2871184.0
1397064.4
677225.1
91815.0
220767.6
11380.8
76936.9
302354.0
139113.7
31928.9
431775.8
1073897.5
149901.2
111312.4
877676.8
2256461.1
155793.7
91062.3
31721.9
358316.4
190406.1
235945.7
726863.7
2268977.5
671690.8
932066.6
60265.9
287123.3
50521.2
833607.9
673874.6
559330.0
529208.9
965480.2
426423.1
295056.9
262888.0
412508.9
104514.9
913254.5
29727.1
150042.2
41678.3
199076.1
94700.3
1011634.4
68156.2
1624777.2
538016.2
546292.0
825788.1
69362.3
772505.9
436705.5
60764.9
83237.1
766595.2
81351.3
1896562.8
965404.8
724580.0
116426.2
426854.0
819221.9
889510.6
259609.9
142926.4
982661.7
972586.4
46305.3
16433.9
315802.5
74944.7
387106.9
1469779.0
280645.6
766470.3
912949.1
1262533.4
486895.8
32162.2
624269.7
500578.5
470176.7
446447.0
718285.8
755931.8
473847.3
581980.9
83343.1
368313.0
736479.4
887363.2
223912.7
955964.7
1031548.5
518243.7
210641.4
1762819.1
89733.7
71881.6
757901.0
127917.7
615252.0
208215.3
428634.5
69620.1
754491.8
1531442.4
974765.0
219071.6
1374654.8
2670246.8
507295.2
70448.1
2364470.9
252591.2
404393.3
685527.9
237728.2
2985329.2
115391.8
1883842.7
1327553.0
1830234.2
2377308.4
389315.7
121342.8
398049.8
35772.4
637424.2
547078.7
1011318.7
1994839.0
164981.7
139405.4
25141.8
165636.4
141783.0
218402.0
636127.2
64141.9
329943.3
955252.6
25096.6
1063690.0
1545631.9
106588.6
2207004.9
220437.8
2799037.3
541939.0
44387.9
639780.8
105965.8
87911.7
2627898.2
2468933.4
25680.0
165573.9
1401122.0
750697.1
143872.2
321384.0
92873.5
333485.4
1263206.6
784555.3
1340783.5
13458.2
2269406.1
1273575.1
3722794.7
769218.4
251785.7
184624.1
44333.2
750072.6
8525477.9
254438.3
2431188.2
2527390.5
167101.4
381787.6
571760.8
1874974.5
192843.0
629406.4
19540.7
553727.3
1900169.1
280279.9
668998.0
666802.0
260763.9
48496.8
949486.1
612023.4
61772.8
26950.2
233193.6
66299.8
720658.0
615327.1
19748.5
475526.8
264769.4
601013.2
1451083.5
767212.7
275235.1
5865272.3
490092.9
22361.8
417433.6
509920.2
1104957.8
6750164.5
739728.1
2380449.1
459873.8
647663.7
604808.1
234001.2
2120019.4
648370.7
948548.8
737175.2
476167.0
1144678.9
504463.6
1076410.5
1267178.0
393558.3
1681557.8
150569.9
579949.2
38055.1
1179054.9
195954.0
350696.0
113252.4
1191936.5
194834.1
55299.1
1527573.9
348857.9
947867.7
16952.1
142620.7
222713.2
2336579.1
69462.7
488565.1
50016.8
696967.6
5182972.5
3001209.2
1237113.5
524995.1
1233407.5
33318.6
63395.3
292810.8
301195.2
1159764.6
133470.7
146714.6
1095681.9
287206.6
478268.6
278631.9
405657.0
1542224.4
16800.4
595966.7
386129.3
113167.9
1899984.0
93738.5
935246.6
21075.8
423601.3
1048809.2
499436.7
168508.0
194129.8
710353.6
156998.5
29563.2
1354718.2
173675.9
6124662.4
1156221.6
1484164.8
234782.4
35565.8
301446.3
937179.5
55568.8
289817.7
169652.6
656390.8
1300442.9
497546.6
223145.4
56016.2
579425.3
2935213.1
255920.4
70715.3
121943.2
550881.0
108704.3
138800.2
1015436.1
342005.1
81079.1
68213.7
486635.4
257184.8
1119254.2
313102.7
1321504.9
78052.1
2343149.8
155781.8
163690.8
457708.2
336651.4
619898.8
526399.1
1101840.0
311925.9
810294.2
22716.0
53037.0
289007.0
118237.1
1773980.5
44472.6
779117.8
286503.6
19041.3
1650324.3
311456.6
589183.4
348389.4
79504.6
225790.8
2383259.4
2266241.8
109644.1
918215.3
139167.5
927089.6
450035.5
637948.3
740547.2
204274.6
262441.6
1804317.6
840094.7
2146565.5
110235.8
373546.7
29395.7
182212.4
1299670.8
583646.9
41560.9
61055.5
446086.2
129960.7
846816.9
587765.5
380868.2
1570025.7
1000946.5
