4058.3
1096.5
9800.7
4652.5
1648.1
1298.2
3921.8
9426.1
11991.8
3848.2
2710.2
65095.3
3849.1
4896.1
3476.8
15529.4
8339.3
1331.0
4773.8
4799.5
2845.4
3035.2
2483.1
7533.4
2608.0
9193.8
140189.3
4553.6
4985.3
5020.4
9815.8
2049.1
2501.6
3253.3
2397.3
5891.8
5036.4
2684.3
2371.7
4716.3
2841.9
2690.7
215953.2
3555.5
61585.9
6154.7
139112.2
18512.5
16142.7
5113.1
4307.1
4723.6
13576.0
1285.6
4652.6
4105.0
2856.6
3328.7
10064.7
1716.4
2370.9
3434.7
4564.7
3504.4
3443.2
14409.7
4845.2
3613.1
2619.5
2754.4
2320.2
5385.7
16603.0
4637.3
3881.9
3544.2
6268.5
8947.8
8070.6
3494.3
2400.5
4296.2
8276.4
8197.4
4645.4
5017.8
4757.3
5653.7
6220.3
2513.2
2246.0
8122.0
6347.2
5172.1
5699.3
4288.2
3479.0
4853.4
2524.6
3391.3
5542.6
3187.8
2789.8
2297.8
4125.7
12895.8
9650.4
5464.3
4303.0
3149.3
2796.2
17618.0
2381.2
3760.7
2567.2
5624.3
3557.6
7041.5
1085.9
11731.6
3606.8
960.8
1002.0
1399.9
4066.6
4052.3
4699.9
5149.0
3825.6
7438.7
2648.0
2722.0
11671.1
6189.1
13303.2
3504.0
6891.6
4834.8
3187.0
974.6
7037.1
2427.4
26181.8
2564.3
2361.4
2352.4
2249.3
3518.7
40283.1
4674.5
3703.4
3259.3
5832.0
3127.8
5923.9
2298.2
4694.5
13557.1
3282.9
8211.7
5942.1
196120.2
3803.0
3343.6
4069.8
7025.2
4045.5
3311.0
4728.8
2800.2
2815.8
9591.2
2625.5
3176.3
13926.6
6313.7
1127.6
2660.3
7733.0
5136.1
3137.3
2164.5
2756.6
10746.2
3583.8
13951.4
2783.8
13902.4
3767.7
5254.5
880.8
998.8
9342.8
2605.2
7135.8
16314.6
3283.3
2655.6
3673.9
3000.5
9681.1
7673.8
5175.1
173321.1
4752.8
3656.7
5483.3
3062.0
5068.1
2643.8
6139.1
10238.9
4046.8
41997.4
4029.1
5288.6
4563.8
2771.1
14761.6
1645.2
5291.7
4237.8
2255.4
2754.8
937.0
8698.8
2437.4
2535.5
8907.2
4966.3
3192.0
2321.6
4684.1
11819.1
4678.3
4947.9
6096.0
1149.9
4241.9
1327.1
3828.1
14014.6
2791.4
814.9
5012.7
5420.8
3363.4
4374.9
2917.4
5870.3
5021.7
17428.5
2746.8
1154.4
4505.0
1188.3
5908.5
6089.9
3780.4
4063.5
17151.3
4477.0
4406.8
1693551.6
3484.3
884.8
4698.3
5027.3
6274.0
4187.9
2615.7
907.0
5591.7
4684.0
913.3
1233.5
5506.3
3191.1
3812.8
5971.9
3182.6
4969.0
1062.9
2307.3
13803.1
7795.2
4919.1
4341.5
5200.4
3393.2
3598.8
3542.4
7738.1
2407.5
4753.8
3495.1
3284.6
7137.5
3183.9
2226.1
3051.2
9805.6
3254.8
9607.0
1344.4
7656.4
2679.9
9871.3
4080.4
2374.1
1815.4
3102.8
3721.9
4372.8
4831.4
1620.1
1786.5
8067.8
8877.2
5570.3
2266.8
10955.6
8379.2
3191.8
26498.6
2657.6
15296.3
2385.2
5813.9
13086.2
6449.7
7004.1
3156.6
2546.1
2824.6
3604.7
11746.1
2330.3
8561.7
2221.5
2758.1
5989.3
4488.0
4454.0
3195.9
2529.6
5537.1
4488.3
10352.2
2667.8
2622.6
3287.2
1067.5
5754.7
2595.8
2499.1
5759.6
8028.2
4863.9
24647.8
5359.9
2834.2
9595.2
8292.5
18487.2
6401.2
3886.6
2642.4
10576.7
2675.2
4586.4
6891.0
10881.4
4044.9
4879.5
3441.1
2442.1
4782.3
4073.2
3002.1
9023.3
6127.8
5828.5
3216.8
2718.3
3374.8
2582.0
1069.7
11908.6
2680.2
2274.5
4072.6
2687.8
328013.2
38838.1
4649.0
1828.5
5087.5
6093.3
5543.9
3340.6
4969.7
5129.5
3760.1
14837.0
6088.5
2302.0
3096.9
1733.5
4621.4
5528.5
2939.1
8458.4
2973.0
2412.3
11211.4
9032.4
5883.5
15371.5
11404.0
5654.5
16959.3
5690.2
4728.5
4007.2
3515.5
5090.5
11058.1
4419.2
5947.3
3715.5
2537.5
22044.7
8984.2
2544.8
9972.3
4311.1
12860.2
15361.6
13762.3
3951.1
4647.6
2836.8
2850.0
17525.4
10875.2
4207.4
6073.6
4508.7
5190.8
2727.2
3197.6
4585.9
10739.5
17062.4
2283.0
5150.2
3349.0
2322.6
4526.2
2684.7
5796.5
3471.8
3884.6
2407.7
14916.2
3354.1
12709.2
44341.9
3774.3
9115.6
3224.6
1893.0
14939.0
4598.1
3017.6
8356.0
2305.4
3547.1
2357.3
4027.9
7546.9
4448.0
2865.3
4400.3
11479.8
2633.4
2911.2
79499.3
29378.4
2565.5
6422.7
2214.4
3931.2
3425.8
4823.3
2819.7
2354.4
3393.3
970.0
3168.2
33744.5
3637.4
2841.4
2315.8
3071.3
3472.0
6039.5
10905.3
6260.1
11114.3
3811.2
6273.0
1579.3
4345.5
7645.0
4467.1
2340.1
4437.3
6025.7
5928.4
2326.2
2681.1
2559.4
1178.4
3016.8
5640.1
2537.5
4928.4
5941.0
3687.9
6223.7
3225.8
1825.7
10281.8
4824.0
2392.5
11768.3
1029.1
2595.6
9349.5
14652.2
15035.4
6724.7
799.5
2879.3
10118.1
4333.2
4273.1
13936.8
5432.5
9357.1
2520.2
4704.0
6420.6
2982.6
4885.3
4728.7
4750.6
2308.6
3235.0
4421.2
3681.9
6569.1
5310.7
1332.5
4697.1
6049.4
7337.0
6743.3
2688.2
3005.0
2540.3
4340.9
4971.3
33205.3
4423.4
1975.9
4374.1
4670.2
6555.8
4540.5
2825.2
3952.7
2898.8
1618.2
2883.4
913.5
3199.0
13846.2
9735.0
5467.5
10658.7
5656.0
5143.0
2821.6
3645.8
1948.9
13639.3
5970.6
3346.9
4983.0
2795.2
5223.4
1005.8
14860.2
8099.6
3512.7
4001.8
4008.0
5955.0
7959.2
2490.9
2660.4
3544.0
2349.7
5081.4
6266.9
10058.8
2919.1
851.0
6150.6
4506.3
4883.8
4422.9
8903.7
2419.2
11256.7
3856.5
5861.5
4446.0
1459852.2
904.2
5670.2
2428.6
4537.6
10562.8
12733.2
14051.6
7909.5
45975.3
1488.6
9331.1
1119.1
1713.9
5983.4
3133.1
6666.7
5619.4
75775.2
3864.6
8794.7
5454.5
1554.2
3268.4
6699.4
6575.0
1323.5
3043.6
844.9
4169.9
56516169.4
15884.9
4574.0
7652.1
3752.5
5061.2
3296.5
5822.3
2455.3
2856.8
1441.7
954.1
7027.5
1536.4
2484.9
9052.2
2543.4
7111.9
9093.4
6164.9
3901.7
2725.5
874.9
2792.8
3059.0
4205.3
5589.9
6205.6
8528.7
2844.8
2330.9
3776.9
9919.1
2282.6
2609.3
3438.8
2914.3
2637.4
2249.3
2914.0
4176.4
3373.1
4274.3
1485.0
3528.2
3409.1
1427.7
3067.2
8918.5
813.0
6360.7
4484.1
4949.2
928191.4
4269.9
2302.8
2619.9
6100.3
3603.9
4896.2
3201.8
5012.9
3709.2
2978.1
4117.8
6298.2
3410.6
5403.0
11807.8
7082.4
23772.8
2698.5
5267.6
1758.1
10423.6
2362.7
5672.0
3589.6
11616.9
6985.6
2925.6
6045.0
40936.3
5077.2
4236.7
2341.4
4087.8
5816.5
820.0
3083.9
2607.8
4905.2
2274.6
14794.8
1891.3
10060.8
3251.1
2762.1
3273.9
3755.1
2358.2
5093.5
22485.7
4150.0
19760.6
2346.6
5206.7
5008.6
12789.6
6572.9
4113.6
6576.8
2623.6
4651.2
4736.0
3127.8
4688.1
2740.5
3404.3
3173.4
1204.8
1151.3
4362.6
14949.8
9498.7
3202.6
2671.3
2381.1
4115.4
4988.9
15452.4
4631.3
9604.4
4097.1
3359.0
5721.8
2521.9
2596.4
3169.0
2484.5
12145.8
5058.2
2766.8
14457.6
12065.7
5445.9
4801.6
5936.8
3151.6
3339.1
59084.6
8244.3
7689.7
2598.4
4621.5
2660.0
5797.7
3307.7
9681.9
17098.9
3764.9
2847.8
7957.5
10522.6
2440.5
4320.9
3571.6
1077.2
2108.6
6608.1
5171.9
3445.6
3758.5
2687.1
1263753.4
1942240.2
1121772.4
3210595.3
1948396.4
1914410.8
3628685.8
1012339.9
674120.0
2493892.7
704530.9
746706.6
211893.1
2052927.3
1009671.5
841480.2
2070408.3
983518.5
2389240.3
2187019.3
411933.9
5899161.4
515882.5
456036.9
1821245.8
11337.3
116267.0
784929.5
1687251.6
1089684.1
67389.0
341511.8
1378320.9
534546.7
595378.3
5249575.1
1677616.5
2921777.4
2802506.5
1548843.1
187399.1
580522.3
854359.0
648824.6
160287.3
512748.1
127355.3
61581.6
774902.7
142412.8
112238.7
499355.4
835333.9
166305.2
512858.9
390432.7
2252870.5
80259.6
2931920.2
98028.0
585313.0
230704.8
457616.8
274743.4
667714.3
183480.4
8170.3
2888077.4
83071.4
331625.3
567574.8
111119.4
824272.9
1750047.3
289383.1
86653.7
1562266.2
32665.6
147431.7
207607.5
375688.4
582021.0
78715.7
437982.0
242021.5
88934.4
87689.4
1490918.8
31235.8
997136.2
12541.3
2135677.9
66713.0
149946.2
273500.8
23813.0
1980599.7
201486.5
373965.5
35081.2
157925.6
843781.3
1765689.7
229044.7
447615.9
1009421.3
672288.6
1024931.6
416684.9
292864.6
149205.7
23857.7
24222.0
895811.5
542652.3
908828.9
75049.2
2951655.4
808748.5
502429.0
1062433.5
246955.1
881779.2
583056.5
23098.0
20229.2
166948.3
71466.8
1757386.7
1590857.2
622936.3
87685.6
54425.6
2001989.5
314078.8
2080531.2
464277.4
184993.2
226374.9
807625.6
576431.5
1682658.9
837839.1
1331627.0
1902466.7
264600.9
274106.7
825342.9
111891.4
186697.9
192969.7
159908.2
88582.5
322024.3
153645.8
550589.8
179571.8
152901.1
606740.7
930245.9
2140491.9
425525.4
660089.8
917039.7
3116.2
171519.6
3062017.0
104940.2
610193.6
241482.7
748485.1
648922.8
106633.6
1682561.7
172876.9
109043.0
680445.0
26390.7
2368179.3
666201.4
100183.0
1409787.0
2281495.4
192054.3
2217747.2
293847.4
1078187.7
152959.9
645934.4
555619.3
138802.1
1116150.2
167556.3
196512.7
138840.7
649718.8
593591.1
207622.7
832946.7
115578.2
257607.4
655509.9
364152.7
398013.7
247344.1
110887.3
5459546.4
298341.6
1423064.9
343655.3
1023636.3
2538280.9
216935.3
640633.6
2221330.1
2215118.4
113110.0
1924062.1
1257563.8
791687.6
44398.2
179589.5
645386.8
1000852.1
152314.6
54539.6
73087.0
818087.4
189319.6
93037.8
394943.0
823607.5
356178.6
472107.8
149846.0
1000144.4
107530.7
2164799.4
533520.5
50243.2
238635.5
1888285.2
270648.7
926423.7
317582.1
79557.4
230129.0
1133546.8
202030.1
581368.8
1927161.9
221761.5
682480.9
378678.7
7097825.1
373684.5
2501822.5
856812.1
267328.8
462524.5
1197784.0
968939.1
311019.9
1399783.0
31943.3
52258.1
19996.4
33497.5
337124.4
56620.0
1296257.2
357608.3
583571.8
94028.0
62972.4
755646.0
131426.8
551398.0
35745.5
2538028.8
420094.3
16834.0
396746.9
1239851.4
2034883.0
26455.1
30339.3
243975.0
234262.3
84067.4
1197895.0
66821.0
1168069.9
227745.5
217134.1
358483.7
386639.6
1294341.8
86357.9
424775.3
236887.6
150120.9
100207.9
78188.8
2119124.6
271411.9
249737.1
240423.8
247734.2
505461.1
79164.1
1536519.3
843991.5
987863.6
271893.4
558035.6
23119.2
55561.6
892436.1
2411663.4
433091.2
201188.2
623348.0
205896.1
852990.4
310089.5
750701.5
457596.5
150311.3
5885580.5
3163285.9
2529744.3
1331989.3
271064.3
360859.3
24572.1
290177.9
212945.1
21341.7
609281.0
50764.9
296600.5
365456.5
424552.4
3200257.2
2989558.3
79149.3
525528.6
3642175.4
130696.8
314230.4
659415.0
62225415.6
87398.3
53388.7
86791.4
615202.9
211653.6
667830.6
1317811.8
557885.5
1074953.4
1967074.4
143480.8
72861.4
291539.2
1139802.1
58131.6
621340.6
2953969.7
193537.3
99657.5
518963.0
587390.3
7250.8
48389.1
501377.4
55356.6
123481.8
1725701.4
2462399.1
407926.2
54953.6
83758.9
104858.3
2055279.8
190810.0
542777.8
402960.7
3462139.1
2993236.7
2113700.7
345455.1
797836.8
1212677.4
66284.5
7122.4
56235.6
666383.8
1949245.9
1505889.6
1395152.2
64411.6
28302.8
111014.3
1845747.4
265974.9
204839.4
799728.3
426530.3
304156.3
2779752.4
127207.0
52906.1
97687.9
92858.8
486690.1
25352.6
33230.3
330884.3
20436.2
720331.7
51022.3
2322356.6
486559.3
688608.7
614703.7
1981505.7
1124956.1
2730931.9
1882690.0
55041.0
95299.7
813048.4
289516.4
89118.3
141484.9
423848.6
1166960.7
2261443.9
1018362.1
843220.4
332688.1
479332.9
139188.2
39600.7
1086223.0
855265.2
50539.3
639205.6
366378.8
38366.0
674045.2
196050.2
871951.7
265109.7
84075.5
171434.5
1050299.2
785630.3
572122.0
59917.5
124055.6
75931.1
107820.8
822584.2
356181.9
1386942.3
79479.6
1463798.0
1761089.0
975618.0
138085.7
3395946.7
178263.1
209695.9
23139098.7
20564.4
4279216.6
302402.0
35787.6
156551.6
89122.8
2664667.6
11245.7
370236.5
112693.2
146693.0
1103813.3
1143640.4
950492.2
170353.8
502358.7
52756.0
21059.9
51009.5
1552972.1
77981.8
191702.8
139085.4
1942050.6
233782.8
1826313.7
75883.8
95547.6
701322.8
2104173.7
245156.2
152483.9
1995535.8
1047324.4
574348.2
208215.9
1840456.2
817281.9
36927.2
100175.1
467655.8
75564.3
447873.9
567169.9
188052.7
611617.3
895669.2
447815.7
50329.9
479015.9
1675218.2
362498.4
41042.7
163608.4
277579.3
22329.8
1465721.9
2725060.9
106814.8
1667730.2
197041.0
2435311.3
1553743.0
179349.5
74952.9
151160.9
593136.5
298820.4
200238.1
2332714.7
55050.5
58552.1
722316.8
176137.4
53091.0
2231513.0
925813.0
55263.5
897227.1
926154.2
1383889.2
141381.7
158433.8
62323.0
2497531.1
114564.6
622710.2
1160250.3
122148.0
1300049.3
348914.0
486253.5
2457568.1
677246.8
26595.2
267441.4
204104.5
2784669.2
7341.1
501251.8
2404176.9
93315.5
18423.9
99034.3
592290.0
595266.6
133877.6
1598393.4
9334483.6
408320.9
6470.0
60119.6
332299.8
967945.6
166768.5
344385.6
2562360.2
275548.9
1514321.9
354547.5
1000829.8
296437.2
448518.9
300519.9
367952.9
211933.9
16174.5
14719.5
993317.5
1567782.3
688180.3
2749352.8
562650.6
77751.9
5711681.3
863340.9
2420266.5
17176.3
58866.6
190235.3
241809.8
342840.2
2452622.1
44717.9
