12.67
12.48
7.01
10.67
19.57
12.90
10.63
11.85
5.05
4.90
6.90
2.32
7.42
5.73
9.58
7.44
14.91
8.71
11.75
13.85
6.05
8.62
6.64
8.20
11.37
3.85
9.73
10.95
13.11
6.18
16.91
9.58
9.52
0.56
10.51
15.75
10.73
4.27
7.60
9.94
12.69
8.02
7.99
6.61
7.57
4.07
3.77
7.83
13.67
6.34
10.51
11.66
8.19
4.40
15.42
4.63
9.05
7.96
10.21
5.38
4.83
5.38
7.58
13.58
4.43
9.93
7.38
3.97
5.49
4.41
3.54
12.31
8.75
6.32
9.92
16.29
8.43
9.61
7.22
5.21
12.56
10.81
12.79
8.88
10.83
8.53
9.52
8.89
15.15
15.06
8.54
12.63
11.70
5.90
12.77
3.67
2.73
7.29
6.07
6.91
9.12
12.29
3.18
10.31
6.45
9.64
12.15
14.89
4.48
10.35
9.35
5.68
13.73
5.41
8.92
5.66
11.11
13.86
6.35
3.07
7.36
12.68
9.59
12.38
8.59
14.85
4.92
9.13
17.79
3.36
6.00
9.71
4.71
6.37
8.73
5.85
8.95
2.91
9.67
12.31
10.72
11.31
3.03
5.38
5.93
7.87
7.90
8.37
11.82
12.88
8.25
7.06
4.37
12.41
10.68
10.73
12.16
5.05
10.26
5.34
14.30
8.30
7.56
11.66
9.25
8.97
14.64
10.54
6.06
14.60
7.93
6.74
9.37
7.97
8.19
4.89
16.74
12.94
4.52
14.36
7.75
9.60
12.80
12.03
9.90
14.96
8.61
14.16
4.04
12.63
12.85
8.51
10.15
3.06
16.06
5.22
9.09
10.17
7.39
10.40
1.16
8.87
15.40
9.68
9.40
8.27
13.54
6.14
6.34
12.28
11.04
4.58
11.38
10.20
6.58
12.11
12.25
7.91
5.95
8.30
5.23
5.47
13.84
10.80
7.75
8.23
13.48
15.66
4.68
11.74
7.91
6.19
12.36
8.60
5.67
15.61
8.48
10.45
17.13
7.76
7.25
4.62
6.63
11.15
15.52
9.01
9.52
8.75
9.38
12.08
12.04
13.46
10.44
12.63
13.71
9.06
9.26
6.23
6.45
5.21
6.44
10.54
9.81
13.66
9.34
9.43
5.19
12.68
5.69
5.27
12.33
9.27
8.59
3.67
6.22
7.98
4.63
5.66
10.58
5.15
6.65
9.75
9.11
12.39
4.10
10.30
12.82
9.32
6.08
9.36
8.01
8.08
5.09
8.03
11.07
11.74
10.08
2.29
4.68
9.16
14.64
10.42
12.17
8.95
3.29
10.04
12.90
10.95
4.16
12.77
6.66
7.11
5.79
9.89
10.34
4.52
0.25
12.14
4.14
5.24
4.70
7.34
8.56
12.72
9.43
8.74
7.51
14.67
8.99
10.24
4.47
15.41
10.60
15.12
8.53
3.42
12.02
8.59
4.64
14.09
9.03
7.73
6.82
7.85
7.65
9.55
10.45
14.21
5.88
6.85
5.98
9.34
7.24
8.71
6.72
8.86
12.65
8.54
8.37
6.90
9.43
7.61
9.25
5.62
7.39
3.12
4.23
2.75
8.48
8.89
12.13
10.13
12.44
6.86
9.66
6.45
14.67
8.78
7.13
8.92
5.68
9.52
9.36
9.60
8.34
11.63
9.28
8.91
5.09
10.21
10.14
8.08
14.28
9.40
4.74
9.03
13.38
5.80
13.64
5.94
6.78
9.63
8.40
8.06
9.47
5.33
2.23
10.47
8.78
12.83
7.22
3.06
9.13
8.03
6.41
10.07
14.42
12.86
8.32
7.46
9.69
8.08
9.59
8.73
10.96
7.53
9.88
4.88
0.77
5.06
8.07
11.37
7.39
10.01
6.24
15.42
8.82
10.47
8.03
1.52
8.54
11.58
9.40
7.00
8.92
11.40
9.78
6.66
5.24
7.81
12.64
10.03
8.37
3.76
13.98
4.22
5.94
8.51
12.67
10.02
3.37
17.69
2.36
5.69
6.58
9.83
5.79
9.12
9.63
10.77
9.89
6.47
5.53
15.17
14.63
8.08
14.62
1.55
14.53
8.59
10.15
4.79
10.04
10.49
6.42
8.36
5.50
8.62
10.09
4.67
5.51
13.30
7.37
9.97
6.61
5.63
11.93
9.01
6.82
10.55
4.96
12.43
4.80
11.46
5.71
5.24
8.40
10.60
2.94
15.33
7.52
3.90
7.25
3.10
7.76
12.20
9.62
6.26
5.57
8.52
10.50
2.81
4.07
4.81
4.01
10.81
12.42
11.30
10.77
7.94
4.29
10.51
6.70
11.10
10.08
8.37
2.26
6.79
9.23
7.36
11.05
6.78
8.86
9.42
9.03
8.06
10.21
10.52
14.13
1.58
4.42
5.48
12.25
7.82
17.73
3.68
14.87
8.53
6.39
5.47
7.55
15.84
9.64
10.28
13.69
10.04
10.95
8.88
9.29
11.97
8.71
4.38
10.65
2.93
7.02
5.35
6.69
14.13
14.44
12.72
7.01
10.84
10.21
12.47
5.60
8.76
9.05
9.81
9.34
9.04
10.06
7.57
10.73
10.68
9.39
3.87
11.45
8.40
12.08
3.26
6.65
6.14
10.97
10.09
6.68
3.37
11.86
7.02
9.36
5.60
5.37
10.54
8.51
7.84
17.69
5.47
1.77
7.85
2.29
4.04
7.52
6.65
7.87
10.36
12.26
9.79
12.79
12.93
8.84
11.20
8.82
6.01
13.13
5.51
8.21
6.87
6.45
11.17
11.28
5.88
15.85
7.86
4.48
4.34
4.45
12.88
7.87
6.10
6.94
7.85
6.86
12.26
4.07
14.20
7.62
15.28
4.20
6.35
7.38
5.01
4.04
6.45
7.57
7.78
12.20
6.29
8.82
10.08
10.20
8.23
4.84
4.05
5.18
10.89
15.13
12.53
1.33
6.25
5.13
4.17
5.12
7.41
9.46
12.42
10.65
10.39
2.27
8.41
8.09
7.64
6.55
12.67
8.04
10.71
12.37
6.74
8.45
9.61
5.19
7.59
11.76
7.68
10.90
15.97
8.89
7.89
9.15
11.65
10.73
9.60
8.33
9.25
4.07
17.27
10.79
7.21
9.81
9.99
10.47
8.06
19.96
4.37
3.99
14.07
11.55
4.60
2.24
9.25
7.03
6.44
3.81
8.34
8.29
7.25
7.05
1.82
7.02
1.60
9.73
12.42
10.19
6.81
4.19
2.80
8.87
12.80
9.83
17.85
8.97
9.52
10.44
9.82
12.68
6.26
12.52
5.73
15.29
8.07
10.25
13.14
12.39
13.32
6.68
8.86
6.88
6.73
13.27
5.86
8.35
4.59
12.76
11.20
2.27
7.93
4.30
3.31
8.36
10.92
7.62
6.34
6.72
7.85
9.27
10.50
10.60
17.12
12.72
6.81
17.94
5.91
7.47
12.05
4.25
5.87
4.99
8.60
12.43
15.85
12.26
9.68
1.00
8.24
3.99
9.86
7.76
11.35
8.53
7.05
5.59
4.97
4.85
12.71
5.48
7.31
5.13
9.59
6.07
12.09
9.58
9.66
11.59
8.50
4.55
10.09
10.51
7.55
6.18
9.58
5.29
17.51
14.47
5.64
2.63
12.40
7.56
2.54
6.49
1.63
2.38
5.42
1.99
4.62
6.84
5.29
2.52
2.99
6.73
5.24
5.36
4.23
7.20
4.59
2.18
2.81
0.94
4.98
5.45
5.46
2.65
3.25
6.62
4.98
8.61
2.26
5.81
1.20
4.31
3.81
4.59
7.38
5.01
5.34
1.12
3.63
4.04
6.00
7.96
4.95
10.86
8.88
17.18
9.14
1.94
14.57
4.83
11.99
10.36
1.72
6.07
1.01
4.01
4.92
8.66
12.70
8.23
4.54
4.66
7.85
4.60
13.31
15.95
11.66
12.44
5.67
1.69
7.61
1.19
6.47
17.31
15.18
19.12
7.40
6.95
14.93
12.11
14.91
17.46
12.45
3.59
1.27
10.88
1.64
10.05
12.28
8.19
13.35
15.62
1.18
6.76
3.06
12.30
7.95
6.57
9.45
11.97
13.55
3.21
9.09
3.50
2.88
7.56
1.16
3.89
5.60
5.95
13.86
9.48
4.02
16.86
10.98
12.06
11.16
14.90
15.76
12.70
14.85
8.21
2.17
1.12
3.90
5.60
11.18
6.92
11.67
8.17
8.52
12.62
5.99
14.37
12.43
2.58
9.04
5.65
2.44
13.00
6.79
4.15
3.65
8.25
7.96
5.18
10.86
3.83
5.33
4.91
11.08
12.76
6.18
1.93
13.69
6.89
9.92
3.85
16.76
12.45
9.01
7.31
4.97
5.64
3.58
14.39
10.10
4.00
5.51
7.32
11.24
10.68
13.86
6.89
10.91
17.16
1.51
4.98
3.53
5.25
17.07
7.19
7.51
4.69
15.30
8.22
11.14
12.99
7.30
6.05
8.04
11.18
10.84
11.46
10.53
6.38
4.59
11.81
6.55
10.24
4.28
5.27
3.39
4.99
7.08
15.10
14.71
6.82
5.30
4.45
12.77
12.39
1.61
9.54
5.56
10.25
7.87
12.14
7.51
3.80
13.42
4.08
2.75
7.80
12.04
9.07
15.29
8.58
14.31
1.19
3.60
15.02
4.50
7.91
5.08
14.42
8.26
16.80
1.49
9.13
18.85
1.93
15.57
3.99
6.83
15.30
2.30
10.73
6.94
8.58
6.91
3.59
5.72
13.79
16.00
4.87
4.81
4.86
4.51
12.26
8.13
14.22
13.58
9.19
8.49
8.04
9.80
11.05
14.38
5.98
2.54
14.58
8.77
3.24
8.22
0.27
9.50
2.88
13.86
15.72
9.07
6.62
8.06
8.98
3.46
17.84
3.21
10.34
13.73
10.13
13.29
11.17
3.83
4.91
11.31
5.47
14.86
9.48
11.54
7.60
9.53
5.50
14.83
5.65
6.29
17.48
14.44
15.95
7.07
2.70
15.96
10.40
5.56
5.28
7.91
13.88
2.67
12.33
8.84
15.13
15.26
11.01
7.60
7.24
9.59
10.31
5.40
17.45
15.16
3.23
13.93
6.10
7.98
8.90
18.94
4.48
6.23
2.17
6.25
4.31
5.87
8.83
9.78
2.44
11.35
4.88
9.44
9.51
2.44
12.26
3.34
2.35
12.50
4.71
9.66
2.11
5.37
1.34
1.86
2.41
7.54
5.96
5.64
4.28
17.78
5.38
6.97
6.55
2.89
1.11
3.71
4.85
12.13
4.86
12.01
5.10
3.91
3.09
17.75
7.16
6.35
1.08
3.20
15.37
6.33
10.02
7.92
8.98
8.61
11.15
5.23
12.99
8.82
9.58
7.00
12.85
1.16
9.58
10.12
10.61
11.36
9.53
6.09
16.43
12.20
10.54
10.72
6.45
13.00
14.09
11.13
7.43
10.30
5.67
4.85
10.89
10.10
2.50
9.78
6.94
7.98
7.66
13.48
6.38
3.01
12.23
7.87
15.08
6.77
15.71
1.92
8.19
10.27
6.33
4.33
5.45
4.95
4.48
5.16
6.24
10.34
4.53
5.70
5.15
14.71
14.64
8.52
8.98
7.18
4.28
5.09
4.17
8.81
7.98
7.64
6.30
2.84
9.44
3.93
2.94
13.26
4.34
2.54
3.45
8.00
7.75
4.96
11.24
9.90
10.31
4.56
7.36
4.27
9.36
5.61
6.82
2.94
2.48
4.36
7.50
3.73
11.30
6.71
15.26
2.86
2.95
8.56
6.01
14.92
12.38
4.01
4.26
15.38
16.67
17.71
7.20
5.56
8.45
16.72
6.74
13.86
8.64
10.01
9.24
3.41
12.49
1.95
9.07
0.24
6.72
16.45
3.36
9.25
16.10
7.01
9.60
3.62
5.65
1.21
9.37
5.78
7.66
10.87
8.89
3.59
14.71
4.40
13.93
5.54
3.72
16.64
14.93
2.33
6.77
4.06
10.26
10.30
7.54
12.06
2.57
17.84
15.18
5.28
6.49
5.43
4.46
7.13
14.67
9.73
8.73
5.45
12.31
12.19
14.59
3.81
10.89
7.34
15.07
4.63
7.17
9.78
12.55
7.68
5.48
7.12
12.97
1.30
15.78
14.37
4.13
2.27
3.96
1.20
5.67
1.62
2.83
5.88
6.98
11.97
10.00
6.00
1.82
13.74
19.55
2.48
1.48
1.47
9.21
6.57
2.74
12.05
6.41
2.43
12.19
2.81
15.47
5.04
12.40
8.76
10.92
7.06
2.34
10.40
2.78
4.95
10.22
16.83
0.84
5.13
5.55
9.81
12.71
11.69
15.65
12.40
12.23
10.17
5.10
10.09
10.20
2.81
