6.11
9.42
12.84
3.03
16.16
11.88
8.74
16.67
7.95
8.36
5.87
7.74
8.05
7.26
6.08
4.64
4.59
4.92
9.02
10.35
7.35
7.76
7.15
6.23
5.25
10.34
2.11
2.21
7.43
9.51
8.23
1.83
14.40
6.80
12.75
6.49
6.50
12.14
12.85
9.49
2.21
7.74
6.38
17.37
7.34
7.25
12.56
9.87
8.10
6.62
8.28
3.04
7.94
12.88
14.55
5.34
8.80
2.20
6.07
3.70
4.67
12.65
9.74
6.84
5.39
10.69
13.59
6.11
5.07
9.13
11.41
12.79
8.44
9.84
4.34
14.02
11.18
6.43
3.04
8.49
14.91
17.18
12.46
10.46
9.29
6.20
6.39
6.46
10.54
3.72
14.67
7.06
7.85
16.71
5.63
10.59
7.27
9.45
5.67
9.35
9.20
3.94
10.41
9.05
9.24
9.80
4.22
10.16
8.29
11.93
12.36
5.48
12.32
7.11
11.40
9.15
12.67
8.96
12.42
4.83
7.18
12.26
6.81
7.19
3.78
8.78
3.06
14.74
8.34
13.68
9.85
9.64
7.51
8.42
7.96
7.19
8.99
8.58
8.99
6.67
5.81
14.97
5.51
8.94
8.16
8.15
7.74
11.97
9.86
1.47
6.26
10.45
12.85
15.21
7.48
4.97
7.23
9.04
9.45
5.51
10.98
6.61
14.20
3.76
8.76
6.83
10.41
10.01
5.96
12.96
3.11
10.81
9.68
2.16
12.58
13.12
3.77
9.58
6.80
5.12
7.37
12.63
14.95
14.67
9.05
9.57
7.84
6.13
3.54
10.54
11.48
17.14
5.17
10.92
12.89
9.64
11.99
9.12
7.63
11.40
10.40
9.06
12.27
3.07
9.41
7.66
3.25
11.88
2.43
6.88
3.02
6.81
9.46
12.23
9.86
12.57
15.72
5.34
6.99
11.36
9.56
1.59
4.85
7.59
11.86
3.96
7.42
6.43
7.22
9.21
7.90
5.94
4.81
7.93
7.03
4.70
8.32
13.04
6.71
2.27
6.79
6.98
4.01
7.51
10.69
9.97
12.11
11.66
12.55
7.17
13.33
5.01
12.30
9.83
7.12
15.32
12.74
8.91
9.57
2.15
8.81
9.78
14.29
9.59
13.31
6.92
9.62
11.61
12.85
5.42
14.60
9.85
8.89
4.11
12.62
9.58
9.19
8.10
15.42
5.39
8.01
6.94
5.28
10.70
8.73
8.10
14.28
12.23
9.81
5.92
8.17
8.72
2.95
7.91
2.52
9.39
11.15
5.38
2.35
7.90
9.29
9.57
9.38
8.86
12.89
7.36
10.28
7.46
2.50
6.40
11.12
2.38
4.20
13.35
5.80
2.51
5.92
7.73
9.35
7.56
6.70
4.26
9.31
9.40
1.20
12.87
8.97
5.52
6.97
8.07
8.53
9.25
10.86
12.72
5.19
8.52
9.60
8.59
5.86
10.39
8.54
4.63
10.75
11.49
8.09
7.53
4.46
14.67
9.81
3.42
4.97
14.40
9.70
4.66
12.66
3.98
8.37
1.39
6.95
6.08
6.49
9.52
9.06
12.42
2.10
9.11
8.46
8.40
6.41
6.03
13.96
6.38
7.43
17.36
9.68
10.18
9.12
6.23
6.72
9.77
2.86
7.09
11.60
9.07
8.17
5.33
16.74
9.99
5.87
10.83
10.89
7.89
14.47
10.70
9.90
14.67
5.19
6.95
11.19
7.43
12.47
5.85
4.62
9.34
8.86
5.74
7.91
8.78
10.11
2.75
12.06
13.22
11.98
8.16
7.63
5.60
12.28
6.44
3.06
9.72
12.10
9.87
8.25
7.11
5.50
8.09
7.32
3.06
7.31
4.10
7.92
14.23
15.44
10.84
7.24
3.94
8.86
1.95
8.74
8.37
8.08
7.89
12.01
12.15
10.11
9.36
5.98
4.74
17.94
8.50
10.64
12.01
5.85
1.06
5.40
8.43
6.63
8.65
14.70
1.53
15.11
17.29
6.92
6.72
11.21
12.08
6.40
9.20
5.78
15.92
4.18
9.13
11.01
3.25
9.20
6.36
8.60
5.52
13.70
6.55
9.13
10.11
7.95
12.33
10.48
9.64
1.53
9.14
9.91
5.00
8.21
7.26
15.47
15.56
5.28
9.37
17.15
4.04
4.92
3.45
12.74
9.43
7.50
8.44
13.64
15.12
5.07
12.39
9.48
3.96
10.42
7.98
9.56
8.00
7.09
9.46
8.85
17.78
10.80
3.06
3.16
8.14
7.83
17.22
16.04
6.18
8.67
9.49
3.96
1.71
12.08
8.49
13.84
9.82
13.72
10.89
5.44
14.01
16.40
9.42
6.12
8.46
7.17
9.93
8.37
15.30
7.64
7.77
10.57
9.71
8.23
8.17
13.41
1.30
5.03
0.65
12.56
7.51
3.87
4.64
8.28
4.42
7.09
5.10
4.04
5.22
8.38
12.45
7.00
3.46
5.10
12.28
3.24
10.58
3.56
6.17
9.30
9.69
4.83
7.09
8.31
9.44
4.02
10.18
14.46
5.77
9.83
12.38
8.46
7.91
15.64
12.59
12.76
5.53
6.38
9.34
13.90
5.58
10.86
10.69
5.54
6.37
3.93
3.20
10.62
15.10
8.16
7.35
12.12
6.37
9.43
13.67
12.73
1.66
7.58
16.85
5.99
5.68
8.56
3.29
11.79
1.25
15.49
8.39
15.48
12.30
5.45
5.68
4.34
5.17
14.42
7.38
10.21
9.86
12.36
8.86
8.76
10.17
4.61
8.01
7.39
10.00
8.55
5.46
8.11
5.20
7.44
10.25
13.43
7.81
7.89
9.41
4.35
10.82
13.20
12.56
13.74
2.38
9.87
8.44
10.05
9.51
8.89
14.47
8.04
2.34
10.04
9.82
8.26
12.43
11.82
3.50
5.57
4.41
9.32
15.04
9.10
12.60
5.83
11.97
4.96
8.39
16.47
10.84
5.27
9.32
12.42
12.93
8.19
8.65
7.25
12.76
6.28
4.54
6.99
13.97
5.43
12.94
12.04
5.36
12.98
10.74
7.78
7.38
2.87
8.98
7.07
2.38
5.30
8.39
9.45
6.24
15.62
5.70
7.29
10.07
4.03
15.94
6.27
3.03
8.77
1.51
3.21
15.77
8.54
9.26
6.78
3.97
7.91
8.39
8.79
3.02
6.42
5.48
10.08
5.05
14.64
12.96
12.58
8.90
12.61
7.08
8.55
9.14
7.64
9.64
17.49
12.73
15.49
4.48
10.03
8.11
14.70
6.24
14.34
6.32
7.34
4.66
5.27
10.86
9.29
7.09
4.56
5.51
12.41
10.50
8.99
11.00
3.38
5.42
15.35
6.19
5.58
4.89
7.85
12.68
2.64
9.67
8.88
6.21
7.53
8.21
3.67
9.96
9.70
6.27
7.84
1.60
7.88
7.43
2.55
2.43
10.76
4.95
5.00
7.36
9.76
12.52
9.28
5.17
6.59
7.51
11.92
12.82
7.59
9.22
14.06
3.57
9.35
10.12
8.23
8.66
6.30
9.78
7.20
7.11
15.41
3.36
12.94
9.09
8.03
9.41
5.04
5.33
6.97
13.99
6.30
11.07
12.84
6.41
9.96
10.05
2.45
2.65
12.45
6.84
3.04
3.93
1.09
5.78
6.02
1.03
6.30
1.84
5.32
8.61
4.16
2.36
2.92
1.78
1.73
5.41
4.63
2.12
4.41
9.12
3.20
6.35
7.40
4.18
6.89
3.73
3.58
1.66
3.13
3.76
3.34
5.87
3.93
2.49
2.53
0.84
8.83
3.67
4.04
10.50
12.89
7.75
5.55
3.01
15.84
3.34
6.67
6.02
10.73
7.32
8.05
5.26
12.58
12.69
1.40
11.76
3.85
8.79
4.95
12.96
5.45
2.35
1.19
5.17
8.84
7.20
4.62
8.04
1.45
5.81
8.73
6.98
14.98
3.27
7.68
11.35
10.30
6.21
8.63
6.47
10.80
3.91
7.78
11.78
6.67
18.04
3.87
4.37
10.20
2.38
3.62
4.29
10.77
4.53
14.77
6.09
10.91
8.75
11.02
2.37
8.01
6.77
6.19
14.27
15.66
5.52
3.50
3.84
18.40
17.29
3.36
4.25
2.41
5.40
12.16
2.16
3.26
2.89
9.25
6.00
3.21
6.29
16.73
8.97
15.41
6.62
3.38
4.15
10.47
12.59
12.44
6.29
10.87
12.70
5.39
10.35
14.63
12.06
5.75
2.51
17.93
4.27
7.02
9.05
4.22
8.30
12.48
14.85
16.59
3.28
3.80
11.28
5.35
14.14
4.84
12.98
4.99
1.51
5.39
3.44
3.22
5.24
15.01
3.13
12.25
6.65
3.00
11.96
8.58
17.76
12.68
10.47
10.04
3.46
6.16
13.51
7.43
6.29
7.77
5.53
1.32
12.73
14.62
13.13
4.19
8.46
4.05
10.47
4.03
2.78
8.33
12.53
9.31
4.43
3.28
17.60
6.73
8.33
17.22
6.28
3.72
16.27
10.88
13.89
17.98
5.71
10.05
3.53
14.37
11.93
13.33
9.64
3.66
8.65
17.99
13.00
4.33
6.06
4.58
12.27
2.72
8.37
4.53
17.29
12.67
5.91
9.87
15.76
5.78
5.07
7.00
6.93
1.27
7.14
5.72
7.05
3.10
6.64
10.44
18.66
14.94
3.41
6.48
12.30
6.33
5.38
10.16
5.04
12.34
8.81
7.48
3.35
7.56
7.42
7.27
14.96
6.74
5.81
17.49
1.35
6.97
4.32
6.31
11.88
10.47
2.34
4.12
5.47
9.14
10.84
18.47
15.06
7.36
14.53
3.45
6.23
10.82
13.81
2.66
12.14
6.43
11.84
5.40
14.32
6.31
7.14
8.76
8.84
8.83
3.30
5.09
9.29
12.94
17.09
8.59
8.32
19.98
8.56
4.55
7.95
4.91
6.99
8.13
5.97
18.02
7.59
13.34
5.83
13.39
5.96
17.83
2.00
14.37
9.18
5.42
9.07
1.01
13.13
15.12
8.30
4.94
12.17
6.00
4.39
9.03
9.03
7.69
9.75
4.58
12.53
7.19
5.65
5.38
5.13
12.55
12.91
2.04
6.24
5.22
12.87
9.68
4.15
4.32
9.59
1.60
2.50
11.04
10.84
7.10
16.19
12.55
13.09
11.68
16.73
10.97
10.57
17.57
14.60
10.53
15.73
9.29
17.68
5.04
2.49
3.16
15.27
2.73
7.17
5.09
3.15
5.43
11.34
13.11
13.78
5.06
14.06
10.07
11.82
18.68
3.89
7.22
5.04
3.20
1.20
12.94
11.84
1.80
6.95
8.25
10.03
3.45
10.77
7.49
2.96
10.02
12.48
5.91
6.96
4.12
6.26
1.90
8.19
12.51
3.58
11.21
4.33
14.01
10.27
6.26
12.11
7.42
8.11
3.89
12.84
10.67
8.61
8.65
10.64
13.17
15.97
15.08
11.30
9.40
4.27
15.67
13.10
3.74
1.91
3.16
8.81
18.56
11.13
15.44
13.69
6.70
7.61
15.07
11.65
10.61
13.60
16.53
6.91
5.66
5.16
7.27
2.01
14.26
5.11
3.39
7.22
7.54
4.30
10.51
6.32
17.79
7.73
4.58
17.34
7.22
12.43
13.53
15.64
4.36
10.58
10.55
5.00
14.38
15.58
10.50
10.56
9.60
4.66
5.61
9.06
8.73
10.23
9.03
12.69
4.53
14.62
4.91
5.02
7.61
2.90
5.31
10.37
5.35
3.28
9.13
5.62
4.86
13.00
8.48
11.53
6.88
2.65
5.62
3.02
5.48
6.52
9.56
8.96
5.27
6.18
8.70
4.92
7.36
1.56
12.32
0.32
13.73
2.08
13.88
12.82
5.09
9.67
15.81
11.58
12.11
1.76
3.20
3.59
6.98
6.11
5.67
1.85
2.32
1.01
10.29
8.87
2.96
8.33
1.41
7.37
1.60
5.05
5.85
14.67
14.08
6.47
7.29
7.73
4.09
4.85
5.67
12.18
11.07
8.70
10.20
5.45
8.18
11.17
8.32
9.18
4.48
4.64
13.87
0.74
11.94
7.54
4.17
4.82
4.62
3.66
2.02
5.89
10.36
17.43
10.39
12.99
6.34
1.70
3.87
10.02
5.72
7.38
5.65
8.42
11.18
17.32
8.19
9.06
13.46
13.40
14.99
5.01
2.94
3.46
4.39
14.44
6.60
6.06
0.78
13.22
12.69
10.36
5.35
3.02
4.44
10.76
5.85
5.90
16.56
6.42
12.78
2.35
5.55
6.98
12.15
13.36
9.23
6.88
8.36
7.55
3.90
14.07
9.66
1.71
3.63
13.75
