8.18
8.82
14.90
9.26
9.03
3.31
6.30
10.66
14.75
12.72
9.67
12.75
15.65
12.84
11.67
4.12
5.79
10.20
8.12
11.35
5.00
10.83
15.48
5.15
9.98
13.59
5.29
7.10
14.44
9.32
9.78
9.21
12.97
8.90
7.82
11.48
9.55
9.44
8.42
9.02
6.11
9.31
16.24
8.79
5.17
14.65
8.12
12.55
10.71
10.01
7.19
12.08
4.50
7.40
4.59
3.24
4.65
1.96
8.14
9.89
15.40
6.11
9.95
10.69
6.23
5.73
6.76
8.65
12.32
14.73
7.16
9.77
9.62
5.67
9.59
9.13
10.14
12.96
17.86
2.66
9.25
5.15
8.18
9.10
8.31
9.88
4.77
7.32
8.65
6.99
10.19
13.01
7.97
5.73
2.52
14.65
7.27
4.81
8.56
12.55
6.75
3.94
10.46
7.56
7.69
11.03
9.86
12.76
4.30
7.00
5.82
10.45
15.41
10.70
1.68
5.75
12.72
9.73
12.99
3.93
9.06
12.30
8.12
13.99
5.23
3.98
10.10
10.71
4.84
7.23
9.57
7.85
10.62
7.96
4.48
5.70
13.65
8.32
3.86
9.37
7.77
10.46
7.92
9.67
10.51
12.98
3.78
12.72
12.59
7.32
7.33
2.07
6.68
14.52
4.31
11.58
9.42
5.03
4.13
13.96
8.39
8.69
12.82
4.68
13.00
9.56
13.08
12.44
12.91
6.07
18.48
15.56
6.29
11.58
14.50
12.47
5.35
14.17
12.38
9.65
14.44
11.92
7.27
6.07
10.77
6.19
12.15
12.83
11.22
4.16
10.49
13.31
12.43
6.92
15.49
8.69
6.48
1.00
6.98
9.41
15.16
6.10
8.37
3.22
5.30
15.83
10.74
3.01
7.44
12.45
10.71
6.38
9.63
7.41
3.81
6.84
9.70
0.37
15.41
15.85
12.75
6.25
1.68
12.44
12.42
8.80
14.40
12.68
3.16
15.29
10.33
8.44
9.94
15.31
9.14
6.26
13.95
12.51
5.67
12.85
7.84
17.80
6.35
9.04
1.74
4.46
9.92
9.23
1.97
17.88
7.76
9.20
5.24
15.41
8.63
3.95
8.33
9.37
9.78
8.28
6.33
9.68
10.06
7.41
12.33
5.64
2.52
8.22
8.09
11.54
15.50
15.74
10.20
10.14
7.15
6.86
12.67
5.81
4.06
7.81
2.80
2.19
11.82
9.82
10.08
4.05
12.74
8.24
4.23
10.08
12.21
5.52
12.46
10.45
2.63
4.99
4.66
5.38
10.44
9.83
5.95
6.47
8.44
11.50
18.96
7.54
8.39
9.01
6.60
5.67
7.48
12.90
4.65
12.90
9.10
10.52
5.47
4.69
9.52
7.47
5.57
5.72
7.22
5.19
13.64
7.80
7.86
4.73
13.86
7.97
11.63
14.82
9.69
5.22
5.49
15.71
16.16
12.06
14.08
4.14
9.09
7.03
14.65
5.57
8.64
8.44
3.50
5.27
8.16
3.34
7.78
10.41
9.91
12.09
11.87
4.30
4.04
6.97
9.35
10.02
5.92
5.84
11.00
8.67
9.62
5.58
12.40
12.10
7.00
15.17
17.01
5.05
8.43
9.12
8.40
6.44
13.40
10.06
12.55
6.55
11.33
13.03
9.82
3.35
8.79
5.01
4.89
16.31
8.49
11.64
9.77
14.77
13.06
9.34
9.93
5.64
4.03
15.63
8.96
13.81
13.95
12.00
13.66
6.28
10.67
12.42
5.23
12.35
12.96
8.73
11.67
15.47
5.03
5.97
8.64
8.60
3.76
10.63
4.10
4.01
10.02
8.71
7.13
6.48
12.49
5.79
12.06
7.02
13.55
9.57
5.84
2.74
12.82
10.58
10.16
9.74
12.63
13.65
14.92
3.81
12.66
3.89
6.46
9.71
13.18
12.37
15.96
7.62
5.53
6.52
5.26
12.35
3.05
9.63
5.89
7.99
9.43
4.08
10.44
7.21
16.86
5.75
15.23
12.93
5.89
11.72
6.96
1.20
6.66
13.12
5.49
5.25
9.39
7.74
9.91
7.03
3.53
8.18
6.27
10.64
6.76
12.02
6.94
10.68
12.37
6.06
2.11
8.48
18.88
7.95
9.67
9.76
5.56
10.59
12.72
14.96
10.16
2.42
10.44
11.18
14.10
12.59
5.43
8.75
8.71
9.24
7.78
4.33
6.45
12.06
10.05
9.40
6.09
8.02
11.68
4.77
12.77
7.70
7.93
8.75
5.63
8.27
8.25
6.91
5.62
8.44
8.53
9.62
9.01
7.10
8.29
10.88
5.06
19.97
11.70
12.66
10.99
6.92
5.97
3.44
12.83
5.90
9.56
13.01
5.58
12.69
7.50
6.78
12.61
9.36
5.60
7.35
8.43
12.07
13.81
7.72
5.99
6.06
9.42
12.45
5.45
4.65
9.05
7.73
2.76
8.66
11.97
10.65
17.32
4.65
12.29
7.80
10.89
1.81
9.39
5.08
9.87
10.98
7.55
10.16
4.13
4.39
10.10
8.87
6.05
2.46
12.91
4.42
10.55
11.02
10.01
9.57
7.89
9.29
6.05
6.61
10.50
5.91
10.00
6.85
12.15
11.63
7.42
9.31
12.78
6.60
7.92
7.12
6.60
9.71
14.22
8.11
9.95
12.82
6.27
13.12
9.52
11.62
1.19
8.86
18.24
5.97
6.66
10.09
8.23
12.57
10.97
4.84
5.36
4.80
7.46
12.94
13.62
6.86
10.05
6.88
9.65
3.55
11.02
7.19
6.83
6.43
2.90
10.30
19.12
9.57
9.94
9.52
12.78
18.14
12.09
9.12
6.87
7.90
5.37
8.99
13.28
12.73
6.63
11.83
4.76
13.66
15.10
5.83
8.39
6.62
1.58
7.24
12.70
11.38
6.95
9.42
7.79
5.49
12.36
8.52
6.92
10.45
9.39
9.80
9.98
9.42
9.08
12.15
5.66
6.93
10.26
10.85
16.18
11.74
12.79
15.49
3.81
7.12
8.90
10.33
10.97
17.61
4.59
10.69
8.48
8.83
13.24
8.19
10.48
7.13
6.84
5.99
17.46
4.59
9.73
4.52
4.23
9.12
7.62
11.30
4.23
7.17
4.32
5.88
2.49
8.31
4.15
11.64
6.45
11.49
7.32
5.40
6.80
9.21
8.76
12.44
9.55
5.71
5.06
17.79
5.92
16.48
9.24
5.88
13.33
8.19
12.76
3.02
7.76
1.17
9.85
6.26
12.51
9.21
7.15
12.85
6.07
9.02
10.86
6.28
14.96
5.27
3.62
9.46
3.82
9.25
4.41
9.42
6.82
5.19
6.39
7.42
7.13
4.08
2.94
6.51
7.10
9.18
13.82
17.26
9.53
16.66
2.50
13.17
5.09
12.13
8.20
7.41
7.83
7.15
11.21
4.95
9.05
12.11
4.17
14.91
5.51
9.38
13.74
15.07
7.34
2.29
4.56
14.92
3.79
7.74
5.86
12.22
4.05
6.72
12.37
8.66
14.45
8.70
10.13
15.81
10.88
12.62
9.15
12.14
15.14
6.77
6.82
7.93
6.82
2.65
15.17
12.32
8.07
9.54
6.31
7.54
6.96
8.47
2.43
4.10
6.64
7.24
6.78
9.43
2.03
2.70
4.94
1.30
2.74
2.32
2.20
5.55
4.18
4.67
4.94
3.30
5.31
7.18
5.43
4.54
2.58
3.32
6.22
4.14
3.97
4.31
5.53
2.07
8.69
1.21
7.28
2.93
7.43
9.48
4.31
1.77
3.75
5.88
3.17
5.61
1.12
3.50
4.21
14.91
6.78
6.58
6.93
14.48
9.24
4.39
14.70
3.73
6.91
6.24
12.57
15.20
10.80
6.73
12.48
7.44
8.57
7.31
5.34
13.95
13.54
2.30
16.76
7.74
7.14
16.67
1.60
4.70
10.48
5.74
17.94
6.60
5.98
12.01
8.96
1.24
6.67
8.12
2.77
9.63
5.23
3.04
7.68
15.84
12.83
12.80
15.68
9.63
8.12
15.56
13.18
2.64
4.07
6.49
5.46
12.03
5.86
12.48
3.24
6.24
6.32
6.64
14.59
15.82
9.26
1.14
4.48
12.86
17.85
10.99
7.45
7.80
10.21
7.86
8.41
8.48
6.44
9.33
5.80
14.83
8.38
7.17
9.65
11.02
13.03
10.58
5.69
5.52
3.85
14.44
3.37
10.56
6.54
9.77
2.37
5.93
7.08
7.23
7.96
6.10
6.14
18.29
5.80
5.30
13.49
10.91
7.64
8.51
3.27
11.09
5.12
6.90
5.81
4.43
4.58
8.06
17.95
10.52
7.17
12.07
13.47
9.31
5.24
10.66
4.03
17.71
5.15
4.14
12.49
14.12
9.92
3.27
9.86
15.60
15.29
6.25
14.26
6.29
7.04
8.02
5.12
8.52
12.00
14.99
6.19
8.98
3.68
11.17
14.09
9.39
12.29
9.96
3.51
5.23
7.11
13.07
1.21
15.65
12.67
6.83
1.69
17.59
6.48
1.63
4.36
4.01
9.82
5.06
14.85
4.11
4.83
10.10
5.33
12.33
10.08
10.64
4.75
10.26
15.12
8.99
8.35
6.35
5.09
17.93
2.48
1.28
8.29
7.96
14.65
2.28
10.46
4.53
7.97
12.72
9.19
10.95
10.36
5.65
1.90
13.92
14.69
6.84
8.16
5.18
8.95
8.83
2.68
15.45
15.41
4.84
8.00
9.08
7.94
4.18
8.69
10.73
5.58
6.83
6.25
4.76
8.21
0.51
13.27
7.77
15.53
2.37
10.90
5.06
3.68
14.62
0.59
0.50
5.96
5.19
3.43
7.82
1.99
15.30
9.32
11.14
10.54
11.23
15.26
18.50
18.01
12.41
4.98
4.09
5.25
4.78
6.16
7.85
3.53
12.49
9.61
12.42
6.64
17.82
5.42
3.39
12.63
17.96
14.21
9.53
16.23
6.21
15.87
8.21
9.15
4.62
2.58
2.47
5.92
2.01
4.04
11.54
3.85
12.82
7.80
10.41
5.87
4.13
8.74
11.75
7.76
17.39
10.54
12.25
0.65
2.02
3.80
9.01
11.00
7.61
12.55
11.18
5.94
3.54
5.65
4.32
13.72
15.30
10.13
9.96
15.02
7.39
3.11
9.28
0.45
2.09
5.32
16.97
14.35
12.78
6.40
6.91
7.89
4.18
2.35
6.63
12.83
8.20
6.13
11.65
9.04
8.27
4.42
12.22
15.01
10.92
12.76
13.12
4.61
2.30
2.65
10.47
4.83
11.64
8.11
8.92
8.54
4.99
12.76
4.42
5.98
3.62
4.48
13.49
13.47
9.31
4.39
12.39
4.51
11.00
6.01
7.99
1.60
5.08
6.41
7.07
7.92
5.54
19.34
15.84
9.59
5.39
1.41
18.77
5.71
12.25
10.68
5.72
10.42
4.33
4.64
10.70
5.08
4.52
9.84
9.77
1.35
3.42
14.38
4.33
8.56
12.90
13.09
12.54
10.04
5.56
14.21
9.02
6.38
11.05
6.09
3.32
2.39
10.13
8.96
9.47
1.23
2.64
4.11
14.41
15.51
8.81
5.49
3.52
2.79
3.57
8.60
5.98
9.93
6.37
9.77
4.27
14.71
15.59
1.85
8.86
13.03
6.50
8.18
8.26
6.38
15.18
12.38
6.15
3.22
3.47
8.95
10.74
15.56
8.32
9.86
2.53
7.37
1.33
10.36
15.81
12.54
1.85
12.12
5.20
10.48
5.47
10.34
9.90
8.69
3.26
9.64
6.88
9.91
13.58
2.19
16.37
2.88
11.28
14.76
5.47
12.12
17.49
12.12
2.42
12.68
5.06
5.73
1.26
12.60
11.12
7.77
2.42
13.08
3.78
14.11
7.03
12.94
12.37
2.50
8.96
9.72
2.78
5.26
5.82
6.00
5.61
14.32
7.19
6.88
10.64
6.14
11.11
8.33
7.43
1.51
8.21
17.10
1.02
12.98
11.22
5.08
6.31
2.96
14.71
4.12
9.45
6.72
8.39
8.66
15.90
7.62
9.41
3.19
2.63
10.64
12.31
7.25
15.21
18.32
12.97
4.14
16.96
8.68
7.27
14.94
3.21
5.62
6.98
9.08
17.44
10.20
6.02
1.73
2.20
6.82
8.59
6.21
2.29
15.88
9.32
11.47
6.85
7.06
3.84
9.74
15.93
5.52
8.18
8.93
15.95
5.32
1.03
10.42
12.18
14.04
5.51
8.71
17.09
7.80
2.29
1.42
2.89
10.90
4.89
12.41
11.52
7.08
5.39
5.49
9.64
6.33
8.81
3.67
14.33
1.27
7.85
10.44
5.02
17.36
11.80
