15.66
8.16
10.85
10.15
12.45
7.45
8.56
8.06
11.77
9.33
4.40
10.43
9.31
14.64
16.34
9.78
11.14
7.15
7.12
11.16
12.63
5.88
3.42
9.43
8.88
9.09
13.04
3.96
7.95
9.92
7.38
3.53
5.88
8.48
9.38
3.11
5.85
9.30
9.05
12.51
12.52
2.64
3.90
5.18
12.07
7.38
9.18
5.38
9.31
9.61
15.26
9.89
6.35
7.60
5.91
9.61
14.74
9.07
11.03
3.20
2.66
15.84
6.60
12.85
8.60
6.93
15.49
5.05
9.70
7.70
5.26
13.21
9.05
15.33
8.73
12.45
7.32
4.62
13.95
6.46
10.78
12.46
8.10
12.49
14.71
3.15
3.08
9.30
6.88
10.91
8.86
10.32
8.70
5.42
8.69
8.89
8.51
9.62
5.36
10.00
12.61
11.05
14.00
1.96
8.46
6.70
4.83
7.28
7.31
3.40
6.13
4.76
6.72
8.36
9.44
13.64
7.61
5.77
17.19
5.96
12.12
12.77
5.99
4.55
7.53
12.59
9.90
4.61
3.10
7.60
9.19
6.60
6.31
12.45
10.84
14.25
9.40
3.16
8.29
9.50
12.20
7.22
9.54
8.26
9.16
5.43
7.05
3.74
6.93
12.32
8.82
6.34
10.40
6.56
9.19
4.96
11.47
3.91
5.04
14.06
7.18
9.23
12.08
7.97
9.79
7.08
12.58
9.96
12.32
6.63
3.06
8.20
12.67
7.82
11.89
9.19
8.82
4.31
8.60
3.87
4.27
7.37
9.90
6.77
7.91
7.29
8.93
6.80
8.47
12.80
5.47
4.40
8.24
1.39
13.64
9.34
12.49
4.41
10.44
16.09
8.65
17.47
8.73
9.15
9.35
12.20
1.76
8.04
1.16
4.20
11.60
10.01
9.79
7.01
8.21
8.08
2.88
7.53
8.19
7.54
9.63
8.93
5.67
14.96
9.34
3.77
11.60
10.88
11.59
4.81
4.49
12.04
9.98
11.98
6.13
7.23
5.60
6.63
4.82
10.77
6.96
9.31
10.56
5.29
8.40
10.88
9.22
12.10
4.83
9.90
3.58
8.83
12.63
6.83
4.14
9.46
12.96
12.18
6.00
4.28
14.06
10.94
19.08
3.37
5.27
9.37
12.55
11.24
10.33
9.34
7.49
6.70
6.92
10.52
8.32
2.51
10.65
15.19
8.15
1.34
13.47
10.25
9.93
10.28
5.83
5.27
10.07
3.99
9.94
7.63
7.95
5.17
9.87
5.49
10.40
1.04
9.92
15.70
17.94
15.08
6.97
9.83
5.55
10.47
7.35
4.16
6.42
8.59
8.67
7.18
8.58
6.05
8.79
6.21
7.48
3.36
7.16
4.51
4.11
4.38
8.95
10.42
11.21
12.20
6.75
12.97
8.10
13.68
9.96
9.21
2.92
10.87
7.84
6.06
12.96
6.64
14.15
6.96
13.42
11.26
6.67
7.26
6.33
8.69
15.97
8.11
5.53
10.59
11.58
3.97
3.88
12.41
4.95
12.07
6.70
9.55
9.03
9.38
8.28
12.01
8.40
12.25
1.61
12.23
5.01
12.39
8.39
8.15
12.76
7.80
7.40
10.93
19.52
9.18
4.93
10.14
4.41
6.05
5.28
10.29
8.32
12.18
7.68
9.51
10.05
10.51
6.59
6.65
5.51
4.21
7.23
13.44
9.79
14.74
4.63
4.96
4.41
9.23
7.73
9.74
4.57
10.82
13.49
3.24
12.06
3.37
8.87
6.36
7.01
8.31
12.49
10.84
6.58
12.02
11.42
9.22
6.95
14.31
5.89
3.75
7.27
5.82
12.22
9.64
13.72
10.20
11.12
5.45
6.33
5.76
10.47
5.16
8.19
11.96
17.35
8.03
12.81
7.45
5.76
12.02
7.10
14.63
12.67
10.32
4.42
9.88
4.78
12.06
12.77
3.06
7.25
9.71
9.05
9.43
8.81
6.53
7.00
12.98
4.81
5.93
7.11
3.82
17.99
9.79
9.94
9.39
12.40
8.08
5.51
2.81
6.46
8.31
9.22
12.20
6.71
7.74
9.69
8.65
9.80
4.11
8.14
6.53
8.58
6.20
11.36
14.93
10.64
9.68
7.32
7.36
10.48
16.94
6.83
6.08
7.20
7.15
8.58
4.39
7.61
9.10
12.74
9.08
7.28
9.63
8.01
8.26
11.88
8.58
8.71
12.76
7.33
12.19
2.30
15.36
6.72
7.21
6.43
9.84
6.55
14.21
9.19
13.75
10.35
8.24
13.75
7.01
10.97
14.64
7.63
5.41
14.85
9.70
5.83
2.15
6.99
12.38
9.14
6.16
8.33
4.39
12.32
1.54
5.53
6.73
10.00
10.05
8.80
6.70
12.85
8.16
14.71
12.82
5.66
4.73
9.38
6.21
15.07
6.06
5.96
8.79
5.46
9.02
5.02
10.86
13.57
1.76
9.83
8.31
2.79
10.59
14.55
8.94
10.00
7.78
0.09
12.47
6.72
11.06
4.01
7.44
7.01
12.49
5.43
13.28
4.67
9.95
12.60
7.90
1.19
7.10
7.88
12.21
12.92
7.35
6.77
9.14
11.83
5.63
5.69
9.17
11.44
9.24
8.18
8.33
5.55
9.21
14.36
13.96
4.56
6.53
6.50
1.53
8.64
6.93
7.64
12.76
9.31
7.42
9.80
8.01
10.21
3.73
14.11
8.73
11.87
10.45
10.17
18.06
13.88
9.82
7.39
4.18
9.24
12.56
8.67
6.92
9.32
8.52
12.13
4.69
3.55
12.58
6.99
14.43
6.56
7.18
6.77
9.92
10.64
2.25
15.76
3.61
9.35
5.46
6.50
5.10
12.16
1.62
19.50
10.48
10.44
12.48
16.58
6.85
7.07
5.50
5.95
9.06
9.03
9.26
7.06
8.53
5.59
9.30
8.72
4.23
11.81
10.77
9.14
5.91
6.35
3.20
8.29
9.94
13.65
6.22
6.07
9.24
12.10
2.87
9.98
7.50
9.23
9.88
5.49
8.20
11.25
13.51
12.94
6.82
12.56
3.41
13.01
12.30
9.66
15.57
8.18
9.42
7.37
11.13
6.85
13.87
6.62
10.12
6.62
7.88
8.04
13.87
15.34
10.06
9.63
14.31
5.33
7.32
6.90
12.58
8.66
5.34
9.13
9.82
4.70
9.83
14.79
6.21
8.85
9.76
16.72
7.12
4.00
6.07
12.71
9.46
5.73
6.68
5.45
9.64
13.22
4.79
8.54
15.10
17.38
5.05
5.58
7.63
3.29
8.06
5.95
7.20
6.05
12.21
11.26
9.63
9.49
4.28
9.77
11.72
12.07
7.88
4.84
6.18
9.90
10.11
7.41
12.92
4.05
12.90
12.30
13.20
6.13
3.77
3.03
9.97
3.04
2.22
4.39
12.13
6.19
13.55
5.40
11.36
10.60
8.88
12.93
5.35
8.96
12.64
12.47
8.87
1.95
5.98
3.97
7.24
9.90
13.38
15.72
3.31
8.28
10.51
5.38
10.88
9.38
9.71
2.40
9.41
10.65
8.66
14.05
6.65
9.85
2.86
6.80
1.97
4.62
2.82
5.65
5.69
13.11
8.88
9.27
9.51
13.83
9.10
8.67
4.91
4.94
7.86
2.41
2.88
2.15
5.25
4.43
4.95
6.84
1.80
1.62
2.83
7.14
6.89
6.83
4.57
1.43
4.85
6.71
6.72
5.00
8.15
3.39
2.80
0.68
3.82
2.50
4.54
4.38
3.89
7.71
4.60
1.52
5.31
5.80
3.48
2.96
4.89
7.97
4.64
3.88
1.05
6.41
8.23
2.31
10.62
5.35
5.65
14.61
9.03
8.45
4.17
3.20
6.11
1.18
12.97
17.97
8.51
7.79
6.68
8.81
9.17
8.85
3.05
9.73
2.89
6.72
6.87
9.66
1.85
11.72
9.06
4.35
3.68
12.98
16.53
10.94
15.25
0.67
4.39
5.96
3.20
14.63
13.84
13.97
7.29
8.97
8.10
6.23
13.94
9.35
8.46
15.54
15.93
10.06
5.73
12.85
4.60
13.19
9.64
4.77
10.92
5.93
4.62
5.21
10.16
2.49
2.45
6.42
5.33
8.86
12.02
5.32
2.94
3.45
14.50
13.95
6.35
4.48
14.02
7.91
2.05
15.12
9.69
12.65
7.01
2.97
2.14
1.39
9.97
6.55
15.43
10.28
3.17
12.88
6.14
12.44
15.40
6.67
9.83
13.51
14.63
9.39
3.47
10.94
0.41
3.69
7.79
2.33
13.45
14.65
3.58
12.34
6.65
5.19
15.70
8.44
12.72
2.53
14.90
4.00
7.16
4.66
12.45
12.13
3.44
10.74
12.37
8.58
9.89
5.36
17.74
6.81
6.72
9.65
7.36
9.86
10.43
7.46
6.15
14.60
8.36
5.77
5.14
12.95
14.37
5.68
7.38
7.69
1.60
8.48
8.25
6.26
15.69
6.27
15.91
12.51
15.16
9.51
5.97
12.46
8.97
14.74
0.44
6.27
5.22
15.57
14.02
10.27
9.10
1.72
6.15
4.58
6.07
5.50
14.45
9.40
9.91
2.89
2.10
12.07
3.42
5.57
5.03
14.98
10.70
1.79
12.46
4.83
13.50
8.31
11.72
4.09
10.07
6.03
14.35
6.67
8.55
17.65
5.51
8.55
8.85
16.15
17.44
13.99
19.59
4.93
8.99
1.09
9.70
8.09
2.72
1.26
8.79
10.72
4.71
3.74
6.79
11.63
4.94
2.49
4.01
17.54
10.51
9.94
10.87
16.47
14.94
8.86
13.76
8.52
9.07
10.82
6.61
7.26
7.02
8.49
14.05
3.96
17.65
14.04
4.97
4.39
6.58
5.05
3.56
12.04
4.57
8.64
6.88
10.77
8.01
13.40
13.65
4.52
16.00
19.94
15.35
7.82
9.33
3.53
14.29
7.37
9.11
6.80
4.40
3.36
13.45
5.57
4.43
12.16
8.54
5.57
1.55
16.88
7.47
5.77
15.22
3.14
9.94
11.29
13.85
8.65
3.83
14.29
6.26
14.51
2.56
3.48
6.50
8.86
7.39
4.19
5.40
10.85
13.19
10.48
15.87
9.77
13.99
6.20
8.38
6.16
4.12
7.84
8.46
11.45
2.51
14.70
15.66
14.46
9.48
7.37
5.14
4.88
8.68
4.81
7.65
10.89
4.99
4.58
15.59
10.71
8.01
8.81
5.62
12.80
15.29
13.00
8.36
2.88
10.59
3.56
11.10
5.78
7.32
14.34
8.19
3.56
5.37
14.11
12.05
3.06
14.25
13.15
6.40
4.71
3.00
8.50
2.50
8.25
7.71
12.85
12.34
10.59
6.18
6.97
12.36
3.26
10.66
13.15
4.29
3.97
8.63
9.75
13.61
12.74
5.88
4.93
7.61
9.78
7.19
3.13
3.19
6.15
15.29
10.80
5.42
10.71
6.20
9.48
14.04
7.47
5.82
5.17
2.90
9.06
6.69
14.09
6.32
3.19
1.29
5.26
3.75
4.70
9.29
6.17
3.64
1.40
13.76
7.16
5.92
2.59
4.81
1.34
19.20
12.15
17.70
8.51
3.46
7.78
10.00
8.79
4.20
1.14
6.07
5.29
9.48
10.77
5.98
13.68
10.63
14.22
3.09
12.94
10.12
8.39
11.53
10.16
4.82
5.68
9.00
6.73
5.19
11.25
5.14
13.48
10.76
6.80
18.13
3.59
4.18
7.71
9.26
12.88
15.06
12.13
4.89
15.31
12.24
11.26
3.18
2.50
2.78
16.22
1.75
16.83
12.18
9.50
14.19
15.15
14.17
14.02
14.04
5.46
6.13
8.16
5.21
9.20
3.31
9.43
11.68
3.36
9.69
10.83
7.12
10.96
3.03
3.12
5.11
9.42
14.41
12.60
8.96
2.32
4.98
12.13
10.03
15.40
4.18
7.00
9.52
2.82
9.48
15.97
8.19
17.65
14.16
12.63
7.89
8.83
6.99
16.23
6.82
3.87
3.28
7.77
10.53
17.74
4.33
7.72
18.77
14.55
10.86
15.31
7.81
8.06
9.47
4.71
4.13
8.19
1.92
4.80
8.43
6.66
8.97
7.59
7.31
17.45
5.39
9.97
7.02
5.43
13.96
10.04
13.52
8.45
4.82
9.53
4.25
8.77
1.29
17.87
5.91
10.33
8.96
7.82
12.51
10.44
12.57
13.74
4.66
2.08
11.14
10.91
12.58
8.57
1.65
4.47
10.94
8.32
6.81
7.60
12.09
13.35
3.30
13.42
4.65
12.98
6.81
12.19
5.91
14.53
4.49
9.81
5.16
2.14
8.11
6.48
6.32
14.94
12.25
