12.66
5.76
8.35
9.65
5.55
6.15
9.60
8.17
7.23
6.08
11.25
4.55
10.09
7.64
4.60
9.27
7.11
6.01
5.11
5.93
10.25
5.04
12.06
12.87
10.49
12.93
5.01
9.32
5.74
13.02
8.33
5.30
3.34
14.71
4.80
10.55
15.18
8.32
8.57
7.08
5.11
9.74
3.55
8.98
3.94
6.61
2.28
2.02
6.45
10.38
8.04
10.05
6.37
5.02
6.32
12.75
3.64
6.75
7.18
3.98
5.28
10.25
14.97
14.50
8.62
16.74
9.85
12.91
8.52
4.94
9.70
9.08
8.51
7.96
6.13
16.25
7.96
8.13
6.53
10.86
11.52
9.95
9.78
4.59
9.39
8.74
12.70
9.17
9.76
5.63
3.27
7.19
3.96
9.06
13.82
10.42
7.53
14.27
4.74
15.57
15.95
6.48
5.84
7.63
2.77
6.40
10.78
1.73
14.68
7.97
11.84
10.13
8.43
8.90
11.29
7.20
12.84
4.65
6.08
7.42
6.95
8.69
7.52
3.64
9.24
10.26
12.76
9.76
6.19
9.36
4.25
12.57
9.92
13.23
11.83
11.29
12.86
3.70
9.72
4.95
9.18
6.91
8.67
15.96
9.61
9.97
8.46
12.69
5.01
14.40
10.44
10.10
12.59
7.07
10.83
10.78
8.24
6.69
8.94
0.52
14.76
4.27
15.63
3.87
13.96
5.62
10.55
12.42
7.18
11.93
4.21
8.29
9.56
12.98
2.36
9.30
3.80
19.05
9.89
12.39
10.89
6.56
10.32
9.03
6.21
10.25
15.21
9.51
8.36
4.27
5.27
6.56
8.52
12.02
0.21
6.99
6.83
10.70
12.56
7.77
8.65
8.49
12.22
4.04
5.49
12.16
9.35
14.82
2.80
8.06
12.11
9.95
12.73
5.87
13.70
14.21
4.99
8.40
12.45
4.57
14.52
9.62
9.03
3.80
5.24
12.72
9.36
13.18
6.69
8.06
11.83
9.13
19.39
12.73
9.12
2.91
9.37
7.82
10.36
3.70
17.41
5.60
12.71
12.46
9.24
15.76
4.88
7.98
9.52
8.04
7.60
7.42
9.25
8.10
12.94
5.33
14.86
10.93
18.76
8.45
4.44
7.69
8.26
2.74
8.25
3.93
5.73
8.59
9.23
14.25
9.29
10.12
11.71
9.63
12.86
4.45
4.04
5.15
12.53
11.18
7.41
10.45
6.06
2.54
12.06
5.34
15.99
10.43
8.16
9.59
3.49
4.74
7.64
7.06
15.29
13.34
8.72
5.98
4.91
2.08
12.22
2.75
5.95
12.96
8.10
7.09
8.31
12.09
6.57
7.87
2.18
9.33
9.84
2.21
8.25
1.12
3.76
7.60
9.36
9.71
7.26
9.51
1.94
14.21
4.24
15.06
2.72
2.68
6.65
0.96
9.78
10.78
4.22
6.05
3.64
7.63
3.07
12.13
5.67
4.30
13.01
10.80
12.41
12.39
13.44
6.61
3.02
9.86
6.49
15.14
7.46
13.37
9.09
10.21
7.90
8.07
13.24
4.16
9.55
4.44
17.55
14.80
10.00
10.98
8.28
7.79
6.56
7.56
4.16
4.90
10.23
13.69
3.71
3.29
10.54
9.64
6.71
10.81
2.76
6.20
9.25
1.20
9.01
5.01
16.44
10.89
6.96
9.06
13.86
9.09
8.38
8.08
8.44
7.58
3.87
11.71
7.42
13.83
7.36
6.71
13.53
10.73
13.46
9.65
15.00
5.70
14.93
9.08
5.09
4.09
5.04
10.35
9.28
6.92
6.59
5.98
6.40
6.26
13.07
7.08
7.29
7.71
9.81
8.88
7.68
8.14
5.63
8.36
13.73
18.12
8.66
12.20
5.74
13.04
9.08
12.20
7.79
7.00
8.56
9.57
9.44
7.78
12.90
5.21
6.98
8.33
10.88
8.47
8.51
14.09
9.42
8.61
8.33
7.76
9.74
12.25
12.39
6.97
10.92
11.26
13.98
4.38
10.77
15.59
12.38
8.40
16.85
9.81
6.72
13.82
13.45
11.21
2.11
7.19
11.17
8.14
8.02
6.83
6.16
8.16
9.60
11.62
7.05
8.76
15.75
10.78
12.66
1.32
0.33
6.67
6.70
4.71
4.47
4.93
10.03
4.67
8.80
10.42
8.68
8.98
6.81
7.75
14.38
11.00
14.26
9.64
7.34
8.87
6.25
10.89
3.95
17.83
8.92
12.94
3.59
9.49
7.02
9.21
9.92
8.07
5.03
10.35
9.63
8.04
14.29
10.86
9.27
6.55
4.63
8.77
11.83
6.22
16.03
2.91
10.66
8.42
15.94
14.38
3.00
5.16
8.87
7.47
2.32
3.75
1.01
9.51
4.73
12.89
11.34
5.83
8.68
3.85
12.70
5.03
2.68
9.81
12.98
12.55
10.02
13.65
13.24
4.10
5.65
8.00
9.34
4.88
12.18
7.13
9.04
5.45
11.55
14.92
4.22
6.78
9.38
6.92
5.21
8.17
14.23
12.96
8.42
14.35
12.59
7.65
12.67
5.69
4.64
5.59
6.56
10.05
9.76
6.22
15.92
13.87
14.01
6.42
4.59
12.28
3.70
4.68
12.67
8.90
11.77
4.81
5.54
10.46
7.01
10.29
9.07
9.28
7.81
4.20
19.44
9.41
9.68
7.67
7.30
10.78
8.89
12.41
3.03
9.25
15.61
7.96
8.45
5.86
9.42
12.15
6.15
7.02
7.18
1.34
15.24
12.87
5.96
9.31
3.92
6.47
4.86
8.57
9.16
1.69
8.74
4.20
4.88
8.39
5.67
6.48
11.82
6.22
11.23
13.20
15.26
5.99
9.77
11.96
8.03
5.40
14.46
5.02
12.15
1.34
6.34
9.12
11.56
12.35
8.33
8.72
8.71
10.10
9.96
9.36
7.15
6.28
2.39
10.87
13.57
6.72
8.12
12.99
9.18
12.45
12.46
3.63
4.58
2.31
10.66
9.94
10.62
6.30
11.55
5.14
12.95
8.90
10.68
12.63
4.14
13.31
11.17
6.92
4.85
10.09
9.45
8.12
3.13
10.44
9.52
6.39
5.02
7.62
8.53
12.46
11.24
9.69
2.12
6.96
6.10
11.65
7.54
4.81
12.62
17.32
10.20
3.67
7.22
10.07
8.92
4.16
10.48
5.29
5.91
2.88
8.34
8.86
7.49
14.83
9.98
5.61
13.51
9.83
8.48
13.33
9.03
7.02
9.20
9.01
10.69
12.80
2.76
6.84
8.59
7.39
6.81
9.13
10.96
6.25
2.46
17.57
7.33
10.64
13.67
3.67
8.90
5.76
6.50
4.52
7.03
4.49
4.71
8.12
12.19
4.96
7.95
10.79
9.88
9.62
12.61
9.82
11.37
10.72
12.30
3.70
7.06
11.17
12.77
15.08
5.78
4.78
8.75
12.00
18.75
9.46
15.06
8.60
8.39
9.29
10.65
10.36
9.80
9.21
8.46
7.37
5.56
5.91
6.29
4.06
10.23
14.64
8.39
9.13
14.71
1.12
8.29
15.82
14.16
8.69
10.28
12.15
9.41
8.08
7.84
9.52
3.73
10.49
12.19
12.13
7.95
7.81
7.35
8.87
12.53
11.80
13.85
9.70
11.21
4.94
8.43
1.87
5.26
6.37
6.24
5.87
8.72
4.12
1.65
8.41
2.14
7.60
5.20
6.17
1.31
3.06
1.23
3.87
5.48
7.48
3.97
1.30
4.59
1.71
6.61
9.81
2.21
4.00
5.02
3.92
5.54
6.32
4.78
1.56
6.43
5.21
6.12
4.10
4.08
3.59
6.26
17.78
9.56
10.50
7.79
3.75
3.07
5.45
9.65
3.97
5.93
3.65
9.43
17.07
14.03
13.47
11.91
15.63
4.74
7.84
3.12
11.72
18.00
14.56
7.76
1.18
4.18
5.87
5.88
12.44
15.53
13.47
17.08
14.37
14.68
12.86
6.77
12.72
8.62
5.09
18.89
11.88
8.08
7.65
2.18
2.38
8.66
5.32
3.43
5.35
5.53
4.66
14.03
3.91
7.86
13.32
13.11
9.77
1.56
10.14
8.09
15.30
11.83
6.17
7.06
12.34
9.96
12.28
5.01
5.62
1.06
5.72
13.57
7.03
8.53
6.85
6.10
11.80
7.26
18.66
4.11
3.59
14.99
10.40
8.72
4.74
6.31
9.07
8.82
13.52
1.91
4.95
3.55
14.77
2.53
8.39
13.61
11.89
11.86
13.25
5.44
17.91
7.56
5.96
11.88
3.44
6.18
6.36
7.85
7.40
1.10
7.03
11.87
8.08
8.42
8.96
14.60
15.16
13.66
15.06
15.06
5.95
10.23
1.50
9.69
9.03
13.34
5.48
1.62
11.90
13.23
6.10
4.16
14.34
6.40
8.27
15.10
18.59
10.68
2.16
7.13
15.27
5.67
1.38
2.20
7.59
4.16
5.89
13.11
6.08
5.31
4.23
15.04
1.79
4.35
8.59
12.60
5.00
8.46
2.27
13.70
15.22
5.96
10.24
10.96
16.63
5.50
14.08
2.26
6.81
3.76
3.94
4.87
8.57
13.15
3.86
10.33
12.93
9.68
1.20
4.76
9.24
3.01
5.07
8.37
2.80
5.78
1.38
10.81
9.09
15.05
9.39
16.11
7.09
12.13
9.71
11.25
8.11
2.14
6.47
7.57
3.22
13.61
4.04
11.41
10.16
15.14
4.59
13.52
5.92
5.85
4.34
4.59
16.28
9.67
14.16
5.12
6.20
6.33
13.70
7.56
7.92
12.98
3.26
4.75
10.31
5.27
9.69
3.61
10.10
9.41
6.89
4.57
4.43
8.76
2.98
5.47
3.70
15.09
5.67
2.98
4.17
5.06
12.73
6.53
7.43
6.57
11.91
10.05
15.91
4.85
10.34
7.70
10.17
9.86
4.48
8.88
11.67
12.36
7.14
7.03
6.11
4.57
11.34
8.66
1.04
14.35
8.44
7.94
4.81
13.80
6.54
7.74
6.57
9.57
3.95
8.80
9.15
7.57
17.34
6.54
16.59
4.29
6.89
11.79
18.76
2.83
3.57
15.32
4.30
14.74
7.80
15.33
12.45
4.65
11.70
3.15
6.22
16.40
6.39
16.81
1.51
6.35
17.76
8.68
4.24
3.54
10.12
11.31
2.79
3.02
2.37
4.44
2.99
3.30
11.00
5.37
14.38
5.02
16.00
13.27
15.65
3.42
6.13
12.53
12.92
7.76
8.83
10.65
5.66
13.21
5.18
12.52
3.78
4.15
10.10
3.59
1.69
12.06
9.04
7.25
14.56
7.83
10.90
6.93
3.70
1.50
3.23
12.06
10.08
9.90
13.79
1.17
8.83
6.36
3.05
12.02
9.69
12.83
10.09
9.79
4.12
2.30
8.29
13.27
8.18
5.85
9.55
5.44
2.06
12.09
8.91
4.03
1.26
15.00
14.70
3.00
3.48
5.06
4.39
8.06
4.58
5.97
10.50
10.77
15.91
9.53
9.87
14.48
6.62
5.09
2.13
5.98
3.62
3.19
14.60
18.12
7.24
18.11
17.26
5.56
15.25
8.66
11.50
4.45
9.68
11.84
5.93
6.27
6.71
9.96
17.97
9.87
8.86
13.53
9.02
5.74
8.88
4.67
9.34
15.05
10.02
9.92
8.09
9.33
15.96
14.65
9.80
13.17
17.51
8.13
9.29
13.98
10.55
6.34
2.86
3.69
6.62
5.67
6.25
8.47
9.17
10.34
3.67
10.39
7.31
7.79
12.53
6.01
7.48
6.01
10.10
1.80
4.53
4.49
16.28
14.82
10.67
8.30
8.19
8.25
15.38
7.41
15.59
8.90
0.07
7.93
8.74
10.73
15.77
7.57
7.41
10.46
5.37
3.17
6.71
8.86
15.12
1.40
7.67
5.98
11.00
9.13
3.08
10.65
9.52
12.53
6.33
2.23
4.22
12.03
15.72
13.77
12.92
7.77
9.57
7.71
14.09
6.70
4.34
5.56
2.91
4.78
13.34
11.19
9.80
10.72
6.27
7.69
4.50
14.48
12.79
8.90
2.96
9.40
14.85
1.48
2.59
5.71
6.77
15.46
4.08
18.87
14.37
18.51
8.30
10.50
6.60
8.70
5.60
3.97
12.71
8.94
12.62
1.52
13.63
13.68
9.03
5.12
5.30
10.69
12.70
9.00
5.57
2.43
10.16
3.43
2.25
4.61
8.32
5.74
13.92
8.00
5.77
3.87
15.30
5.62
17.52
19.85
7.81
12.28
5.37
3.69
1.83
12.22
5.52
11.07
9.39
15.20
1.74
7.88
5.43
14.86
3.08
6.93
15.95
7.66
5.33
13.09
9.23
