7.09
3.56
9.79
10.53
14.90
3.00
16.07
1.86
2.55
3.25
12.03
5.34
4.82
3.29
9.41
8.01
6.31
8.38
4.70
4.25
7.54
8.92
7.28
7.34
5.51
6.81
9.06
5.80
1.30
12.43
10.06
7.50
17.73
10.87
6.44
11.24
14.99
19.45
7.85
12.48
9.54
6.15
13.32
14.13
2.58
7.74
9.78
2.93
12.71
4.79
3.85
6.73
8.35
16.36
11.93
11.35
3.97
10.11
13.95
10.51
12.06
12.23
3.74
9.90
12.66
11.00
6.11
6.08
5.34
12.80
8.01
14.19
3.65
9.49
11.29
12.39
9.93
10.23
8.95
12.27
19.08
7.05
6.76
8.49
6.31
2.75
9.21
6.54
8.77
5.42
6.87
10.85
9.50
14.22
6.82
5.15
8.86
10.46
12.63
7.75
7.11
4.70
5.74
7.98
4.62
6.14
10.98
8.27
12.51
10.02
13.69
16.89
12.21
10.16
13.93
9.06
11.09
14.41
5.98
0.43
5.93
13.67
12.68
8.54
9.45
8.18
6.61
3.54
8.64
6.03
5.83
2.03
13.50
4.32
6.53
10.84
8.01
6.34
5.39
6.36
6.39
1.63
15.59
14.89
7.95
15.55
9.04
1.70
4.37
7.02
9.98
6.30
5.14
5.35
10.48
13.45
7.92
3.69
9.83
12.49
4.76
9.70
9.64
10.98
2.15
7.91
6.76
8.61
15.13
5.73
8.82
12.13
7.11
12.55
11.46
14.27
12.33
9.26
4.41
6.07
7.62
4.49
10.70
3.21
8.33
4.51
7.64
6.60
8.71
10.65
2.21
8.47
4.90
12.44
12.38
14.49
9.93
7.60
6.18
7.83
9.19
7.11
15.32
2.97
10.62
5.25
5.93
15.80
14.37
10.90
8.98
9.58
9.21
10.61
6.23
12.92
5.64
17.33
9.83
6.99
6.88
11.02
8.56
8.60
4.07
11.11
7.79
9.43
10.94
7.72
10.33
9.75
9.50
9.29
13.19
9.04
7.61
12.86
15.52
10.72
4.02
8.58
12.82
9.89
6.80
5.52
7.96
12.29
5.22
7.16
7.76
11.50
3.00
10.23
0.71
8.33
5.44
15.49
10.02
7.37
1.97
15.55
4.13
6.10
3.79
17.19
7.60
10.63
6.52
4.68
8.87
6.61
7.41
10.14
7.18
6.32
7.69
13.61
7.49
3.98
7.00
14.80
9.25
11.99
8.32
10.59
9.79
8.79
12.96
12.23
8.96
3.50
10.34
10.53
4.77
7.71
11.06
7.36
12.30
10.08
3.69
6.34
8.33
4.70
12.46
4.50
4.35
9.82
10.41
8.88
12.23
9.88
3.88
11.33
10.70
9.35
12.89
13.46
9.73
12.45
2.37
9.48
13.92
12.53
8.02
6.33
8.59
7.28
9.38
6.10
12.81
6.10
4.81
9.01
12.39
12.02
17.74
17.96
2.05
3.05
9.91
5.68
7.40
6.84
9.69
8.41
12.29
6.60
3.32
9.07
8.51
11.47
13.96
6.59
4.41
12.32
9.54
11.76
8.71
6.65
12.16
13.89
10.98
9.17
8.55
8.02
1.59
8.71
9.12
2.79
17.42
8.05
8.79
7.18
11.18
10.62
10.46
9.63
10.24
2.96
8.49
6.34
9.72
9.98
6.62
5.37
6.72
12.35
7.78
12.34
11.78
10.17
10.54
9.54
9.40
8.41
6.27
16.89
5.89
5.20
7.27
5.07
12.09
9.87
9.05
10.26
5.95
4.85
4.53
6.56
4.85
9.83
7.13
12.23
4.49
10.56
10.13
5.81
9.17
6.48
10.60
3.20
2.03
7.75
17.65
15.72
6.85
4.26
8.97
7.26
15.06
8.76
4.86
12.31
5.85
11.21
11.26
9.45
9.30
12.60
9.24
10.81
9.09
13.02
9.31
8.92
3.88
8.71
7.94
11.88
11.95
4.63
7.12
8.92
2.17
2.06
12.71
8.08
3.44
9.36
11.83
6.72
3.71
6.14
4.73
15.80
10.20
6.78
12.52
12.34
8.76
6.27
6.57
5.19
13.41
1.76
12.98
11.61
12.20
11.12
2.57
8.42
10.35
6.52
12.25
4.17
6.81
15.09
8.43
12.98
9.62
9.92
14.25
3.66
2.59
10.70
9.65
9.62
12.25
9.71
3.80
3.04
9.25
5.07
10.51
7.55
7.20
12.49
19.64
12.57
14.89
13.48
9.45
5.72
5.77
3.20
8.21
0.14
10.72
12.67
9.93
7.41
15.73
1.15
6.80
6.78
12.67
12.68
4.04
9.67
9.30
13.57
6.22
9.69
8.84
4.40
12.73
9.51
9.95
1.71
8.83
10.20
6.20
6.10
15.11
9.48
10.61
9.05
8.77
9.83
14.54
2.30
15.78
8.44
15.06
7.51
6.00
15.82
13.32
13.72
6.33
15.21
4.73
8.00
10.41
0.46
8.99
14.49
6.02
12.34
14.68
8.97
17.58
7.30
15.36
9.56
9.72
8.98
12.67
3.26
12.71
5.95
5.85
14.04
6.24
10.74
8.24
9.61
14.08
3.16
8.01
8.57
5.30
17.29
9.79
7.63
5.88
19.22
4.07
5.24
5.28
17.98
9.04
13.20
9.83
4.09
4.87
2.15
12.68
11.55
9.40
13.87
17.18
9.98
3.72
10.99
9.38
15.38
8.70
6.87
13.01
8.15
3.23
10.31
10.22
5.25
9.97
6.09
9.76
6.23
7.64
9.11
7.12
12.15
12.66
7.54
5.94
9.95
5.55
2.57
9.93
8.39
8.54
10.51
10.61
3.52
6.67
7.41
7.67
12.67
4.17
9.37
7.49
9.34
8.51
7.34
5.57
7.15
5.71
8.52
6.04
9.59
14.41
10.24
10.04
4.99
9.29
9.28
9.64
9.34
12.74
8.52
8.76
14.60
8.91
0.90
12.67
17.19
8.13
8.55
7.15
9.99
4.84
5.45
10.11
6.27
5.31
12.39
4.72
5.46
7.36
7.49
9.20
6.77
9.48
7.67
12.90
14.32
9.63
5.65
9.23
2.16
13.99
9.23
13.71
6.45
6.07
6.25
10.45
10.28
13.03
8.58
6.06
13.71
11.87
6.05
14.44
11.77
1.34
8.25
9.22
7.48
4.56
5.96
8.18
10.30
3.98
10.03
8.34
10.19
6.06
7.00
8.39
5.56
8.07
12.83
9.88
7.63
8.19
6.31
12.37
13.45
4.45
10.87
6.80
12.54
10.46
4.57
12.15
6.79
8.38
6.04
5.64
5.67
12.06
9.30
8.73
3.09
13.47
8.83
10.65
8.03
8.81
8.17
8.77
8.17
17.40
12.86
8.00
8.73
6.48
12.62
12.29
7.00
5.53
14.28
4.57
10.38
4.27
1.54
2.19
8.71
6.79
1.60
15.17
9.08
8.71
10.53
9.54
10.36
10.08
2.43
6.49
7.56
12.35
4.85
12.11
5.86
5.59
4.99
6.45
15.52
14.73
7.22
7.78
5.79
13.62
15.57
5.22
9.14
8.77
10.07
8.76
8.99
10.39
12.83
7.61
6.07
11.20
15.22
9.55
9.23
16.25
3.36
5.17
11.63
10.72
12.76
9.86
12.28
6.46
7.05
7.68
6.79
10.00
2.98
4.66
3.85
6.92
1.56
3.45
0.57
1.80
1.30
4.95
8.61
6.58
3.53
10.07
3.48
5.24
7.36
4.13
4.62
3.89
6.07
2.73
3.28
3.87
2.55
5.68
0.27
5.04
8.46
2.66
2.27
3.94
0.21
5.71
2.69
6.49
1.80
1.72
4.92
5.54
1.49
10.56
7.87
12.09
2.70
12.71
15.22
12.51
1.79
2.17
6.95
10.04
11.28
6.35
3.57
3.39
5.11
2.89
3.31
1.05
15.81
14.03
14.93
5.05
12.65
12.30
12.13
4.97
11.33
1.94
13.54
7.00
12.14
3.32
3.33
10.17
8.43
10.47
9.63
4.10
15.36
4.46
9.64
10.53
9.51
3.36
6.39
3.24
7.66
4.58
13.42
13.91
11.66
15.38
5.48
11.68
12.39
2.84
1.15
2.04
6.90
10.27
14.05
13.70
12.24
12.41
5.67
4.63
16.00
4.31
12.33
16.20
6.27
3.77
13.71
2.12
11.59
9.36
5.57
7.82
17.47
7.62
10.99
14.01
3.94
5.79
6.59
2.57
15.37
4.90
13.82
5.63
14.47
13.46
17.12
3.96
19.29
7.14
15.40
6.23
8.58
14.95
12.24
9.46
9.38
8.45
6.22
10.80
5.23
6.92
4.14
12.10
0.75
9.86
4.73
18.99
6.04
6.41
2.56
8.40
13.00
3.72
3.75
7.13
15.25
4.23
6.81
8.93
16.04
7.65
15.60
1.05
7.82
6.01
13.50
2.03
12.78
8.57
7.25
5.36
12.05
9.04
8.96
9.56
2.04
7.28
12.76
10.25
12.02
6.43
7.52
7.55
10.61
1.99
11.82
10.14
4.00
5.97
13.41
4.99
9.83
1.43
8.69
14.43
9.07
18.63
14.95
18.69
4.70
14.33
3.36
7.44
1.66
14.94
9.38
9.16
10.04
12.99
8.63
10.06
3.94
6.19
14.97
15.14
3.55
10.73
14.23
10.71
6.10
6.85
12.29
3.75
16.45
5.44
9.58
6.55
9.40
18.59
8.29
13.43
14.49
9.81
12.12
13.21
3.62
3.21
7.12
5.89
3.42
4.43
8.02
17.13
8.03
13.96
12.00
4.83
15.14
16.75
15.96
4.39
2.91
6.49
2.71
2.55
8.19
9.66
10.34
12.49
12.24
14.43
9.11
6.93
15.24
6.27
10.66
5.11
11.85
5.49
3.59
10.46
9.18
5.07
8.28
13.34
10.47
3.58
4.42
12.54
4.89
9.06
4.88
7.24
12.63
6.08
4.43
16.63
7.15
4.22
7.10
6.31
4.85
3.35
13.20
9.95
5.40
14.90
5.18
4.98
13.43
12.62
10.90
9.83
4.15
12.18
11.85
2.97
2.73
5.25
3.12
11.73
5.13
8.37
13.64
12.33
6.61
5.07
3.71
10.53
8.70
18.43
7.89
12.90
14.82
8.62
9.99
8.70
8.30
14.20
3.87
7.15
7.49
9.58
1.81
9.13
3.60
8.61
10.35
15.17
3.58
4.54
12.89
12.86
12.07
12.81
15.62
1.62
6.47
2.38
7.28
3.69
12.27
1.40
13.03
6.17
7.04
4.70
12.07
12.11
10.70
2.93
12.57
8.50
9.51
5.91
11.60
8.44
15.53
9.35
6.68
5.80
5.37
5.88
9.92
7.03
12.40
4.96
7.69
9.69
17.37
15.29
8.69
4.43
10.35
2.23
12.51
7.66
15.14
3.63
5.42
14.87
9.48
14.15
12.54
5.28
7.95
12.38
14.78
8.57
3.03
15.04
0.92
9.62
8.28
6.27
3.02
11.54
14.30
6.44
13.47
13.05
1.92
4.44
1.05
3.66
6.20
14.14
14.47
8.39
2.45
7.06
6.33
5.55
5.39
12.12
10.55
6.67
0.73
2.57
6.84
3.15
2.63
3.78
1.72
4.48
9.19
6.06
5.06
11.42
7.90
15.41
13.57
3.87
0.76
5.70
5.65
8.46
4.95
1.78
4.18
14.73
4.90
10.43
8.99
7.69
12.44
5.52
12.32
1.64
11.66
5.28
9.99
2.91
4.19
2.61
0.68
5.53
5.60
12.71
11.14
9.03
1.72
3.28
5.82
9.75
15.36
15.67
12.51
14.83
4.08
5.98
4.89
8.70
8.10
8.38
10.29
8.43
1.01
7.34
15.54
12.93
2.65
6.63
12.57
1.31
8.25
12.81
1.99
7.81
5.85
12.29
9.62
16.60
11.45
5.94
3.35
8.36
6.00
12.75
13.59
10.09
11.98
16.28
14.07
8.74
5.82
3.57
10.82
7.91
2.50
8.98
2.91
3.50
7.39
18.72
14.17
15.06
12.31
8.89
3.40
8.96
11.03
5.85
12.02
6.81
11.09
5.59
7.84
8.87
2.09
18.82
6.76
5.40
2.88
11.17
11.06
7.53
3.47
7.30
2.37
7.19
12.79
6.22
10.59
10.80
14.86
10.45
5.38
12.00
4.41
7.64
6.34
7.57
12.83
9.48
11.55
16.98
8.35
3.71
12.55
7.00
10.97
13.33
0.93
15.58
12.09
8.36
7.61
7.98
6.81
2.65
12.20
4.27
6.28
13.37
9.25
4.67
14.80
6.67
9.08
6.99
8.53
10.09
5.72
13.95
0.23
12.64
7.21
12.30
12.07
8.98
12.52
15.47
12.27
7.78
12.80
4.55
10.57
1.31
14.76
12.97
14.85
