8.25
7.09
6.98
1.68
7.88
10.00
3.01
8.38
10.28
6.20
9.24
2.31
7.00
5.00
9.54
4.21
9.10
7.77
6.69
8.07
7.09
4.98
16.55
13.55
4.13
9.46
13.67
10.31
13.29
9.14
13.18
12.67
12.30
5.65
3.65
8.88
9.47
16.00
6.91
11.71
10.72
3.49
7.94
8.67
9.82
17.47
4.05
6.50
3.33
14.77
3.05
12.17
6.03
12.36
7.18
7.27
11.22
9.56
0.80
12.62
9.33
4.12
9.69
14.74
15.94
12.27
11.00
2.78
4.13
5.54
12.16
12.01
15.53
6.22
9.64
15.65
13.21
3.96
2.95
8.08
9.60
9.97
9.71
8.75
9.37
9.94
12.68
6.01
5.05
15.00
4.80
10.65
10.28
11.95
9.31
10.96
6.80
13.57
4.53
10.34
5.10
7.89
2.47
9.58
6.41
8.67
8.27
5.33
12.43
9.99
15.79
6.56
8.48
12.36
9.64
17.55
4.58
3.60
6.31
6.63
8.60
5.55
7.69
14.17
12.85
9.83
9.11
8.21
10.42
7.10
13.87
12.45
18.82
9.81
8.75
14.26
9.38
4.57
10.18
4.10
9.74
8.76
10.99
11.25
8.90
0.78
13.82
12.77
8.99
2.06
6.12
5.42
11.42
8.25
2.99
9.72
13.32
5.17
15.80
12.01
15.95
10.88
7.40
8.21
5.31
10.63
5.94
5.55
7.14
4.03
12.96
8.55
7.53
14.96
8.26
7.64
6.71
5.13
12.83
8.38
5.19
5.84
2.94
13.09
6.20
4.88
10.38
10.86
16.62
6.68
8.23
4.39
6.80
12.95
19.72
11.38
9.81
7.80
7.74
6.38
12.76
6.18
10.73
9.93
3.65
12.08
3.34
6.91
13.06
11.08
8.87
6.40
7.59
2.76
3.58
10.85
6.79
6.56
4.61
3.35
17.96
12.60
4.10
4.64
9.68
8.65
9.78
8.95
9.20
8.38
8.99
8.95
12.47
5.38
6.86
9.64
7.45
13.41
14.52
4.24
9.08
12.80
5.81
13.03
16.28
10.06
7.36
10.94
17.94
9.36
2.49
5.93
7.89
3.98
6.47
13.72
5.59
13.27
9.38
3.94
9.13
9.41
10.47
8.94
13.08
8.25
8.62
13.30
9.10
11.37
8.59
9.96
6.84
8.02
7.08
12.16
11.72
9.20
7.67
2.45
15.95
5.16
6.85
12.12
10.96
3.47
8.85
2.96
8.66
9.87
3.58
9.31
10.13
8.47
4.85
5.97
5.09
11.43
8.47
19.11
4.07
9.96
9.50
9.12
12.25
0.69
10.98
19.53
15.98
6.76
4.55
14.30
9.62
8.40
13.83
10.97
11.06
12.37
10.65
12.59
10.17
9.65
12.17
14.18
6.37
12.85
7.41
5.64
3.60
14.15
8.51
9.05
4.10
13.11
10.52
10.32
9.08
10.02
6.61
12.05
18.31
12.97
7.69
3.97
6.72
3.54
6.03
11.86
9.89
4.11
5.00
11.63
4.54
7.95
14.66
6.21
13.80
7.20
2.76
7.51
15.80
4.82
12.83
1.71
7.61
13.27
9.65
15.42
4.40
10.79
4.48
2.63
12.94
10.93
5.25
8.52
8.70
4.00
2.10
7.42
7.75
7.39
9.52
9.02
9.76
11.12
10.80
7.56
7.09
17.73
6.81
4.48
6.50
10.30
9.04
4.94
5.76
9.51
8.21
7.37
7.83
8.17
6.48
11.75
9.18
8.26
7.37
12.27
12.04
4.93
4.44
7.53
8.51
12.06
2.98
8.56
12.27
9.52
12.36
9.92
11.48
5.31
5.51
8.08
1.13
15.91
9.15
9.76
12.45
8.78
12.19
7.39
9.31
18.29
9.20
11.65
5.82
1.06
6.91
5.67
13.22
3.46
13.98
2.86
6.22
6.16
8.83
10.60
7.45
17.45
5.81
2.67
8.63
6.36
17.44
6.44
13.40
12.10
6.82
14.06
11.11
17.92
12.06
5.68
9.93
7.71
5.25
9.76
9.77
9.15
7.87
8.92
4.09
9.49
10.72
13.32
12.04
13.84
7.17
3.35
9.75
6.65
9.64
11.59
7.36
19.48
9.61
5.73
11.85
6.78
6.46
9.76
8.58
6.25
9.51
11.64
8.29
14.14
5.64
4.37
11.23
10.59
12.01
9.24
4.70
6.98
10.54
7.64
9.42
5.95
8.83
4.03
10.95
5.25
8.03
8.16
5.21
6.45
13.92
2.92
11.30
13.97
8.35
9.27
3.64
4.68
5.76
6.61
3.27
14.97
10.53
9.30
10.98
15.20
7.02
6.43
12.33
5.97
6.67
4.63
5.07
8.03
2.40
8.54
8.32
11.70
12.72
4.91
11.69
14.79
3.05
12.11
8.94
9.32
13.75
8.63
9.89
6.81
5.60
7.52
8.05
12.89
11.34
7.02
10.84
10.31
7.98
10.56
12.19
7.88
6.46
5.97
8.66
5.49
8.10
9.55
9.23
3.35
15.40
8.57
12.56
14.96
6.09
9.12
3.70
8.44
7.47
1.92
8.61
2.19
9.96
6.26
3.20
10.97
11.73
7.10
11.23
15.67
4.49
2.93
16.82
8.37
9.17
8.50
8.10
12.32
2.22
8.93
9.04
6.83
7.50
8.58
9.52
12.31
14.04
14.53
4.50
4.43
8.44
2.43
8.65
11.00
10.34
12.05
6.47
9.06
6.18
10.84
10.80
7.72
4.55
8.78
1.08
15.51
8.41
6.06
4.96
7.17
8.34
3.77
1.68
12.06
5.67
4.79
9.10
11.92
12.97
2.98
10.61
9.73
12.32
13.87
4.53
4.31
10.94
9.32
7.19
6.97
6.40
10.30
14.65
11.32
1.01
4.49
13.13
12.80
6.70
5.75
6.21
5.47
6.61
9.36
6.30
2.73
14.43
6.16
4.25
8.32
10.19
7.59
12.32
14.88
4.33
3.67
8.26
6.52
9.65
4.25
7.07
12.82
4.42
10.16
5.61
7.16
9.97
3.59
8.62
8.04
12.33
4.58
9.19
9.37
2.52
8.10
14.38
10.22
15.45
3.44
8.80
7.66
9.87
8.21
9.73
7.18
12.04
7.73
4.63
6.60
5.67
14.59
7.96
7.21
4.37
6.36
6.97
8.65
5.87
12.29
7.83
3.57
12.30
10.37
8.83
12.48
8.93
9.50
3.74
17.46
6.47
13.14
6.40
10.65
14.48
9.42
5.26
10.02
7.62
17.12
11.62
13.38
1.39
13.67
5.12
7.95
3.67
8.64
15.77
7.50
1.42
9.13
8.01
7.99
15.89
6.30
8.06
7.38
5.95
8.98
3.06
7.45
10.29
5.34
7.03
9.18
5.32
10.23
15.33
10.81
12.25
3.13
8.53
12.34
6.03
9.06
13.96
8.65
4.09
3.33
6.21
13.56
9.04
4.53
12.64
17.53
7.05
10.04
17.63
5.47
3.76
6.01
3.89
6.99
5.40
2.65
8.96
15.59
5.18
13.85
8.88
8.33
12.41
6.95
12.68
3.09
9.91
8.17
7.43
11.86
7.85
12.94
14.86
13.01
8.88
6.76
7.86
8.49
9.26
9.01
9.87
14.84
12.20
7.48
5.06
5.24
8.35
5.20
2.92
2.91
2.10
2.96
2.87
2.24
2.79
6.27
6.90
2.31
5.34
7.04
4.55
1.51
2.23
6.28
4.13
4.38
7.49
3.73
4.02
5.09
4.10
4.60
3.37
2.63
3.25
2.78
5.51
2.05
5.91
3.83
4.79
4.83
5.23
6.82
5.53
3.75
3.97
3.29
9.95
3.70
5.21
7.27
7.06
17.65
6.93
13.83
6.93
6.02
6.59
3.06
14.55
2.01
13.29
7.05
7.19
11.33
4.07
3.94
12.19
13.71
16.16
5.93
12.60
7.55
5.18
2.35
14.94
3.83
12.03
3.39
10.96
1.88
19.86
5.10
5.03
9.20
4.50
3.30
10.83
8.30
8.92
13.89
8.44
5.22
17.39
17.15
3.42
5.24
12.96
12.94
5.17
8.83
8.26
12.53
11.22
0.41
7.02
8.57
11.04
4.94
17.39
15.61
6.34
14.24
6.72
4.77
14.21
15.83
10.33
3.89
4.79
7.44
10.52
1.71
12.19
10.78
3.08
4.99
3.05
8.64
6.21
4.05
3.64
11.36
3.91
13.80
11.48
1.99
10.29
6.57
8.48
2.76
2.55
8.67
15.79
14.74
3.56
7.24
5.51
6.16
2.08
7.37
10.62
11.58
4.76
12.40
9.56
14.05
8.35
5.74
4.58
7.63
2.50
2.58
14.58
5.13
4.43
5.54
15.69
14.62
5.09
3.66
1.79
4.82
3.91
5.84
10.34
5.32
8.78
4.47
4.54
6.03
11.30
5.76
3.20
1.47
14.14
7.10
2.30
9.47
3.26
12.25
1.55
8.64
11.93
9.47
14.89
12.87
8.95
9.68
15.76
2.15
9.10
8.03
0.64
12.94
4.98
5.37
5.44
2.59
3.74
12.54
5.79
4.96
12.34
10.89
9.84
15.45
3.80
6.42
5.05
3.23
13.38
19.00
14.44
3.85
8.65
11.90
11.65
3.06
8.59
11.49
10.05
12.94
3.23
6.74
15.35
13.59
5.99
12.68
10.96
8.81
2.49
8.64
5.01
4.10
3.46
3.10
16.76
9.23
6.22
5.20
2.21
8.73
13.55
8.92
9.73
14.42
11.34
7.93
8.76
7.42
9.38
18.39
8.57
8.76
9.95
13.98
8.28
10.58
4.94
1.98
7.42
13.86
7.44
3.91
6.88
15.40
0.24
8.03
17.05
12.38
1.41
14.65
3.12
2.03
6.78
5.66
11.17
15.71
4.78
9.28
5.49
9.66
10.65
3.50
9.95
14.45
5.12
8.83
6.53
9.65
4.51
2.19
6.17
9.63
6.71
9.41
15.11
4.96
5.64
7.22
8.10
17.97
11.60
8.17
4.48
3.52
8.32
1.05
14.60
15.96
7.96
14.27
10.90
10.71
6.16
9.69
8.45
9.98
9.83
2.49
10.71
4.02
7.79
7.88
15.02
8.85
12.22
11.16
4.89
12.78
4.57
6.64
6.50
8.09
10.30
1.91
11.73
1.52
7.68
14.58
8.92
14.82
10.70
4.17
12.63
2.75
4.75
6.77
5.08
2.59
2.71
7.22
7.95
9.42
13.32
10.54
4.92
5.56
12.95
9.53
8.41
9.87
3.92
7.80
7.38
12.08
7.41
1.80
14.64
12.35
11.54
8.12
12.21
10.01
17.42
10.77
10.97
14.95
6.43
14.67
1.33
2.88
13.90
3.37
10.31
16.97
6.94
14.85
7.00
7.72
9.57
4.80
3.45
12.34
7.55
6.07
4.76
4.78
14.04
6.62
2.98
5.06
15.55
6.88
18.26
13.76
15.19
14.39
15.40
7.82
7.72
5.71
12.74
7.67
5.94
4.55
16.89
3.87
8.82
6.56
9.98
7.59
3.32
12.88
1.57
9.80
11.02
14.53
5.70
15.50
9.37
11.11
15.78
2.46
4.05
6.38
10.75
4.93
7.34
7.23
6.14
3.09
4.96
8.04
15.18
5.98
8.02
17.42
4.80
7.70
8.18
12.53
9.88
17.01
9.24
14.45
4.36
5.04
12.03
14.00
12.94
3.54
6.11
4.94
8.31
13.76
16.62
0.25
3.10
4.98
6.61
11.13
5.84
12.36
9.42
2.25
3.32
5.52
10.26
7.07
18.53
3.98
8.06
12.80
10.16
10.26
9.28
13.94
4.18
12.52
12.83
7.98
12.60
10.51
5.86
10.43
7.01
6.73
5.88
8.29
5.45
8.10
14.86
4.38
15.35
2.81
6.59
3.87
9.44
13.39
11.80
4.62
10.79
5.09
10.77
12.37
9.64
4.72
2.82
3.99
5.89
9.08
6.89
4.26
7.95
4.44
2.90
12.14
7.86
9.47
13.36
12.90
0.36
2.24
8.47
7.01
12.01
8.91
10.99
9.91
5.71
5.91
15.09
4.03
7.85
12.15
4.96
3.20
5.20
6.14
6.83
11.74
13.10
5.60
5.35
2.49
7.36
5.69
5.77
10.46
9.64
4.60
5.51
9.08
8.52
15.14
3.06
10.26
7.80
8.48
18.38
7.59
1.03
10.80
1.04
1.35
10.99
6.52
3.59
2.19
9.37
10.89
13.54
3.63
16.01
4.96
3.74
3.34
8.07
9.58
7.61
12.06
8.80
11.90
2.82
8.79
2.64
9.21
12.45
4.01
4.15
6.63
9.00
14.07
6.03
11.57
5.42
14.81
9.37
6.13
15.82
10.53
9.27
8.26
6.71
5.07
