9.41
9.76
7.70
12.10
6.56
7.62
6.57
8.12
5.77
5.99
15.14
2.85
13.20
8.07
9.11
6.80
4.70
12.93
7.42
7.75
7.24
8.19
6.32
5.16
13.59
9.85
12.78
9.17
12.06
12.58
1.51
6.36
9.66
10.67
13.64
8.18
19.41
8.56
11.60
7.82
6.55
4.78
8.97
8.52
6.80
5.50
9.73
7.95
4.84
6.84
7.99
6.74
7.51
6.11
7.47
6.44
6.90
5.50
10.36
9.71
5.69
5.61
10.27
8.61
12.44
10.57
14.08
4.98
9.75
8.69
9.83
7.86
8.82
7.17
15.85
10.56
12.75
5.75
5.98
6.81
19.52
2.53
5.77
6.04
5.75
7.75
10.35
5.36
6.04
12.30
1.55
6.23
10.75
4.57
5.42
8.09
10.96
2.42
12.92
4.44
9.53
9.06
7.05
8.71
8.18
9.07
12.29
4.18
6.49
9.25
3.78
9.50
3.09
5.39
7.43
12.78
9.35
10.93
5.62
5.37
6.31
3.90
4.14
5.49
8.94
9.12
4.10
9.78
7.28
12.11
8.90
8.85
6.88
14.91
2.29
12.77
11.84
11.94
3.90
9.16
8.12
7.36
5.84
6.29
8.46
9.81
19.86
6.76
15.13
8.55
12.37
15.12
8.94
15.73
14.34
11.02
12.33
9.80
8.99
6.72
7.83
8.85
3.59
9.15
13.08
9.38
12.60
10.08
3.73
17.04
12.47
9.76
10.42
10.13
9.25
8.76
9.05
4.81
15.69
7.18
5.73
8.87
12.35
15.30
2.70
12.89
7.10
8.71
12.47
9.83
12.31
9.26
8.88
9.45
7.12
5.08
8.31
7.69
8.83
5.29
8.08
9.43
13.27
7.16
4.74
15.79
14.68
1.86
9.56
13.73
9.06
9.15
8.28
15.16
4.95
12.84
11.13
12.36
7.33
8.25
7.57
14.95
4.89
12.83
2.89
12.38
5.95
12.02
12.04
7.20
8.63
5.47
6.30
15.98
4.64
7.93
2.27
8.32
6.94
10.12
10.01
10.98
9.02
17.62
6.96
15.20
9.94
8.32
5.99
6.46
8.29
9.47
13.26
7.54
7.65
12.11
14.30
10.60
6.09
12.98
11.08
9.95
14.74
12.82
7.10
12.82
6.99
7.23
4.02
10.02
6.61
11.76
7.71
10.35
8.02
9.87
6.79
5.70
18.56
13.21
3.55
8.02
10.74
6.30
6.48
10.56
8.01
5.86
10.59
8.85
13.50
6.79
6.80
5.29
13.74
10.85
2.31
14.60
6.71
12.20
12.03
13.81
5.38
6.74
10.63
5.18
4.13
8.36
7.91
10.70
12.80
10.60
14.24
13.24
8.91
3.45
6.47
4.58
15.71
13.55
8.33
5.59
17.27
8.14
8.91
6.93
8.08
9.49
7.50
12.65
12.40
9.80
9.92
6.09
11.59
5.63
11.49
9.16
3.08
8.50
9.30
7.24
10.08
7.98
3.67
4.54
11.55
13.39
5.46
12.40
6.26
10.08
1.81
5.04
9.30
3.95
10.16
7.97
2.54
9.81
1.78
7.90
9.67
12.62
8.39
9.79
4.84
12.76
3.15
6.83
9.40
3.46
10.28
14.49
12.12
6.49
13.99
11.88
10.02
11.49
9.61
11.83
8.01
5.63
10.44
13.56
6.19
10.40
13.96
9.30
4.79
8.85
11.72
8.11
9.41
12.90
8.21
5.64
13.62
4.37
10.36
8.78
14.34
7.81
9.94
9.11
16.28
11.28
12.73
16.42
5.48
10.63
12.97
12.15
7.41
9.97
14.34
6.69
12.95
8.35
5.78
9.51
2.89
8.10
11.66
10.48
17.75
5.96
0.33
6.18
13.66
12.39
6.32
12.04
6.38
7.82
10.48
6.45
9.47
7.83
9.37
10.02
15.66
11.42
10.76
8.34
6.43
16.85
9.67
2.47
8.72
6.39
8.35
8.09
5.50
5.49
13.06
13.43
10.94
10.25
2.89
10.14
12.77
9.54
7.38
7.72
5.44
5.82
10.79
9.65
8.25
10.46
8.62
6.93
12.91
11.86
9.19
6.91
7.59
8.00
5.76
4.22
8.96
9.67
4.88
10.69
6.03
11.67
13.09
7.58
7.74
9.45
7.65
8.63
7.93
8.52
8.34
13.70
12.36
8.26
5.83
6.71
8.66
10.41
8.14
5.98
12.49
4.08
7.48
7.06
6.96
1.48
12.67
9.34
7.00
11.29
9.40
5.46
10.81
13.22
9.59
3.40
10.33
4.91
12.88
5.04
3.12
3.11
12.61
7.85
6.56
5.31
4.59
12.06
9.46
8.51
5.13
11.57
15.89
12.38
12.73
9.55
9.50
9.55
11.32
10.45
6.06
9.51
5.59
6.31
5.40
7.43
15.23
6.57
9.16
1.86
6.12
6.01
9.79
12.36
9.10
10.87
4.62
4.63
10.62
4.15
5.00
9.79
6.68
13.06
8.54
12.34
6.50
13.75
7.48
5.34
2.09
7.59
8.37
8.22
10.09
10.99
10.67
4.09
8.44
9.75
15.98
7.54
6.37
12.20
13.26
6.91
8.58
12.97
11.38
8.48
15.82
12.69
15.80
12.90
10.20
4.59
11.28
10.14
7.61
1.85
5.33
6.30
6.63
10.38
11.42
3.77
4.92
13.30
9.59
4.44
3.36
10.82
9.18
12.52
9.56
12.75
10.74
11.83
8.03
8.25
6.06
11.21
9.55
11.80
3.24
12.96
9.15
4.24
11.70
9.30
6.00
3.22
15.87
14.63
2.78
12.73
4.33
14.84
4.10
3.69
3.67
6.09
5.25
6.56
9.60
8.33
8.93
15.68
17.23
10.38
6.11
9.50
14.07
19.79
12.23
5.64
6.26
14.04
10.28
10.49
8.58
10.58
8.91
15.96
6.40
2.70
8.54
10.46
6.24
5.85
5.06
13.26
10.56
8.98
12.09
7.80
11.98
12.50
7.85
7.30
11.86
13.64
11.64
12.42
10.32
9.50
4.03
7.06
12.17
6.74
7.70
6.08
5.54
4.09
12.05
5.50
5.58
5.13
0.78
7.93
6.07
6.22
10.63
5.09
8.57
5.53
6.93
3.08
3.55
6.29
9.43
4.89
10.22
2.24
12.85
5.57
8.06
2.59
13.20
10.73
12.94
7.36
12.39
7.48
10.53
4.33
9.38
9.42
9.97
6.76
5.86
8.67
9.76
13.42
4.15
12.90
8.81
7.63
9.19
6.63
7.35
12.07
6.76
5.25
14.16
8.21
7.78
8.09
7.62
10.06
10.78
5.70
4.63
6.30
8.01
2.55
9.63
9.99
8.66
6.09
5.67
8.95
12.91
10.58
10.02
15.61
7.64
4.25
9.97
9.71
9.36
9.15
14.87
12.42
5.94
8.22
2.11
10.88
8.93
7.22
6.12
7.63
9.94
17.74
3.08
9.23
11.35
15.58
12.25
9.58
3.26
7.10
7.96
4.95
12.50
5.22
12.94
8.67
12.17
10.59
8.35
12.58
10.42
3.02
2.02
3.26
8.60
6.62
6.72
3.14
10.38
3.95
10.88
14.33
11.66
9.90
9.78
8.92
7.58
4.69
10.50
13.24
5.96
10.32
14.61
8.38
8.59
14.30
6.20
1.99
7.29
4.61
1.33
3.26
1.92
5.01
4.98
5.30
1.99
3.26
6.91
6.30
0.68
2.85
3.86
2.10
2.28
2.06
6.48
3.30
1.77
5.51
2.89
2.42
2.97
2.33
8.63
3.12
4.87
2.97
3.65
3.11
5.81
5.23
3.30
3.35
3.58
3.66
4.89
2.17
3.30
8.21
12.86
4.92
8.67
12.16
4.25
2.41
10.65
9.11
5.57
6.20
10.13
1.46
14.10
9.70
14.07
11.62
11.66
4.55
13.50
10.01
14.19
6.13
2.97
8.54
0.03
17.94
2.55
5.38
12.11
3.80
18.20
10.14
12.94
5.33
6.05
12.89
15.53
14.68
8.61
15.01
3.71
8.80
4.39
11.64
11.19
4.95
4.86
17.84
6.99
12.51
13.00
1.37
10.50
12.65
14.97
15.62
3.29
4.72
5.83
5.68
4.33
0.52
19.80
14.34
9.87
12.30
11.60
9.73
7.73
12.91
7.32
12.23
3.70
4.00
4.87
13.77
9.82
3.93
14.36
5.14
9.10
0.34
5.77
7.08
4.15
6.28
9.29
12.39
15.73
3.49
3.86
12.60
2.22
12.10
5.75
4.06
5.31
3.60
6.14
7.66
14.58
14.24
14.24
14.05
17.69
8.68
14.41
9.26
3.23
3.92
7.70
5.62
9.75
1.02
1.23
1.56
9.14
9.77
7.02
7.77
9.22
10.87
12.15
2.67
4.23
2.86
10.61
10.34
4.99
2.86
7.60
11.99
1.89
7.06
12.23
6.75
15.68
4.62
3.39
7.64
1.97
5.17
9.66
12.65
11.11
15.77
0.29
11.40
4.45
17.93
3.25
3.83
7.04
0.29
10.50
12.04
3.04
14.63
12.56
4.88
15.03
14.21
1.24
3.17
6.39
5.06
9.99
12.01
4.29
4.83
7.86
10.44
2.25
3.71
17.25
12.26
16.58
15.90
2.49
2.67
13.61
10.78
3.54
3.58
13.42
5.44
1.51
5.12
4.56
15.63
8.13
8.73
17.15
10.66
3.93
5.82
10.13
10.68
4.55
3.16
11.43
4.12
9.52
12.67
12.21
10.42
4.56
10.58
4.81
7.94
9.28
6.94
12.52
6.70
2.30
4.54
13.01
2.57
3.76
7.93
6.23
9.69
5.80
4.96
0.48
12.10
6.71
12.98
12.41
10.02
5.72
5.26
7.83
8.64
14.31
8.96
12.76
6.12
15.96
14.68
15.18
3.10
12.36
9.63
10.49
10.13
8.19
9.94
6.27
12.96
7.08
6.88
14.71
10.03
12.06
14.99
15.16
4.58
4.59
2.08
12.76
7.42
3.64
6.90
15.63
3.62
11.61
10.26
11.95
4.86
5.29
3.83
3.49
8.78
5.34
7.83
7.72
3.94
7.05
13.74
5.55
2.41
12.91
10.68
12.01
13.36
9.32
3.81
16.82
10.18
4.37
9.39
8.77
16.59
5.84
14.47
7.72
5.91
5.39
2.46
12.74
2.41
4.63
4.30
1.07
8.04
12.73
12.33
3.78
12.85
4.25
10.95
9.01
5.29
8.89
7.14
1.27
2.05
12.80
2.15
5.84
14.05
7.09
3.02
5.84
6.00
16.24
6.14
7.96
2.91
0.59
3.92
7.54
13.44
10.08
9.27
3.41
7.63
12.83
19.38
7.02
8.71
10.08
13.02
9.20
1.25
5.97
7.20
15.99
5.48
5.69
4.43
5.29
8.38
3.94
5.79
6.25
15.20
8.43
7.61
2.26
9.89
5.36
10.49
8.73
8.27
4.59
6.83
9.00
9.26
5.34
7.14
2.69
9.96
7.32
8.70
11.59
12.29
5.37
10.64
9.57
6.19
3.47
4.62
4.89
13.01
4.82
12.22
12.35
8.47
9.88
10.04
3.09
5.07
4.10
12.39
5.28
2.02
1.99
17.81
10.98
14.58
8.85
6.34
18.20
9.93
6.98
8.46
9.27
5.24
6.52
10.07
13.00
6.54
10.61
0.66
5.97
2.12
9.24
3.33
0.68
7.80
2.47
12.76
6.51
3.95
9.59
1.51
10.66
4.96
5.23
9.98
5.25
3.53
6.46
2.29
12.97
13.90
14.25
16.91
5.28
14.89
6.66
3.88
13.63
3.39
8.54
6.39
5.90
10.75
8.63
10.22
9.86
13.19
3.13
7.20
18.28
3.35
5.84
8.49
2.19
8.13
12.42
3.60
7.01
5.82
4.63
9.47
14.22
5.22
4.05
7.81
17.75
15.79
5.19
12.48
5.74
11.21
3.97
5.56
10.06
1.09
3.29
2.50
3.17
2.24
9.19
2.85
5.02
8.28
5.34
8.97
2.22
8.82
11.98
4.89
5.77
10.98
3.72
8.06
1.60
9.57
8.60
5.49
4.77
5.11
2.05
10.58
15.52
7.96
9.13
10.98
1.94
5.89
3.34
2.01
8.09
5.21
18.42
10.72
6.54
3.84
5.07
8.00
10.48
5.13
12.23
8.53
2.11
13.29
6.74
18.20
7.59
3.49
15.89
10.57
15.30
3.08
2.44
3.10
6.91
12.03
4.77
15.42
5.86
11.76
2.20
5.16
6.64
3.18
13.76
13.50
10.66
9.14
11.67
6.62
4.46
11.77
8.13
9.25
18.47
4.98
17.41
3.02
1.35
9.03
5.84
3.59
1.75
3.22
7.32
7.79
14.51
6.13
8.98
5.78
10.97
14.19
