10.77
5.84
6.42
6.42
4.61
9.26
10.49
13.20
3.81
7.57
6.84
6.96
5.61
10.58
9.48
5.63
9.78
12.54
10.70
12.40
14.48
10.32
15.69
6.92
12.93
9.16
6.63
17.26
9.38
4.64
10.06
7.67
7.58
4.16
5.39
6.92
7.19
14.65
14.07
7.12
7.45
8.77
5.06
6.73
11.53
9.11
8.17
4.08
12.85
9.51
7.69
7.02
3.84
8.47
9.91
6.91
8.40
8.85
6.12
7.70
13.73
7.46
3.70
3.75
12.67
7.16
8.09
9.59
12.54
14.60
6.03
12.01
8.52
8.28
1.52
12.77
10.66
10.03
5.48
9.85
3.54
10.37
6.10
6.76
11.08
7.75
12.76
6.27
14.43
5.06
3.12
12.33
8.45
10.71
7.11
5.38
5.51
5.25
5.99
15.92
10.12
3.96
14.97
2.20
12.78
12.91
10.96
9.84
2.92
12.04
9.66
4.47
12.66
12.72
8.10
3.79
8.80
11.64
12.04
8.46
13.78
7.77
9.88
9.92
1.80
6.71
13.39
6.79
4.05
6.58
13.16
4.52
12.83
6.29
9.96
12.64
9.34
8.26
17.62
8.48
10.53
5.14
10.50
10.32
5.11
11.82
8.48
3.74
10.03
9.01
8.21
7.25
6.16
10.59
1.08
13.87
10.78
11.11
7.48
6.70
8.04
6.76
13.25
6.60
6.25
11.85
3.54
7.72
14.10
5.60
9.61
14.35
6.58
13.82
5.62
3.45
4.82
4.10
8.22
10.18
7.41
8.54
5.92
8.76
9.93
8.46
4.12
15.94
7.51
6.11
2.53
12.20
8.53
13.96
12.48
7.72
10.33
9.07
9.41
8.65
12.48
11.90
11.72
14.93
8.64
9.19
13.50
7.35
3.87
7.97
12.98
8.75
9.29
5.19
7.86
4.21
10.53
8.22
7.26
9.84
6.81
11.57
9.84
3.61
12.37
5.62
8.89
9.73
6.61
10.81
9.48
11.16
9.36
7.34
12.35
9.16
12.54
9.42
7.32
7.06
8.65
9.74
7.12
4.56
8.65
6.66
9.03
10.62
9.77
7.60
5.80
7.50
10.18
11.53
6.52
9.64
17.51
7.22
10.64
4.70
8.17
4.08
4.30
9.67
4.17
12.56
11.39
1.76
9.97
7.53
10.54
7.35
12.98
9.54
7.46
4.64
2.25
10.46
10.88
5.19
4.65
8.89
10.27
10.97
8.86
9.88
8.28
5.83
13.38
10.62
9.64
10.38
9.88
9.06
10.39
9.28
5.41
8.10
12.08
2.77
7.27
6.22
7.72
9.83
3.95
4.90
12.80
10.51
1.47
4.05
6.64
9.87
6.30
12.69
8.66
9.93
8.39
5.90
5.56
8.75
15.43
6.54
4.95
9.82
9.18
7.77
8.87
10.87
11.22
10.30
4.77
15.23
6.27
7.65
12.49
6.81
9.53
9.93
8.17
15.81
9.23
9.65
5.61
5.25
9.65
8.99
14.29
8.82
9.30
2.69
6.64
8.79
15.26
11.99
8.66
12.06
7.62
4.88
12.86
6.64
11.19
12.64
9.92
9.20
7.93
6.10
10.95
5.90
9.11
9.76
12.97
5.00
9.55
12.18
4.84
13.81
12.65
7.70
7.17
6.09
3.55
15.60
9.57
8.39
10.05
9.27
14.25
7.30
0.31
6.81
8.56
6.95
12.77
6.11
8.52
5.54
3.19
5.26
8.84
5.85
7.03
9.39
4.88
13.71
9.35
11.86
6.44
12.70
11.55
9.67
6.51
3.17
6.05
6.10
4.02
6.51
5.54
13.77
8.03
12.58
8.05
15.26
7.10
5.22
11.70
12.85
11.04
8.50
3.19
2.12
11.19
9.82
3.32
8.69
6.83
14.79
4.38
11.44
10.39
4.14
12.98
8.29
6.89
10.03
8.89
13.23
5.99
10.94
10.43
3.28
11.85
9.63
11.40
6.75
10.50
8.16
11.38
12.55
3.01
13.27
6.97
12.00
6.97
7.76
3.71
8.84
7.61
8.22
1.87
9.07
8.53
9.25
4.76
12.94
7.12
8.33
14.06
9.54
9.04
8.55
3.57
6.43
5.98
13.36
12.78
7.23
15.44
8.89
13.76
8.68
5.55
16.78
4.17
8.36
6.96
6.95
8.72
14.77
10.69
12.37
7.76
7.76
12.60
4.56
13.75
12.79
8.63
5.44
8.44
9.31
10.06
7.02
7.67
9.73
12.78
12.03
4.25
10.88
9.34
12.63
16.82
8.27
13.44
2.58
12.95
8.19
5.87
6.57
6.51
6.28
10.32
10.81
10.96
8.22
12.20
9.74
13.11
13.16
5.71
7.08
10.36
19.67
9.32
12.36
15.47
9.42
9.21
6.41
15.76
3.51
12.59
8.14
4.32
3.19
9.94
11.37
8.60
9.45
9.07
18.18
8.29
9.10
6.37
5.10
8.81
11.92
8.32
12.25
6.08
4.91
4.53
10.25
14.99
8.89
5.14
15.38
3.16
4.91
7.80
5.67
4.95
8.39
12.45
6.06
8.11
7.15
10.81
16.94
8.59
7.66
11.28
13.63
15.22
7.33
6.67
14.71
13.38
6.18
8.90
15.46
9.77
6.01
5.24
9.31
12.35
9.48
8.18
10.92
6.51
9.50
7.02
6.24
9.75
13.19
15.62
3.71
6.71
1.46
8.46
8.01
5.44
10.76
8.79
4.36
9.19
11.56
12.11
12.79
8.49
12.82
8.65
10.60
10.57
5.84
5.13
8.10
3.58
12.66
6.81
10.92
9.79
6.19
12.19
9.57
8.17
5.45
8.22
3.19
7.34
12.08
12.39
5.18
8.25
13.66
8.41
3.30
9.93
9.56
5.08
10.31
13.68
15.15
5.83
6.47
0.94
10.02
8.29
10.03
12.47
3.29
6.61
7.39
7.61
10.65
8.52
11.81
9.64
9.07
8.62
12.93
4.39
10.54
11.00
6.50
5.26
12.89
10.98
8.54
6.59
12.02
13.54
6.34
9.05
6.76
4.85
5.12
6.32
15.49
7.02
10.41
8.83
9.01
6.40
4.63
13.45
6.84
3.25
16.99
4.15
6.96
9.94
10.73
6.58
4.77
12.61
6.70
8.07
9.28
18.57
13.67
8.86
5.35
4.13
4.19
14.59
6.04
7.41
4.99
6.81
7.02
8.83
12.27
8.38
11.94
13.99
10.99
5.81
6.81
3.74
3.94
12.93
5.06
6.22
9.66
1.82
12.64
7.60
8.58
3.16
6.27
12.13
9.78
8.27
10.92
9.92
7.04
9.66
2.04
17.84
3.46
10.89
10.22
7.97
4.63
5.14
12.08
10.28
10.50
12.11
12.98
6.62
5.04
8.41
11.64
2.05
6.99
12.58
8.69
8.30
14.31
9.82
9.92
5.73
8.35
10.24
11.24
11.31
19.90
6.02
14.25
11.13
1.24
11.59
14.66
7.95
13.69
11.59
14.86
7.26
7.05
7.20
10.59
2.23
4.64
1.93
7.23
15.32
9.37
13.77
15.46
9.60
12.92
10.58
12.05
9.92
5.04
15.37
8.98
7.69
7.52
4.92
12.46
12.31
3.64
12.57
4.13
7.93
8.53
5.52
12.23
11.68
6.23
7.61
13.75
9.54
7.33
5.72
3.10
1.43
6.61
2.10
3.95
4.59
4.30
5.20
5.97
1.71
8.09
5.90
7.79
5.38
7.89
4.10
5.69
5.86
8.22
5.55
3.01
6.65
4.18
9.96
4.60
3.01
4.13
5.38
1.90
4.18
1.10
2.00
3.74
4.68
3.51
3.03
2.53
4.21
11.03
8.75
7.56
12.99
1.39
5.13
16.17
3.75
5.62
9.15
10.14
4.62
9.94
3.75
10.83
11.45
10.68
8.52
6.51
14.16
1.37
8.74
10.24
10.45
1.30
15.34
7.17
5.22
17.82
3.78
13.30
9.40
11.46
13.63
2.21
8.31
2.96
1.98
5.31
10.14
17.86
15.18
3.17
5.90
8.32
14.05
10.62
12.10
3.07
8.70
4.01
1.92
8.05
8.17
5.30
11.86
10.90
9.04
12.86
2.57
5.81
9.32
12.06
6.13
12.96
13.12
13.93
7.90
8.69
14.61
8.67
12.82
8.76
17.57
14.27
8.68
5.16
5.10
6.21
15.17
13.54
9.04
6.35
8.47
16.59
9.15
4.65
9.12
16.48
7.04
10.79
13.85
1.48
10.97
1.19
1.59
8.52
12.84
8.46
8.48
9.25
10.31
7.57
12.26
12.81
6.74
7.98
5.25
1.14
9.71
12.75
7.64
16.22
3.23
10.64
7.47
11.25
13.29
4.06
8.23
8.49
13.67
1.39
12.60
13.16
5.28
2.92
17.23
14.29
12.17
6.32
2.88
12.00
13.84
6.26
1.92
1.59
6.73
4.62
7.48
5.45
14.26
4.21
4.17
6.11
8.35
6.95
13.13
7.06
16.38
14.34
8.73
12.08
8.84
8.31
10.13
6.16
3.94
5.13
10.19
5.12
4.77
7.23
10.19
6.36
6.12
9.13
14.68
7.55
2.13
6.47
5.77
14.59
15.13
10.08
3.20
16.68
8.34
10.20
14.92
12.11
2.78
14.95
13.94
12.71
9.74
6.67
15.37
6.26
10.85
7.91
12.59
9.45
7.36
6.83
15.76
18.64
9.70
1.74
12.18
3.65
3.50
3.02
3.92
14.76
3.36
10.04
3.31
1.90
12.97
3.49
14.73
7.91
8.08
2.28
9.19
4.12
13.96
3.68
13.78
5.16
13.70
10.80
7.59
10.86
9.86
4.12
5.50
7.85
3.57
17.82
6.10
5.17
4.58
14.52
8.33
6.78
14.19
8.93
3.82
3.03
3.41
17.79
3.05
18.98
12.20
14.73
7.44
6.18
10.56
15.96
8.44
12.49
4.27
11.38
11.17
12.56
8.37
11.87
6.00
8.85
16.49
12.89
6.73
4.96
14.88
13.63
12.58
15.60
7.95
4.80
3.27
17.03
7.36
16.01
7.84
13.28
14.68
8.71
4.10
8.09
17.30
1.74
17.32
12.10
7.47
9.50
6.28
5.67
8.92
12.40
16.41
4.91
9.52
9.16
9.73
7.15
11.05
12.60
13.59
8.54
11.25
10.91
17.33
6.31
12.89
8.38
12.40
14.67
12.93
8.27
8.56
14.20
2.41
12.76
2.07
7.56
8.02
10.47
1.62
10.95
9.85
12.89
8.97
3.88
17.53
3.61
17.89
3.73
7.82
5.92
4.00
9.29
1.82
10.73
10.05
3.34
12.94
16.53
8.32
11.68
15.15
11.22
12.88
4.50
9.96
13.93
3.24
5.04
14.28
5.03
15.26
3.88
7.11
12.19
12.95
16.96
11.15
12.86
4.95
12.48
14.68
13.58
7.96
3.67
10.76
6.71
6.52
9.52
7.30
7.73
15.69
5.08
1.40
16.96
0.90
3.53
8.15
9.10
5.98
8.14
3.27
12.01
12.50
15.25
6.14
8.64
4.02
12.46
5.25
10.27
6.94
9.13
8.69
2.89
4.07
3.35
14.10
5.88
12.17
11.79
17.25
3.11
11.62
4.29
8.73
2.22
5.63
4.49
4.83
2.70
4.73
6.39
2.87
9.99
17.86
8.42
6.00
4.95
1.57
11.87
6.77
17.49
9.47
2.79
11.46
5.64
7.11
10.02
10.42
5.22
13.96
3.42
5.15
5.97
12.47
6.69
4.41
15.90
11.04
4.28
14.82
7.86
5.31
12.49
6.05
18.18
4.10
2.08
5.07
8.42
15.33
4.31
9.99
9.44
10.06
7.02
7.67
14.21
17.46
5.25
14.61
4.48
6.74
6.81
2.36
9.54
18.14
4.52
12.00
9.13
6.50
5.86
3.45
7.67
7.99
4.78
4.59
14.78
12.49
13.11
10.73
13.04
3.60
4.64
14.03
3.88
5.46
2.57
4.99
14.93
0.38
5.24
8.64
1.98
8.44
13.23
9.13
7.76
6.64
9.15
3.59
10.13
16.07
7.01
2.08
6.98
9.24
14.29
19.32
5.06
12.22
11.06
15.70
16.66
12.76
6.82
9.41
9.30
7.05
13.54
5.83
16.02
6.14
6.19
6.43
10.92
5.70
5.24
8.75
11.43
8.08
10.10
8.17
2.37
5.24
4.39
13.00
2.63
2.93
8.05
15.29
7.83
10.52
2.08
9.60
5.06
14.75
14.82
6.06
13.45
12.80
10.94
9.24
4.36
3.56
2.55
9.32
16.57
8.19
12.29
11.90
7.60
1.77
12.39
6.16
15.91
9.82
5.36
12.16
10.31
12.14
13.77
7.85
10.77
6.46
14.99
5.41
3.89
10.47
5.88
