0.005000 1.344757 -1.653077
0.015000 1.820894 -1.172640
0.025000 2.041753 -0.947523
0.035000 2.186885 -0.798174
0.045000 2.295028 -0.685856
0.055000 2.381170 -0.595577
0.065000 2.452707 -0.519943
0.075000 2.513836 -0.454756
0.085000 2.567168 -0.397402
0.095000 2.614442 -0.346143
0.105000 2.656872 -0.299765
0.115000 2.695340 -0.257385
0.125000 2.730506 -0.218342
0.135000 2.762878 -0.182126
0.145000 2.792857 -0.148338
0.155000 2.820760 -0.116658
0.165000 2.846846 -0.086828
0.175000 2.871330 -0.058632
0.185000 2.894390 -0.031892
0.195000 2.916174 -0.006458
0.205000 2.936810 0.017797
0.215000 2.956408 0.040984
0.225000 2.975061 0.063197
0.235000 2.992851 0.084518
0.245000 3.009851 0.105020
0.255000 3.026123 0.124767
0.265000 3.041723 0.143813
0.275000 3.056701 0.162211
0.285000 3.071100 0.180003
0.295000 3.084962 0.197232
0.305000 3.098321 0.213931
0.315000 3.111210 0.230136
0.325000 3.123658 0.245874
0.335000 3.135692 0.261173
0.345000 3.147336 0.276059
0.355000 3.158613 0.290552
0.365000 3.169542 0.304675
0.375000 3.180143 0.318446
0.385000 3.190433 0.331882
0.395000 3.200427 0.345001
0.405000 3.210141 0.357817
0.415000 3.219588 0.370344
0.425000 3.228781 0.382595
0.435000 3.237731 0.394583
0.445000 3.246450 0.406318
0.455000 3.254948 0.417811
0.465000 3.263235 0.429073
0.475000 3.271319 0.440111
0.485000 3.279210 0.450936
0.495000 3.286914 0.461556
0.505000 3.294440 0.471977
0.515000 3.301795 0.482207
0.525000 3.308985 0.492254
0.535000 3.316016 0.502124
0.545000 3.322894 0.511822
0.555000 3.329625 0.521356
0.565000 3.336215 0.530729
0.575000 3.342668 0.539948
0.585000 3.348988 0.549018
0.595000 3.355182 0.557942
0.605000 3.361252 0.566727
0.615000 3.367203 0.575375
0.625000 3.373039 0.583892
0.635000 3.378763 0.592281
0.645000 3.384379 0.600545
0.655000 3.389891 0.608689
0.665000 3.395302 0.616716
0.675000 3.400614 0.624629
0.685000 3.405831 0.632431
0.695000 3.410955 0.640125
0.705000 3.415990 0.647714
0.715000 3.420937 0.655201
0.725000 3.425800 0.662589
0.735000 3.430580 0.669880
0.745000 3.435281 0.677076
0.755000 3.439903 0.684180
0.765000 3.444450 0.691194
0.775000 3.448922 0.698121
0.785000 3.453324 0.704962
0.795000 3.457655 0.711719
0.805000 3.461918 0.718395
0.815000 3.466115 0.724991
0.825000 3.470247 0.731510
0.835000 3.474316 0.737952
0.845000 3.478323 0.744320
0.855000 3.482271 0.750615
0.865000 3.486160 0.756838
0.875000 3.489991 0.762993
0.885000 3.493767 0.769079
0.895000 3.497489 0.775098
0.905000 3.501157 0.781052
0.915000 3.504773 0.786942
0.925000 3.508339 0.792770
0.935000 3.511855 0.798536
0.945000 3.515322 0.804242
0.955000 3.518742 0.809889
0.965000 3.522115 0.815478
0.975000 3.525443 0.821010
0.985000 3.528727 0.826487
0.995000 3.531967 0.831910
1.005000 3.535164 0.837279
1.015000 3.538320 0.842595
1.025000 3.541435 0.847860
1.035000 3.544510 0.853075
1.045000 3.547546 0.858240
1.055000 3.550544 0.863356
1.065000 3.553504 0.868424
1.075000 3.556427 0.873445
1.085000 3.559315 0.878421
1.095000 3.562166 0.883350
1.105000 3.564983 0.888236
1.115000 3.567766 0.893077
1.125000 3.570516 0.897875
1.135000 3.573233 0.902631
1.145000 3.575918 0.907345
1.155000 3.578572 0.912019
1.165000 3.581194 0.916652
1.175000 3.583786 0.921245
1.185000 3.586349 0.925800
1.195000 3.588882 0.930316
1.205000 3.591386 0.934795
1.215000 3.593862 0.939236
1.225000 3.596311 0.943641
1.235000 3.598732 0.948010
1.245000 3.601127 0.952343
1.255000 3.603495 0.956642
1.265000 3.605838 0.960906
1.275000 3.608155 0.965136
1.285000 3.610447 0.969333
1.295000 3.612715 0.973498
1.305000 3.614959 0.977630
1.315000 3.617179 0.981730
1.325000 3.619376 0.985799
1.335000 3.621550 0.989837
1.345000 3.623701 0.993844
1.355000 3.625830 0.997821
1.365000 3.627938 1.001769
1.375000 3.630024 1.005687
1.385000 3.632089 1.009577
1.395000 3.634133 1.013439
1.405000 3.636157 1.017272
1.415000 3.638161 1.021078
1.425000 3.640145 1.024856
1.435000 3.642109 1.028608
1.445000 3.644054 1.032333
1.455000 3.645981 1.036032
1.465000 3.647889 1.039706
1.475000 3.649778 1.043353
1.485000 3.651650 1.046976
1.495000 3.653503 1.050574
1.505000 3.655340 1.054148
1.515000 3.657159 1.057697
1.525000 3.658961 1.061222
1.535000 3.660746 1.064724
1.545000 3.662515 1.068203
1.555000 3.664268 1.071659
1.565000 3.666005 1.075092
1.575000 3.667726 1.078503
1.585000 3.669431 1.081892
1.595000 3.671121 1.085259
1.605000 3.672796 1.088604
1.615000 3.674456 1.091928
1.625000 3.676102 1.095231
1.635000 3.677733 1.098513
1.645000 3.679349 1.101775
1.655000 3.680952 1.105017
1.665000 3.682541 1.108238
1.675000 3.684116 1.111440
1.685000 3.685677 1.114622
1.695000 3.687226 1.117784
1.705000 3.688761 1.120928
1.715000 3.690283 1.124053
1.725000 3.691792 1.127159
1.735000 3.693289 1.130246
1.745000 3.694773 1.133315
1.755000 3.696245 1.136367
1.765000 3.697705 1.139400
1.775000 3.699153 1.142416
1.785000 3.700589 1.145414
1.795000 3.702013 1.148395
1.805000 3.703426 1.151359
1.815000 3.704828 1.154306
1.825000 3.706218 1.157236
1.835000 3.707597 1.160150
1.845000 3.708966 1.163048
1.855000 3.710323 1.165929
1.865000 3.711670 1.168794
1.875000 3.713006 1.171644
1.885000 3.714332 1.174478
1.895000 3.715648 1.177296
1.905000 3.716953 1.180099
1.915000 3.718248 1.182887
1.925000 3.719534 1.185660
1.935000 3.720810 1.188418
1.945000 3.722076 1.191161
1.955000 3.723332 1.193890
1.965000 3.724579 1.196604
1.975000 3.725817 1.199304
1.985000 3.727046 1.201990
1.995000 3.728265 1.204662
2.005000 3.729476 1.207320
2.015000 3.730677 1.209965
2.025000 3.731870 1.212595
2.035000 3.733054 1.215213
2.045000 3.734230 1.217817
2.055000 3.735397 1.220408
2.065000 3.736555 1.222986
2.075000 3.737706 1.225551
2.085000 3.738848 1.228103
2.095000 3.739982 1.230642
2.105000 3.741108 1.233169
2.115000 3.742226 1.235684
2.125000 3.743336 1.238186
2.135000 3.744439 1.240676
2.145000 3.745533 1.243154
2.155000 3.746621 1.245620
2.165000 3.747700 1.248074
2.175000 3.748773 1.250516
2.185000 3.749838 1.252947
2.195000 3.750895 1.255366
2.205000 3.751946 1.257774
2.215000 3.752989 1.260170
2.225000 3.754026 1.262556
2.235000 3.755055 1.264930
2.245000 3.756078 1.267293
2.255000 3.757094 1.269645
2.265000 3.758103 1.271986
2.275000 3.759105 1.274316
2.285000 3.760101 1.276636
2.295000 3.761090 1.278946
2.305000 3.762073 1.281245
2.315000 3.763050 1.283533
2.325000 3.764020 1.285811
2.335000 3.764984 1.288079
2.345000 3.765941 1.290337
2.355000 3.766893 1.292585
2.365000 3.767838 1.294823
2.375000 3.768778 1.297052
2.385000 3.769711 1.299270
2.395000 3.770639 1.301479
2.405000 3.771561 1.303678
2.415000 3.772477 1.305868
2.425000 3.773387 1.308048
2.435000 3.774292 1.310219
2.445000 3.775191 1.312380
2.455000 3.776085 1.314533
2.465000 3.776973 1.316676
2.475000 3.777856 1.318810
2.485000 3.778733 1.320936
2.495000 3.779605 1.323052
2.505000 3.780471 1.325159
2.515000 3.781333 1.327258
2.525000 3.782189 1.329348
2.535000 3.783040 1.331430
2.545000 3.783886 1.333503
2.555000 3.784727 1.335567
2.565000 3.785563 1.337623
2.575000 3.786395 1.339671
2.585000 3.787221 1.341710
2.595000 3.788042 1.343741
2.605000 3.788859 1.345764
2.615000 3.789671 1.347779
2.625000 3.790478 1.349786
2.635000 3.791280 1.351785
2.645000 3.792078 1.353776
2.655000 3.792871 1.355759
2.665000 3.793660 1.357734
2.675000 3.794444 1.359701
2.685000 3.795224 1.361661
2.695000 3.795999 1.363614
2.705000 3.796770 1.365558
2.715000 3.797537 1.367496
2.725000 3.798299 1.369425
2.735000 3.799057 1.371348
2.745000 3.799811 1.373263
2.755000 3.800561 1.375171
2.765000 3.801306 1.377071
2.775000 3.802048 1.378965
2.785000 3.802785 1.380851
2.795000 3.803518 1.382730
2.805000 3.804248 1.384602
2.815000 3.804973 1.386467
2.825000 3.805694 1.388326
2.835000 3.806412 1.390177
2.845000 3.807125 1.392022
2.855000 3.807835 1.393860
2.865000 3.808541 1.395691
2.875000 3.809243 1.397515
2.885000 3.809942 1.399333
2.895000 3.810637 1.401144
2.905000 3.811328 1.402949
2.915000 3.812015 1.404747
2.925000 3.812699 1.406539
2.935000 3.813379 1.408324
2.945000 3.814056 1.410103
2.955000 3.814729 1.411876
2.965000 3.815399 1.413642
2.975000 3.816065 1.415402
2.985000 3.816728 1.417156
2.995000 3.817387 1.418904
3.005000 3.818043 1.420646
3.015000 3.818696 1.422382
3.025000 3.819345 1.424111
3.035000 3.819991 1.425835
3.045000 3.820634 1.427553
3.055000 3.821274 1.429265
3.065000 3.821910 1.430971
3.075000 3.822543 1.432671
3.085000 3.823173 1.434365
3.095000 3.823800 1.436054
3.105000 3.824424 1.437737
3.115000 3.825044 1.439414
3.125000 3.825662 1.441086
3.135000 3.826276 1.442752
3.145000 3.826888 1.444412
3.155000 3.827496 1.446067
3.165000 3.828102 1.447717
3.175000 3.828705 1.449361
3.185000 3.829304 1.451000
3.195000 3.829901 1.452633
3.205000 3.830495 1.454261
3.215000 3.831086 1.455883
3.225000 3.831674 1.457501
3.235000 3.832259 1.459113
3.245000 3.832842 1.460720
3.255000 3.833422 1.462321
3.265000 3.833999 1.463918
3.275000 3.834573 1.465509
3.285000 3.835145 1.467096
3.295000 3.835714 1.468677
3.305000 3.836280 1.470253
3.315000 3.836844 1.471824
3.325000 3.837405 1.473391
3.335000 3.837963 1.474952
3.345000 3.838519 1.476509
3.355000 3.839072 1.478060
3.365000 3.839623 1.479607
3.375000 3.840171 1.481149
3.385000 3.840716 1.482686
3.395000 3.841260 1.484218
3.405000 3.841800 1.485746
3.415000 3.842338 1.487269
3.425000 3.842874 1.488787
3.435000 3.843407 1.490301
3.445000 3.843938 1.491810
3.455000 3.844467 1.493315
3.465000 3.844993 1.494815
3.475000 3.845517 1.496310
3.485000 3.846038 1.497801
3.495000 3.846558 1.499287
3.505000 3.847074 1.500769
3.515000 3.847589 1.502247
3.525000 3.848101 1.503720
3.535000 3.848611 1.505189
3.545000 3.849119 1.506653
3.555000 3.849625 1.508113
3.565000 3.850128 1.509569
3.575000 3.850629 1.511020
3.585000 3.851128 1.512468
3.595000 3.851625 1.513911
3.605000 3.852120 1.515350
3.615000 3.852613 1.516784
3.625000 3.853103 1.518215
3.635000 3.853591 1.519641
3.645000 3.854078 1.521063
3.655000 3.854562 1.522481
3.665000 3.855044 1.523896
3.675000 3.855524 1.525306
3.685000 3.856002 1.526712
3.695000 3.856478 1.528114
3.705000 3.856952 1.529512
3.715000 3.857424 1.530906
3.725000 3.857894 1.532296
3.735000 3.858362 1.533682
3.745000 3.858829 1.535065
3.755000 3.859293 1.536443
3.765000 3.859755 1.537818
3.775000 3.860215 1.539189
3.785000 3.860674 1.540556
3.795000 3.861131 1.541919
3.805000 3.861585 1.543279
3.815000 3.862038 1.544634
3.825000 3.862489 1.545986
3.835000 3.862938 1.547335
3.845000 3.863386 1.548679
3.855000 3.863831 1.550020
3.865000 3.864275 1.551358
3.875000 3.864717 1.552691
3.885000 3.865157 1.554022
3.895000 3.865595 1.555348
3.905000 3.866032 1.556671
3.915000 3.866467 1.557990
3.925000 3.866900 1.559306
3.935000 3.867332 1.560619
3.945000 3.867761 1.561928
3.955000 3.868189 1.563233
3.965000 3.868616 1.564535
3.975000 3.869040 1.565833
3.985000 3.869463 1.567129
3.995000 3.869885 1.568420
4.005000 3.870304 1.569708
4.015000 3.870722 1.570993
4.025000 3.871139 1.572275
4.035000 3.871554 1.573553
4.045000 3.871967 1.574828
4.055000 3.872379 1.576100
4.065000 3.872789 1.577368
4.075000 3.873197 1.578633
4.085000 3.873604 1.579895
4.095000 3.874009 1.581153
4.105000 3.874413 1.582409
4.115000 3.874815 1.583661
4.125000 3.875216 1.584910
4.135000 3.875615 1.586156
4.145000 3.876013 1.587398
4.155000 3.876409 1.588638
4.165000 3.876804 1.589874
4.175000 3.877197 1.591107
4.185000 3.877589 1.592337
4.195000 3.877979 1.593565
4.205000 3.878368 1.594789
4.215000 3.878755 1.596009
4.225000 3.879141 1.597227
4.235000 3.879526 1.598442
4.245000 3.879909 1.599654
4.255000 3.880290 1.600863
4.265000 3.880671 1.602069
4.275000 3.881049 1.603272
4.285000 3.881427 1.604472
4.295000 3.881803 1.605669
4.305000 3.882178 1.606863
4.315000 3.882551 1.608054
4.325000 3.882923 1.609243
4.335000 3.883294 1.610428
4.345000 3.883663 1.611611
4.355000 3.884031 1.612791
4.365000 3.884398 1.613968
4.375000 3.884763 1.615142
4.385000 3.885127 1.616313
4.395000 3.885490 1.617481
4.405000 3.885851 1.618647
4.415000 3.886212 1.619810
4.425000 3.886570 1.620970
4.435000 3.886928 1.622128
4.445000 3.887284 1.623282
4.455000 3.887639 1.624434
4.465000 3.887993 1.625583
4.475000 3.888346 1.626730
4.485000 3.888697 1.627874
4.495000 3.889047 1.629015
4.505000 3.889396 1.630154
4.515000 3.889744 1.631290
4.525000 3.890090 1.632423
4.535000 3.890436 1.633553
4.545000 3.890780 1.634681
4.555000 3.891123 1.635807
4.565000 3.891464 1.636930
4.575000 3.891805 1.638050
4.585000 3.892144 1.639168
4.595000 3.892483 1.640283
4.605000 3.892820 1.641395
4.615000 3.893156 1.642505
4.625000 3.893490 1.643613
4.635000 3.893824 1.644718
4.645000 3.894156 1.645820
4.655000 3.894488 1.646920
4.665000 3.894818 1.648018
4.675000 3.895147 1.649113
4.685000 3.895475 1.650206
4.695000 3.895802 1.651296
4.705000 3.896128 1.652384
4.715000 3.896453 1.653469
4.725000 3.896776 1.654552
4.735000 3.897099 1.655632
4.745000 3.897421 1.656711
4.755000 3.897741 1.657786
4.765000 3.898060 1.658860
4.775000 3.898379 1.659931
4.785000 3.898696 1.660999
4.795000 3.899012 1.662066
4.805000 3.899327 1.663130
4.815000 3.899642 1.664191
4.825000 3.899955 1.665251
4.835000 3.900267 1.666308
4.845000 3.900578 1.667363
4.855000 3.900888 1.668415
4.865000 3.901197 1.669465
4.875000 3.901505 1.670513
4.885000 3.901813 1.671559
4.895000 3.902119 1.672602
4.905000 3.902424 1.673644
4.915000 3.902728 1.674683
4.925000 3.903031 1.675719
4.935000 3.903333 1.676754
4.945000 3.903635 1.677786
4.955000 3.903935 1.678817
4.965000 3.904234 1.679845
4.975000 3.904533 1.680871
4.985000 3.904830 1.681894
4.995000 3.905127 1.682916
5.005000 3.905422 1.683935
5.015000 3.905717 1.684952
5.025000 3.906011 1.685968
5.035000 3.906303 1.686981
5.045000 3.906595 1.687992
5.055000 3.906886 1.689000
5.065000 3.907176 1.690007
5.075000 3.907465 1.691012
5.085000 3.907754 1.692014
5.095000 3.908041 1.693015
5.105000 3.908328 1.694013
5.115000 3.908613 1.695010
5.125000 3.908898 1.696004
5.135000 3.909182 1.696996
5.145000 3.909465 1.697987
5.155000 3.909747 1.698975
5.165000 3.910028 1.699961
5.175000 3.910308 1.700945
5.185000 3.910588 1.701928
5.195000 3.910867 1.702908
5.205000 3.911144 1.703886
5.215000 3.911421 1.704863
5.225000 3.911698 1.705837
5.235000 3.911973 1.706809
5.245000 3.912247 1.707780
5.255000 3.912521 1.708748
5.265000 3.912794 1.709715
5.275000 3.913066 1.710680
5.285000 3.913337 1.711642
5.295000 3.913608 1.712603
5.305000 3.913877 1.713562
5.315000 3.914146 1.714519
5.325000 3.914414 1.715475
5.335000 3.914681 1.716428
5.345000 3.914948 1.717379
5.355000 3.915213 1.718329
5.365000 3.915478 1.719277
5.375000 3.915742 1.720222
5.385000 3.916006 1.721166
5.395000 3.916268 1.722109
5.405000 3.916530 1.723049
5.415000 3.916791 1.723987
5.425000 3.917051 1.724924
5.435000 3.917311 1.725859
5.445000 3.917569 1.726792
5.455000 3.917827 1.727724
5.465000 3.918084 1.728653
5.475000 3.918341 1.729581
5.485000 3.918597 1.730507
5.495000 3.918852 1.731431
5.505000 3.919106 1.732353
5.515000 3.919360 1.733274
5.525000 3.919612 1.734193
5.535000 3.919865 1.735110
5.545000 3.920116 1.736026
5.555000 3.920367 1.736939
5.565000 3.920617 1.737851
5.575000 3.920866 1.738762
5.585000 3.921114 1.739670
5.595000 3.921362 1.740577
5.605000 3.921609 1.741482
5.615000 3.921856 1.742386
5.625000 3.922101 1.743287
5.635000 3.922347 1.744187
5.645000 3.922591 1.745086
5.655000 3.922835 1.745983
5.665000 3.923078 1.746878
5.675000 3.923320 1.747771
5.685000 3.923562 1.748663
5.695000 3.923803 1.749553
5.705000 3.924043 1.750442
5.715000 3.924283 1.751329
5.725000 3.924522 1.752214
5.735000 3.924760 1.753097
5.745000 3.924998 1.753980
5.755000 3.925235 1.754860
5.765000 3.925471 1.755739
5.775000 3.925707 1.756616
5.785000 3.925942 1.757492
5.795000 3.926176 1.758366
5.805000 3.926410 1.759238
5.815000 3.926643 1.760109
5.825000 3.926876 1.760978
5.835000 3.927108 1.761846
5.845000 3.927339 1.762712
5.855000 3.927569 1.763577
5.865000 3.927799 1.764440
5.875000 3.928029 1.765302
5.885000 3.928258 1.766162
5.895000 3.928486 1.767020
5.905000 3.928713 1.767877
5.915000 3.928940 1.768733
5.925000 3.929167 1.769586
5.935000 3.929392 1.770439
5.945000 3.929618 1.771290
5.955000 3.929842 1.772139
5.965000 3.930066 1.772987
5.975000 3.930289 1.773834
5.985000 3.930512 1.774679
5.995000 3.930734 1.775522
6.005000 3.930956 1.776364
6.015000 3.931177 1.777205
6.025000 3.931397 1.778044
6.035000 3.931617 1.778881
6.045000 3.931836 1.779717
6.055000 3.932055 1.780552
6.065000 3.932273 1.781385
6.075000 3.932491 1.782217
6.085000 3.932708 1.783048
6.095000 3.932924 1.783877
6.105000 3.933140 1.784704
6.115000 3.933355 1.785530
6.125000 3.933570 1.786355
6.135000 3.933784 1.787178
6.145000 3.933998 1.788000
6.155000 3.934211 1.788821
6.165000 3.934424 1.789640
6.175000 3.934636 1.790457
6.185000 3.934847 1.791274
6.195000 3.935058 1.792089
6.205000 3.935268 1.792902
6.215000 3.935478 1.793714
6.225000 3.935687 1.794525
6.235000 3.935896 1.795335
6.245000 3.936104 1.796143
6.255000 3.936312 1.796950
6.265000 3.936519 1.797755
6.275000 3.936726 1.798559
6.285000 3.936932 1.799362
6.295000 3.937138 1.800163
6.305000 3.937343 1.800963
6.315000 3.937547 1.801762
6.325000 3.937751 1.802559
6.335000 3.937955 1.803355
6.345000 3.938158 1.804150
6.355000 3.938361 1.804943
6.365000 3.938563 1.805735
6.375000 3.938764 1.806526
6.385000 3.938965 1.807316
6.395000 3.939166 1.808104
6.405000 3.939366 1.808891
6.415000 3.939565 1.809677
6.425000 3.939765 1.810461
6.435000 3.939963 1.811244
6.445000 3.940161 1.812026
6.455000 3.940359 1.812806
6.465000 3.940556 1.813586
6.475000 3.940753 1.814364
6.485000 3.940949 1.815140
6.495000 3.941144 1.815916
6.505000 3.941340 1.816690
6.515000 3.941534 1.817463
6.525000 3.941729 1.818235
6.535000 3.941922 1.819006
6.545000 3.942116 1.819775
6.555000 3.942308 1.820543
6.565000 3.942501 1.821310
6.575000 3.942693 1.822075
6.585000 3.942884 1.822840
6.595000 3.943075 1.823603
6.605000 3.943266 1.824365
6.615000 3.943456 1.825126
6.625000 3.943645 1.825885
6.635000 3.943835 1.826644
6.645000 3.944023 1.827401
6.655000 3.944211 1.828157
6.665000 3.944399 1.828911
6.675000 3.944587 1.829665
6.685000 3.944774 1.830417
6.695000 3.944960 1.831169
6.705000 3.945146 1.831919
6.715000 3.945332 1.832668
6.725000 3.945517 1.833415
6.735000 3.945702 1.834162
6.745000 3.945886 1.834907
6.755000 3.946070 1.835652
6.765000 3.946253 1.836395
6.775000 3.946436 1.837137
6.785000 3.946619 1.837877
6.795000 3.946801 1.838617
6.805000 3.946983 1.839356
6.815000 3.947164 1.840093
6.825000 3.947345 1.840829
6.835000 3.947525 1.841564
6.845000 3.947705 1.842298
6.855000 3.947885 1.843031
6.865000 3.948064 1.843763
6.875000 3.948243 1.844493
6.885000 3.948421 1.845223
6.895000 3.948599 1.845951
6.905000 3.948777 1.846679
6.915000 3.948954 1.847405
6.925000 3.949131 1.848130
6.935000 3.949307 1.848854
6.945000 3.949483 1.849577
6.955000 3.949659 1.850299
6.965000 3.949834 1.851019
6.975000 3.950008 1.851739
6.985000 3.950183 1.852458
6.995000 3.950357 1.853175
7.005000 3.950530 1.853892
7.015000 3.950703 1.854607
7.025000 3.950876 1.855321
7.035000 3.951049 1.856034
7.045000 3.951221 1.856747
7.055000 3.951392 1.857458
7.065000 3.951563 1.858168
7.075000 3.951734 1.858877
7.085000 3.951905 1.859585
7.095000 3.952075 1.860292
7.105000 3.952244 1.860997
7.115000 3.952414 1.861702
7.125000 3.952583 1.862406
7.135000 3.952751 1.863109
7.145000 3.952919 1.863811
7.155000 3.953087 1.864511
7.165000 3.953255 1.865211
7.175000 3.953422 1.865910
7.185000 3.953588 1.866607
7.195000 3.953755 1.867304
7.205000 3.953921 1.867999
7.215000 3.954086 1.868694
7.225000 3.954252 1.869388
7.235000 3.954416 1.870080
7.245000 3.954581 1.870772
7.255000 3.954745 1.871462
7.265000 3.954909 1.872152
7.275000 3.955072 1.872840
7.285000 3.955235 1.873528
7.295000 3.955398 1.874215
7.305000 3.955561 1.874900
7.315000 3.955723 1.875585
7.325000 3.955884 1.876269
7.335000 3.956046 1.876951
7.345000 3.956207 1.877633
7.355000 3.956367 1.878314
7.365000 3.956527 1.878993
7.375000 3.956687 1.879672
7.385000 3.956847 1.880350
7.395000 3.957006 1.881027
7.405000 3.957165 1.881703
7.415000 3.957324 1.882378
7.425000 3.957482 1.883052
7.435000 3.957640 1.883725
7.445000 3.957797 1.884397
7.455000 3.957955 1.885068
7.465000 3.958111 1.885738
7.475000 3.958268 1.886408
7.485000 3.958424 1.887076
7.495000 3.958580 1.887744
7.505000 3.958736 1.888410
7.515000 3.958891 1.889076
7.525000 3.959046 1.889740
7.535000 3.959200 1.890404
7.545000 3.959355 1.891067
7.555000 3.959509 1.891729
7.565000 3.959662 1.892390
7.575000 3.959815 1.893050
7.585000 3.959968 1.893709
7.595000 3.960121 1.894367
7.605000 3.960273 1.895024
7.615000 3.960425 1.895681
7.625000 3.960577 1.896336
7.635000 3.960728 1.896991
7.645000 3.960879 1.897644
7.655000 3.961030 1.898297
7.665000 3.961181 1.898949
7.675000 3.961331 1.899600
7.685000 3.961481 1.900250
7.695000 3.961630 1.900900
7.705000 3.961779 1.901548
7.715000 3.961928 1.902196
7.725000 3.962077 1.902842
7.735000 3.962225 1.903488
7.745000 3.962373 1.904133
7.755000 3.962521 1.904777
7.765000 3.962668 1.905420
7.775000 3.962815 1.906062
7.785000 3.962962 1.906704
7.795000 3.963108 1.907344
7.805000 3.963254 1.907984
7.815000 3.963400 1.908623
7.825000 3.963546 1.909261
7.835000 3.963691 1.909898
7.845000 3.963836 1.910534
7.855000 3.963981 1.911169
7.865000 3.964125 1.911804
7.875000 3.964269 1.912438
7.885000 3.964413 1.913071
7.895000 3.964557 1.913703
7.905000 3.964700 1.914334
7.915000 3.964843 1.914964
7.925000 3.964986 1.915594
7.935000 3.965128 1.916223
7.945000 3.965270 1.916850
7.955000 3.965412 1.917478
7.965000 3.965553 1.918104
7.975000 3.965695 1.918729
7.985000 3.965836 1.919354
7.995000 3.965976 1.919978
8.005000 3.966117 1.920600
8.015000 3.966257 1.921223
8.025000 3.966397 1.921844
8.035000 3.966536 1.922464
8.045000 3.966676 1.923084
8.055000 3.966815 1.923703
8.065000 3.966953 1.924321
8.075000 3.967092 1.924939
8.085000 3.967230 1.925555
8.095000 3.967368 1.926171
8.105000 3.967506 1.926786
8.115000 3.967643 1.927400
8.125000 3.967780 1.928013
8.135000 3.967917 1.928626
8.145000 3.968054 1.929237
8.155000 3.968190 1.929848
8.165000 3.968326 1.930459
8.175000 3.968462 1.931068
8.185000 3.968597 1.931677
8.195000 3.968733 1.932284
8.205000 3.968868 1.932891
8.215000 3.969002 1.933498
8.225000 3.969137 1.934103
8.235000 3.969271 1.934708
8.245000 3.969405 1.935312
8.255000 3.969539 1.935915
8.265000 3.969672 1.936518
8.275000 3.969806 1.937119
8.285000 3.969938 1.937720
8.295000 3.970071 1.938321
8.305000 3.970204 1.938920
8.315000 3.970336 1.939519
8.325000 3.970468 1.940117
8.335000 3.970599 1.940714
8.345000 3.970731 1.941310
8.355000 3.970862 1.941906
8.365000 3.970993 1.942501
8.375000 3.971124 1.943095
8.385000 3.971254 1.943688
8.395000 3.971384 1.944281
8.405000 3.971514 1.944873
8.415000 3.971644 1.945464
8.425000 3.971773 1.946055
8.435000 3.971903 1.946644
8.445000 3.972031 1.947233
8.455000 3.972160 1.947822
8.465000 3.972289 1.948409
8.475000 3.972417 1.948996
8.485000 3.972545 1.949582
8.495000 3.972673 1.950168
8.505000 3.972800 1.950752
8.515000 3.972927 1.951336
8.525000 3.973055 1.951920
8.535000 3.973181 1.952502
8.545000 3.973308 1.953084
8.555000 3.973434 1.953665
8.565000 3.973560 1.954245
8.575000 3.973686 1.954825
8.585000 3.973812 1.955404
8.595000 3.973937 1.955982
8.605000 3.974062 1.956560
8.615000 3.974187 1.957137
8.625000 3.974312 1.957713
8.635000 3.974437 1.958288
8.645000 3.974561 1.958863
8.655000 3.974685 1.959437
8.665000 3.974809 1.960011
8.675000 3.974932 1.960583
8.685000 3.975056 1.961155
8.695000 3.975179 1.961727
8.705000 3.975302 1.962297
8.715000 3.975424 1.962867
8.725000 3.975547 1.963436
8.735000 3.975669 1.964005
8.745000 3.975791 1.964573
8.755000 3.975913 1.965140
8.765000 3.976034 1.965707
8.775000 3.976156 1.966272
8.785000 3.976277 1.966838
8.795000 3.976398 1.967402
8.805000 3.976518 1.967966
8.815000 3.976639 1.968529
8.825000 3.976759 1.969092
8.835000 3.976879 1.969654
8.845000 3.976999 1.970215
8.855000 3.977119 1.970775
8.865000 3.977238 1.971335
8.875000 3.977357 1.971894
8.885000 3.977476 1.972453
8.895000 3.977595 1.973011
8.905000 3.977713 1.973568
8.915000 3.977832 1.974125
8.925000 3.977950 1.974680
8.935000 3.978068 1.975236
8.945000 3.978186 1.975790
8.955000 3.978303 1.976344
8.965000 3.978420 1.976898
8.975000 3.978537 1.977450
8.985000 3.978654 1.978002
8.995000 3.978771 1.978554
9.005000 3.978887 1.979104
9.015000 3.979004 1.979655
9.025000 3.979120 1.980204
9.035000 3.979235 1.980753
9.045000 3.979351 1.981301
9.055000 3.979467 1.981849
9.065000 3.979582 1.982396
9.075000 3.979697 1.982942
9.085000 3.979812 1.983488
9.095000 3.979926 1.984033
9.105000 3.980041 1.984577
9.115000 3.980155 1.985121
9.125000 3.980269 1.985664
9.135000 3.980383 1.986207
9.145000 3.980496 1.986749
9.155000 3.980610 1.987290
9.165000 3.980723 1.987831
9.175000 3.980836 1.988371
9.185000 3.980949 1.988910
9.195000 3.981062 1.989449
9.205000 3.981174 1.989987
9.215000 3.981286 1.990525
9.225000 3.981399 1.991062
9.235000 3.981510 1.991598
9.245000 3.981622 1.992134
9.255000 3.981734 1.992669
9.265000 3.981845 1.993204
9.275000 3.981956 1.993738
9.285000 3.982067 1.994271
9.295000 3.982178 1.994804
9.305000 3.982288 1.995336
9.315000 3.982399 1.995868
9.325000 3.982509 1.996399
9.335000 3.982619 1.996929
9.345000 3.982729 1.997459
9.355000 3.982838 1.997988
9.365000 3.982948 1.998517
9.375000 3.983057 1.999045
9.385000 3.983166 1.999572
9.395000 3.983275 2.000099
9.405000 3.983383 2.000625
9.415000 3.983492 2.001151
9.425000 3.983600 2.001676
9.435000 3.983708 2.002201
9.445000 3.983816 2.002725
9.455000 3.983924 2.003248
9.465000 3.984032 2.003771
9.475000 3.984139 2.004293
9.485000 3.984246 2.004815
9.495000 3.984353 2.005336
9.505000 3.984460 2.005856
9.515000 3.984567 2.006376
9.525000 3.984673 2.006896
9.535000 3.984780 2.007414
9.545000 3.984886 2.007933
9.555000 3.984992 2.008450
9.565000 3.985098 2.008967
9.575000 3.985203 2.009484
9.585000 3.985309 2.010000
9.595000 3.985414 2.010515
9.605000 3.985519 2.011030
9.615000 3.985624 2.011544
9.625000 3.985729 2.012058
9.635000 3.985834 2.012571
9.645000 3.985938 2.013084
9.655000 3.986042 2.013596
9.665000 3.986146 2.014107
9.675000 3.986250 2.014618
9.685000 3.986354 2.015128
9.695000 3.986457 2.015638
9.705000 3.986561 2.016148
9.715000 3.986664 2.016656
9.725000 3.986767 2.017164
9.735000 3.986870 2.017672
9.745000 3.986973 2.018179
9.755000 3.987075 2.018686
9.765000 3.987178 2.019192
9.775000 3.987280 2.019697
9.785000 3.987382 2.020202
9.795000 3.987484 2.020707
9.805000 3.987586 2.021210
9.815000 3.987687 2.021714
9.825000 3.987789 2.022216
9.835000 3.987890 2.022719
9.845000 3.987991 2.023220
9.855000 3.988092 2.023722
9.865000 3.988193 2.024222
9.875000 3.988293 2.024722
9.885000 3.988394 2.025222
9.895000 3.988494 2.025721
9.905000 3.988594 2.026220
9.915000 3.988694 2.026718
9.925000 3.988794 2.027215
9.935000 3.988893 2.027712
9.945000 3.988993 2.028208
9.955000 3.989092 2.028704
9.965000 3.989191 2.029200
9.975000 3.989290 2.029695
9.985000 3.989389 2.030189
9.995000 3.989488 2.030683
10.005000 3.989586 2.031176
10.015000 3.989684 2.031669
10.025000 3.989783 2.032161
10.035000 3.989881 2.032653
10.045000 3.989979 2.033144
10.055000 3.990076 2.033635
10.065000 3.990174 2.034125
10.075000 3.990271 2.034615
10.085000 3.990369 2.035104
10.095000 3.990466 2.035593
10.105000 3.990563 2.036081
10.115000 3.990660 2.036569
10.125000 3.990756 2.037056
10.135000 3.990853 2.037543
10.145000 3.990949 2.038029
10.155000 3.991045 2.038515
10.165000 3.991141 2.039000
10.175000 3.991237 2.039485
10.185000 3.991333 2.039969
10.195000 3.991429 2.040453
10.205000 3.991524 2.040936
10.215000 3.991619 2.041419
10.225000 3.991715 2.041901
10.235000 3.991810 2.042383
10.245000 3.991904 2.042864
10.255000 3.991999 2.043345
10.265000 3.992094 2.043825
10.275000 3.992188 2.044305
10.285000 3.992282 2.044784
10.295000 3.992377 2.045263
10.305000 3.992471 2.045741
10.315000 3.992564 2.046219
10.325000 3.992658 2.046696
10.335000 3.992752 2.047173
10.345000 3.992845 2.047650
10.355000 3.992938 2.048126
10.365000 3.993032 2.048601
10.375000 3.993125 2.049076
10.385000 3.993217 2.049550
10.395000 3.993310 2.050024
10.405000 3.993403 2.050498
10.415000 3.993495 2.050971
10.425000 3.993587 2.051444
10.435000 3.993680 2.051916
10.445000 3.993772 2.052387
10.455000 3.993863 2.052858
10.465000 3.993955 2.053329
10.475000 3.994047 2.053799
10.485000 3.994138 2.054269
10.495000 3.994229 2.054738
10.505000 3.994321 2.055207
10.515000 3.994412 2.055676
10.525000 3.994503 2.056143
10.535000 3.994593 2.056611
10.545000 3.994684 2.057078
10.555000 3.994774 2.057544
10.565000 3.994865 2.058010
10.575000 3.994955 2.058476
10.585000 3.995045 2.058941
10.595000 3.995135 2.059406
10.605000 3.995225 2.059870
10.615000 3.995314 2.060334
10.625000 3.995404 2.060797
10.635000 3.995493 2.061260
10.645000 3.995583 2.061722
10.655000 3.995672 2.062184
10.665000 3.995761 2.062646
10.675000 3.995850 2.063107
10.685000 3.995938 2.063567
10.695000 3.996027 2.064027
10.705000 3.996116 2.064487
10.715000 3.996204 2.064946
10.725000 3.996292 2.065405
10.735000 3.996380 2.065863
10.745000 3.996468 2.066321
10.755000 3.996556 2.066779
10.765000 3.996644 2.067236
10.775000 3.996731 2.067692
10.785000 3.996819 2.068148
10.795000 3.996906 2.068604
10.805000 3.996993 2.069059
10.815000 3.997080 2.069514
10.825000 3.997167 2.069968
10.835000 3.997254 2.070422
10.845000 3.997341 2.070876
10.855000 3.997427 2.071329
10.865000 3.997514 2.071781
10.875000 3.997600 2.072233
10.885000 3.997686 2.072685
10.895000 3.997772 2.073136
10.905000 3.997858 2.073587
10.915000 3.997944 2.074038
10.925000 3.998029 2.074488
10.935000 3.998115 2.074937
10.945000 3.998200 2.075387
10.955000 3.998286 2.075835
10.965000 3.998371 2.076284
10.975000 3.998456 2.076731
10.985000 3.998541 2.077179
10.995000 3.998626 2.077626
11.005000 3.998710 2.078072
11.015000 3.998795 2.078519
11.025000 3.998879 2.078964
11.035000 3.998964 2.079410
11.045000 3.999048 2.079855
11.055000 3.999132 2.080299
11.065000 3.999216 2.080743
11.075000 3.999300 2.081187
11.085000 3.999383 2.081630
11.095000 3.999467 2.082073
11.105000 3.999550 2.082515
11.115000 3.999634 2.082957
11.125000 3.999717 2.083399
11.135000 3.999800 2.083840
11.145000 3.999883 2.084281
11.155000 3.999966 2.084721
11.165000 4.000049 2.085161
11.175000 4.000131 2.085600
11.185000 4.000214 2.086039
11.195000 4.000296 2.086478
11.205000 4.000379 2.086916
11.215000 4.000461 2.087354
11.225000 4.000543 2.087792
11.235000 4.000625 2.088229
11.245000 4.000707 2.088665
11.255000 4.000788 2.089102
11.265000 4.000870 2.089537
11.275000 4.000951 2.089973
11.285000 4.001033 2.090408
11.295000 4.001114 2.090842
11.305000 4.001195 2.091277
11.315000 4.001276 2.091711
11.325000 4.001357 2.092144
11.335000 4.001438 2.092577
11.345000 4.001518 2.093010
11.355000 4.001599 2.093442
11.365000 4.001680 2.093874
11.375000 4.001760 2.094305
11.385000 4.001840 2.094736
11.395000 4.001920 2.095167
11.405000 4.002000 2.095597
11.415000 4.002080 2.096027
11.425000 4.002160 2.096456
11.435000 4.002240 2.096885
11.445000 4.002319 2.097314
11.455000 4.002399 2.097742
11.465000 4.002478 2.098170
11.475000 4.002557 2.098598
11.485000 4.002636 2.099025
11.495000 4.002715 2.099452
11.505000 4.002794 2.099878
11.515000 4.002873 2.100304
11.525000 4.002952 2.100729
11.535000 4.003030 2.101155
11.545000 4.003109 2.101579
11.555000 4.003187 2.102004
11.565000 4.003265 2.102428
11.575000 4.003344 2.102852
11.585000 4.003422 2.103275
11.595000 4.003500 2.103698
11.605000 4.003577 2.104120
11.615000 4.003655 2.104542
11.625000 4.003733 2.104964
11.635000 4.003810 2.105385
11.645000 4.003888 2.105806
11.655000 4.003965 2.106227
11.665000 4.004042 2.106647
11.675000 4.004119 2.107067
11.685000 4.004196 2.107487
11.695000 4.004273 2.107906
11.705000 4.004350 2.108325
11.715000 4.004427 2.108743
11.725000 4.004503 2.109161
11.735000 4.004580 2.109579
11.745000 4.004656 2.109996
11.755000 4.004732 2.110413
11.765000 4.004808 2.110829
11.775000 4.004884 2.111245
11.785000 4.004960 2.111661
11.795000 4.005036 2.112077
11.805000 4.005112 2.112492
11.815000 4.005188 2.112906
11.825000 4.005263 2.113321
11.835000 4.005339 2.113734
11.845000 4.005414 2.114148
11.855000 4.005489 2.114561
11.865000 4.005564 2.114974
11.875000 4.005639 2.115387
11.885000 4.005714 2.115799
11.895000 4.005789 2.116210
11.905000 4.005864 2.116622
11.915000 4.005939 2.117033
11.925000 4.006013 2.117444
11.935000 4.006088 2.117854
11.945000 4.006162 2.118264
11.955000 4.006236 2.118674
11.965000 4.006310 2.119083
11.975000 4.006384 2.119492
11.985000 4.006458 2.119900
11.995000 4.006532 2.120308
12.005000 4.006606 2.120716
12.015000 4.006679 2.121124
12.025000 4.006753 2.121531
12.035000 4.006827 2.121938
12.045000 4.006900 2.122344
12.055000 4.006973 2.122750
12.065000 4.007046 2.123156
12.075000 4.007119 2.123561
12.085000 4.007192 2.123966
12.095000 4.007265 2.124371
12.105000 4.007338 2.124775
12.115000 4.007411 2.125179
12.125000 4.007483 2.125583
12.135000 4.007556 2.125986
12.145000 4.007628 2.126389
12.155000 4.007701 2.126791
12.165000 4.007773 2.127194
12.175000 4.007845 2.127596
12.185000 4.007917 2.127997
12.195000 4.007989 2.128398
12.205000 4.008061 2.128799
12.215000 4.008132 2.129200
12.225000 4.008204 2.129600
12.235000 4.008276 2.130000
12.245000 4.008347 2.130399
12.255000 4.008419 2.130798
12.265000 4.008490 2.131197
12.275000 4.008561 2.131596
12.285000 4.008632 2.131994
12.295000 4.008703 2.132391
12.305000 4.008774 2.132789
12.315000 4.008845 2.133186
12.325000 4.008916 2.133583
12.335000 4.008986 2.133979
12.345000 4.009057 2.134375
12.355000 4.009127 2.134771
12.365000 4.009198 2.135167
12.375000 4.009268 2.135562
12.385000 4.009338 2.135957
12.395000 4.009408 2.136351
12.405000 4.009478 2.136745
12.415000 4.009548 2.137139
12.425000 4.009618 2.137532
12.435000 4.009688 2.137925
12.445000 4.009757 2.138318
12.455000 4.009827 2.138711
12.465000 4.009896 2.139103
12.475000 4.009966 2.139495
12.485000 4.010035 2.139886
12.495000 4.010104 2.140277
12.505000 4.010174 2.140668
12.515000 4.010243 2.141059
12.525000 4.010312 2.141449
12.535000 4.010380 2.141839
12.545000 4.010449 2.142228
12.555000 4.010518 2.142617
12.565000 4.010586 2.143006
12.575000 4.010655 2.143395
12.585000 4.010723 2.143783
12.595000 4.010792 2.144171
12.605000 4.010860 2.144559
12.615000 4.010928 2.144946
12.625000 4.010996 2.145333
12.635000 4.011064 2.145719
12.645000 4.011132 2.146106
12.655000 4.011200 2.146492
12.665000 4.011268 2.146877
12.675000 4.011335 2.147263
12.685000 4.011403 2.147648
12.695000 4.011471 2.148033
12.705000 4.011538 2.148417
12.715000 4.011605 2.148801
12.725000 4.011672 2.149185
12.735000 4.011740 2.149568
12.745000 4.011807 2.149951
12.755000 4.011874 2.150334
12.765000 4.011941 2.150717
12.775000 4.012007 2.151099
12.785000 4.012074 2.151481
12.795000 4.012141 2.151863
12.805000 4.012207 2.152244
12.815000 4.012274 2.152625
12.825000 4.012340 2.153005
12.835000 4.012407 2.153386
12.845000 4.012473 2.153766
12.855000 4.012539 2.154146
12.865000 4.012605 2.154525
12.875000 4.012671 2.154904
12.885000 4.012737 2.155283
12.895000 4.012803 2.155661
12.905000 4.012869 2.156040
12.915000 4.012934 2.156418
12.925000 4.013000 2.156795
12.935000 4.013065 2.157172
12.945000 4.013131 2.157549
12.955000 4.013196 2.157926
12.965000 4.013262 2.158302
12.975000 4.013327 2.158679
12.985000 4.013392 2.159054
12.995000 4.013457 2.159430
13.005000 4.013522 2.159805
13.015000 4.013587 2.160180
13.025000 4.013652 2.160554
13.035000 4.013716 2.160929
13.045000 4.013781 2.161303
13.055000 4.013845 2.161676
13.065000 4.013910 2.162050
13.075000 4.013974 2.162423
13.085000 4.014039 2.162796
13.095000 4.014103 2.163168
13.105000 4.014167 2.163540
13.115000 4.014231 2.163912
13.125000 4.014295 2.164284
13.135000 4.014359 2.164655
13.145000 4.014423 2.165026
13.155000 4.014487 2.165397
13.165000 4.014551 2.165767
13.175000 4.014614 2.166137
13.185000 4.014678 2.166507
13.195000 4.014741 2.166877
13.205000 4.014805 2.167246
13.215000 4.014868 2.167615
13.225000 4.014931 2.167983
13.235000 4.014994 2.168352
13.245000 4.015057 2.168720
13.255000 4.015120 2.169088
13.265000 4.015183 2.169455
13.275000 4.015246 2.169822
13.285000 4.015309 2.170189
13.295000 4.015372 2.170556
13.305000 4.015434 2.170922
13.315000 4.015497 2.171288
13.325000 4.015560 2.171654
13.335000 4.015622 2.172020
13.345000 4.015684 2.172385
13.355000 4.015747 2.172750
13.365000 4.015809 2.173114
13.375000 4.015871 2.173479
13.385000 4.015933 2.173843
13.395000 4.015995 2.174207
13.405000 4.016057 2.174570
13.415000 4.016119 2.174933
13.425000 4.016180 2.175296
13.435000 4.016242 2.175659
13.445000 4.016304 2.176021
13.455000 4.016365 2.176383
13.465000 4.016427 2.176745
13.475000 4.016488 2.177107
13.485000 4.016550 2.177468
13.495000 4.016611 2.177829
13.505000 4.016672 2.178190
13.515000 4.016733 2.178550
13.525000 4.016794 2.178910
13.535000 4.016855 2.179270
13.545000 4.016916 2.179630
13.555000 4.016977 2.179989
13.565000 4.017038 2.180348
13.575000 4.017098 2.180707
13.585000 4.017159 2.181065
13.595000 4.017219 2.181424
13.605000 4.017280 2.181781
13.615000 4.017340 2.182139
13.625000 4.017401 2.182497
13.635000 4.017461 2.182854
13.645000 4.017521 2.183210
13.655000 4.017581 2.183567
13.665000 4.017641 2.183923
13.675000 4.017701 2.184279
13.685000 4.017761 2.184635
13.695000 4.017821 2.184991
13.705000 4.017881 2.185346
13.715000 4.017940 2.185701
13.725000 4.018000 2.186055
13.735000 4.018060 2.186410
13.745000 4.018119 2.186764
13.755000 4.018179 2.187118
13.765000 4.018238 2.187471
13.775000 4.018297 2.187825
13.785000 4.018356 2.188178
13.795000 4.018416 2.188531
13.805000 4.018475 2.188883
13.815000 4.018534 2.189235
13.825000 4.018593 2.189587
13.835000 4.018652 2.189939
13.845000 4.018710 2.190291
13.855000 4.018769 2.190642
13.865000 4.018828 2.190993
13.875000 4.018886 2.191343
13.885000 4.018945 2.191694
13.895000 4.019003 2.192044
13.905000 4.019062 2.192394
13.915000 4.019120 2.192744
13.925000 4.019179 2.193093
13.935000 4.019237 2.193442
13.945000 4.019295 2.193791
13.955000 4.019353 2.194139
13.965000 4.019411 2.194488
13.975000 4.019469 2.194836
13.985000 4.019527 2.195184
13.995000 4.019585 2.195531
14.005000 4.019642 2.195878
14.015000 4.019700 2.196225
14.025000 4.019758 2.196572
14.035000 4.019815 2.196919
14.045000 4.019873 2.197265
14.055000 4.019930 2.197611
14.065000 4.019988 2.197957
14.075000 4.020045 2.198302
14.085000 4.020102 2.198647
14.095000 4.020159 2.198992
14.105000 4.020216 2.199337
14.115000 4.020273 2.199682
14.125000 4.020330 2.200026
14.135000 4.020387 2.200370
14.145000 4.020444 2.200713
14.155000 4.020501 2.201057
14.165000 4.020558 2.201400
14.175000 4.020614 2.201743
14.185000 4.020671 2.202086
14.195000 4.020728 2.202428
14.205000 4.020784 2.202770
14.215000 4.020840 2.203112
14.225000 4.020897 2.203454
14.235000 4.020953 2.203795
14.245000 4.021009 2.204137
14.255000 4.021065 2.204478
14.265000 4.021122 2.204818
14.275000 4.021178 2.205159
14.285000 4.021234 2.205499
14.295000 4.021289 2.205839
14.305000 4.021345 2.206179
14.315000 4.021401 2.206518
14.325000 4.021457 2.206857
14.335000 4.021512 2.207196
14.345000 4.021568 2.207535
14.355000 4.021624 2.207873
14.365000 4.021679 2.208212
14.375000 4.021734 2.208550
14.385000 4.021790 2.208887
14.395000 4.021845 2.209225
14.405000 4.021900 2.209562
14.415000 4.021956 2.209899
14.425000 4.022011 2.210236
14.435000 4.022066 2.210572
14.445000 4.022121 2.210909
14.455000 4.022176 2.211245
14.465000 4.022230 2.211580
14.475000 4.022285 2.211916
14.485000 4.022340 2.212251
14.495000 4.022395 2.212586
14.505000 4.022449 2.212921
14.515000 4.022504 2.213256
14.525000 4.022558 2.213590
14.535000 4.022613 2.213924
14.545000 4.022667 2.214258
14.555000 4.022722 2.214592
14.565000 4.022776 2.214925
14.575000 4.022830 2.215258
14.585000 4.022884 2.215591
14.595000 4.022938 2.215924
14.605000 4.022992 2.216256
14.615000 4.023046 2.216588
14.625000 4.023100 2.216920
14.635000 4.023154 2.217252
14.645000 4.023208 2.217584
14.655000 4.023262 2.217915
14.665000 4.023315 2.218246
14.675000 4.023369 2.218577
14.685000 4.023423 2.218907
14.695000 4.023476 2.219237
14.705000 4.023530 2.219568
14.715000 4.023583 2.219897
14.725000 4.023636 2.220227
14.735000 4.023690 2.220556
14.745000 4.023743 2.220886
14.755000 4.023796 2.221214
14.765000 4.023849 2.221543
14.775000 4.023902 2.221872
14.785000 4.023955 2.222200
14.795000 4.024008 2.222528
14.805000 4.024061 2.222856
14.815000 4.024114 2.223183
14.825000 4.024167 2.223510
14.835000 4.024219 2.223837
14.845000 4.024272 2.224164
14.855000 4.024325 2.224491
14.865000 4.024377 2.224817
14.875000 4.024430 2.225143
14.885000 4.024482 2.225469
14.895000 4.024535 2.225795
14.905000 4.024587 2.226121
14.915000 4.024639 2.226446
14.925000 4.024691 2.226771
14.935000 4.024743 2.227096
14.945000 4.024796 2.227420
14.955000 4.024848 2.227744
14.965000 4.024900 2.228069
14.975000 4.024952 2.228392
14.985000 4.025003 2.228716
14.995000 4.025055 2.229040
15.005000 4.025107 2.229363
15.015000 4.025159 2.229686
15.025000 4.025210 2.230008
15.035000 4.025262 2.230331
15.045000 4.025314 2.230653
15.055000 4.025365 2.230975
15.065000 4.025417 2.231297
15.075000 4.025468 2.231619
15.085000 4.025519 2.231940
15.095000 4.025571 2.232262
15.105000 4.025622 2.232583
15.115000 4.025673 2.232903
15.125000 4.025724 2.233224
15.135000 4.025775 2.233544
15.145000 4.025826 2.233864
15.155000 4.025877 2.234184
15.165000 4.025928 2.234504
15.175000 4.025979 2.234823
15.185000 4.026030 2.235142
15.195000 4.026080 2.235461
15.205000 4.026131 2.235780
15.215000 4.026182 2.236099
15.225000 4.026232 2.236417
15.235000 4.026283 2.236735
15.245000 4.026333 2.237053
15.255000 4.026384 2.237371
15.265000 4.026434 2.237688
15.275000 4.026485 2.238006
15.285000 4.026535 2.238323
15.295000 4.026585 2.238639
15.305000 4.026635 2.238956
15.315000 4.026685 2.239273
15.325000 4.026735 2.239589
15.335000 4.026786 2.239905
15.345000 4.026835 2.240220
15.355000 4.026885 2.240536
15.365000 4.026935 2.240851
15.375000 4.026985 2.241166
15.385000 4.027035 2.241481
15.395000 4.027085 2.241796
15.405000 4.027134 2.242110
15.415000 4.027184 2.242425
15.425000 4.027233 2.242739
15.435000 4.027283 2.243053
15.445000 4.027332 2.243366
15.455000 4.027382 2.243680
15.465000 4.027431 2.243993
15.475000 4.027480 2.244306
15.485000 4.027530 2.244619
15.495000 4.027579 2.244931
15.505000 4.027628 2.245244
15.515000 4.027677 2.245556
15.525000 4.027726 2.245868
15.535000 4.027775 2.246179
15.545000 4.027824 2.246491
15.555000 4.027873 2.246802
15.565000 4.027922 2.247113
15.575000 4.027971 2.247424
15.585000 4.028019 2.247735
15.595000 4.028068 2.248045
15.605000 4.028117 2.248356
15.615000 4.028165 2.248666
15.625000 4.028214 2.248976
15.635000 4.028262 2.249285
15.645000 4.028311 2.249595
15.655000 4.028359 2.249904
15.665000 4.028408 2.250213
15.675000 4.028456 2.250522
15.685000 4.028504 2.250831
15.695000 4.028553 2.251139
15.705000 4.028601 2.251447
15.715000 4.028649 2.251755
15.725000 4.028697 2.252063
15.735000 4.028745 2.252371
15.745000 4.028793 2.252678
15.755000 4.028841 2.252985
15.765000 4.028889 2.253292
15.775000 4.028936 2.253599
15.785000 4.028984 2.253906
15.795000 4.029032 2.254212
15.805000 4.029080 2.254518
15.815000 4.029127 2.254824
15.825000 4.029175 2.255130
15.835000 4.029222 2.255436
15.845000 4.029270 2.255741
15.855000 4.029317 2.256046
15.865000 4.029365 2.256351
15.875000 4.029412 2.256656
15.885000 4.029459 2.256961
15.895000 4.029507 2.257265
15.905000 4.029554 2.257569
15.915000 4.029601 2.257873
15.925000 4.029648 2.258177
15.935000 4.029695 2.258480
15.945000 4.029742 2.258784
15.955000 4.029789 2.259087
15.965000 4.029836 2.259390
15.975000 4.029883 2.259693
15.985000 4.029930 2.259995
15.995000 4.029977 2.260298
16.005000 4.030023 2.260600
16.015000 4.030070 2.260902
16.025000 4.030117 2.261204
16.035000 4.030163 2.261506
16.045000 4.030210 2.261807
16.055000 4.030256 2.262108
16.065000 4.030303 2.262409
16.075000 4.030349 2.262710
16.085000 4.030396 2.263011
16.095000 4.030442 2.263311
16.105000 4.030488 2.263611
16.115000 4.030535 2.263911
16.125000 4.030581 2.264211
16.135000 4.030627 2.264511
16.145000 4.030673 2.264811
16.155000 4.030719 2.265110
16.165000 4.030765 2.265409
16.175000 4.030811 2.265708
16.185000 4.030857 2.266007
16.195000 4.030903 2.266305
16.205000 4.030949 2.266603
16.215000 4.030994 2.266902
16.225000 4.031040 2.267199
16.235000 4.031086 2.267497
16.245000 4.031132 2.267795
16.255000 4.031177 2.268092
16.265000 4.031223 2.268389
16.275000 4.031268 2.268686
16.285000 4.031314 2.268983
16.295000 4.031359 2.269280
16.305000 4.031405 2.269576
16.315000 4.031450 2.269872
16.325000 4.031495 2.270168
16.335000 4.031540 2.270464
16.345000 4.031586 2.270760
16.355000 4.031631 2.271055
16.365000 4.031676 2.271351
16.375000 4.031721 2.271646
16.385000 4.031766 2.271941
16.395000 4.031811 2.272236
16.405000 4.031856 2.272530
16.415000 4.031901 2.272824
16.425000 4.031946 2.273119
16.435000 4.031991 2.273413
16.445000 4.032035 2.273706
16.455000 4.032080 2.274000
16.465000 4.032125 2.274293
16.475000 4.032170 2.274587
16.485000 4.032214 2.274880
16.495000 4.032259 2.275173
16.505000 4.032303 2.275465
16.515000 4.032348 2.275758
16.525000 4.032392 2.276050
16.535000 4.032437 2.276342
16.545000 4.032481 2.276634
16.555000 4.032525 2.276926
16.565000 4.032569 2.277218
16.575000 4.032614 2.277509
16.585000 4.032658 2.277800
16.595000 4.032702 2.278091
16.605000 4.032746 2.278382
16.615000 4.032790 2.278673
16.625000 4.032834 2.278963
16.635000 4.032878 2.279254
16.645000 4.032922 2.279544
16.655000 4.032966 2.279834
16.665000 4.033010 2.280123
16.675000 4.033054 2.280413
16.685000 4.033097 2.280702
16.695000 4.033141 2.280992
16.705000 4.033185 2.281281
16.715000 4.033228 2.281570
16.725000 4.033272 2.281858
16.735000 4.033316 2.282147
16.745000 4.033359 2.282435
16.755000 4.033403 2.282723
16.765000 4.033446 2.283011
16.775000 4.033489 2.283299
16.785000 4.033533 2.283587
16.795000 4.033576 2.283874
16.805000 4.033619 2.284161
16.815000 4.033663 2.284448
16.825000 4.033706 2.284735
16.835000 4.033749 2.285022
16.845000 4.033792 2.285309
16.855000 4.033835 2.285595
16.865000 4.033878 2.285881
16.875000 4.033921 2.286167
16.885000 4.033964 2.286453
16.895000 4.034007 2.286739
16.905000 4.034050 2.287024
16.915000 4.034093 2.287309
16.925000 4.034135 2.287595
16.935000 4.034178 2.287880
16.945000 4.034221 2.288164
16.955000 4.034263 2.288449
16.965000 4.034306 2.288733
16.975000 4.034349 2.289018
16.985000 4.034391 2.289302
16.995000 4.034434 2.289586
17.005000 4.034476 2.289869
17.015000 4.034519 2.290153
17.025000 4.034561 2.290436
17.035000 4.034603 2.290720
17.045000 4.034646 2.291003
17.055000 4.034688 2.291285
17.065000 4.034730 2.291568
17.075000 4.034772 2.291851
17.085000 4.034815 2.292133
17.095000 4.034857 2.292415
17.105000 4.034899 2.292697
17.115000 4.034941 2.292979
17.125000 4.034983 2.293261
17.135000 4.035025 2.293542
17.145000 4.035067 2.293824
17.155000 4.035109 2.294105
17.165000 4.035150 2.294386
17.175000 4.035192 2.294667
17.185000 4.035234 2.294947
17.195000 4.035276 2.295228
17.205000 4.035317 2.295508
17.215000 4.035359 2.295788
17.225000 4.035401 2.296068
17.235000 4.035442 2.296348
17.245000 4.035484 2.296628
17.255000 4.035525 2.296907
17.265000 4.035567 2.297186
17.275000 4.035608 2.297465
17.285000 4.035649 2.297744
17.295000 4.035691 2.298023
17.305000 4.035732 2.298302
17.315000 4.035773 2.298580
17.325000 4.035815 2.298859
17.335000 4.035856 2.299137
17.345000 4.035897 2.299415
17.355000 4.035938 2.299692
17.365000 4.035979 2.299970
17.375000 4.036020 2.300248
17.385000 4.036061 2.300525
17.395000 4.036102 2.300802
17.405000 4.036143 2.301079
17.415000 4.036184 2.301356
17.425000 4.036225 2.301632
17.435000 4.036266 2.301909
17.445000 4.036306 2.302185
17.455000 4.036347 2.302461
17.465000 4.036388 2.302737
17.475000 4.036429 2.303013
17.485000 4.036469 2.303289
17.495000 4.036510 2.303564
17.505000 4.036550 2.303840
17.515000 4.036591 2.304115
17.525000 4.036631 2.304390
17.535000 4.036672 2.304664
17.545000 4.036712 2.304939
17.555000 4.036753 2.305214
17.565000 4.036793 2.305488
17.575000 4.036833 2.305762
17.585000 4.036874 2.306036
17.595000 4.036914 2.306310
17.605000 4.036954 2.306584
17.615000 4.036994 2.306857
17.625000 4.037034 2.307131
17.635000 4.037074 2.307404
17.645000 4.037114 2.307677
17.655000 4.037155 2.307950
17.665000 4.037194 2.308222
17.675000 4.037234 2.308495
17.685000 4.037274 2.308767
17.695000 4.037314 2.309040
17.705000 4.037354 2.309312
17.715000 4.037394 2.309584
17.725000 4.037434 2.309855
17.735000 4.037473 2.310127
17.745000 4.037513 2.310399
17.755000 4.037553 2.310670
17.765000 4.037592 2.310941
17.775000 4.037632 2.311212
17.785000 4.037672 2.311483
17.795000 4.037711 2.311753
17.805000 4.037751 2.312024
17.815000 4.037790 2.312294
17.825000 4.037829 2.312564
17.835000 4.037869 2.312834
17.845000 4.037908 2.313104
17.855000 4.037947 2.313374
17.865000 4.037987 2.313644
17.875000 4.038026 2.313913
17.885000 4.038065 2.314182
17.895000 4.038104 2.314451
17.905000 4.038143 2.314720
17.915000 4.038183 2.314989
17.925000 4.038222 2.315258
17.935000 4.038261 2.315526
17.945000 4.038300 2.315794
17.955000 4.038339 2.316062
17.965000 4.038378 2.316330
17.975000 4.038416 2.316598
17.985000 4.038455 2.316866
17.995000 4.038494 2.317133
18.005000 4.038533 2.317401
18.015000 4.038572 2.317668
18.025000 4.038610 2.317935
18.035000 4.038649 2.318202
18.045000 4.038688 2.318469
18.055000 4.038726 2.318735
18.065000 4.038765 2.319002
18.075000 4.038804 2.319268
18.085000 4.038842 2.319534
18.095000 4.038881 2.319800
18.105000 4.038919 2.320066
18.115000 4.038957 2.320332
18.125000 4.038996 2.320597
18.135000 4.039034 2.320863
18.145000 4.039073 2.321128
18.155000 4.039111 2.321393
18.165000 4.039149 2.321658
18.175000 4.039187 2.321923
18.185000 4.039226 2.322187
18.195000 4.039264 2.322452
18.205000 4.039302 2.322716
18.215000 4.039340 2.322980
18.225000 4.039378 2.323244
18.235000 4.039416 2.323508
18.245000 4.039454 2.323772
18.255000 4.039492 2.324035
18.265000 4.039530 2.324299
18.275000 4.039568 2.324562
18.285000 4.039606 2.324825
18.295000 4.039643 2.325088
18.305000 4.039681 2.325351
18.315000 4.039719 2.325614
18.325000 4.039757 2.325876
18.335000 4.039794 2.326139
18.345000 4.039832 2.326401
18.355000 4.039870 2.326663
18.365000 4.039907 2.326925
18.375000 4.039945 2.327187
18.385000 4.039982 2.327448
18.395000 4.040020 2.327710
18.405000 4.040057 2.327971
18.415000 4.040095 2.328232
18.425000 4.040132 2.328493
18.435000 4.040170 2.328754
18.445000 4.040207 2.329015
18.455000 4.040244 2.329275
18.465000 4.040282 2.329536
18.475000 4.040319 2.329796
18.485000 4.040356 2.330056
18.495000 4.040393 2.330316
18.505000 4.040430 2.330576
18.515000 4.040467 2.330836
18.525000 4.040505 2.331096
18.535000 4.040542 2.331355
18.545000 4.040579 2.331614
18.555000 4.040616 2.331873
18.565000 4.040653 2.332132
18.575000 4.040689 2.332391
18.585000 4.040726 2.332650
18.595000 4.040763 2.332909
18.605000 4.040800 2.333167
18.615000 4.040837 2.333425
18.625000 4.040874 2.333683
18.635000 4.040910 2.333941
18.645000 4.040947 2.334199
18.655000 4.040984 2.334457
18.665000 4.041020 2.334714
18.675000 4.041057 2.334972
18.685000 4.041094 2.335229
18.695000 4.041130 2.335486
18.705000 4.041167 2.335743
18.715000 4.041203 2.336000
18.725000 4.041240 2.336257
18.735000 4.041276 2.336513
18.745000 4.041313 2.336770
18.755000 4.041349 2.337026
18.765000 4.041385 2.337282
18.775000 4.041422 2.337538
18.785000 4.041458 2.337794
18.795000 4.041494 2.338050
18.805000 4.041530 2.338305
18.815000 4.041566 2.338561
18.825000 4.041603 2.338816
18.835000 4.041639 2.339071
18.845000 4.041675 2.339326
18.855000 4.041711 2.339581
18.865000 4.041747 2.339836
18.875000 4.041783 2.340090
18.885000 4.041819 2.340345
18.895000 4.041855 2.340599
18.905000 4.041891 2.340853
18.915000 4.041927 2.341107
18.925000 4.041963 2.341361
18.935000 4.041998 2.341615
18.945000 4.042034 2.341868
18.955000 4.042070 2.342122
18.965000 4.042106 2.342375
18.975000 4.042141 2.342628
18.985000 4.042177 2.342881
18.995000 4.042213 2.343134
19.005000 4.042248 2.343387
19.015000 4.042284 2.343639
19.025000 4.042319 2.343892
19.035000 4.042355 2.344144
19.045000 4.042390 2.344397
19.055000 4.042426 2.344649
19.065000 4.042461 2.344901
19.075000 4.042497 2.345152
19.085000 4.042532 2.345404
19.095000 4.042568 2.345656
19.105000 4.042603 2.345907
19.115000 4.042638 2.346158
19.125000 4.042673 2.346409
19.135000 4.042709 2.346660
19.145000 4.042744 2.346911
19.155000 4.042779 2.347162
19.165000 4.042814 2.347412
19.175000 4.042849 2.347663
19.185000 4.042884 2.347913
19.195000 4.042919 2.348163
19.205000 4.042954 2.348413
19.215000 4.042989 2.348663
19.225000 4.043024 2.348913
19.235000 4.043059 2.349163
19.245000 4.043094 2.349412
19.255000 4.043129 2.349661
19.265000 4.043164 2.349911
19.275000 4.043199 2.350160
19.285000 4.043234 2.350409
19.295000 4.043268 2.350658
19.305000 4.043303 2.350906
19.315000 4.043338 2.351155
19.325000 4.043373 2.351403
19.335000 4.043407 2.351651
19.345000 4.043442 2.351900
19.355000 4.043477 2.352148
19.365000 4.043511 2.352396
19.375000 4.043546 2.352643
19.385000 4.043580 2.352891
19.395000 4.043615 2.353138
19.405000 4.043649 2.353386
19.415000 4.043684 2.353633
19.425000 4.043718 2.353880
19.435000 4.043752 2.354127
19.445000 4.043787 2.354374
19.455000 4.043821 2.354621
19.465000 4.043855 2.354867
19.475000 4.043890 2.355114
19.485000 4.043924 2.355360
19.495000 4.043958 2.355606
19.505000 4.043992 2.355852
19.515000 4.044026 2.356098
19.525000 4.044061 2.356344
19.535000 4.044095 2.356589
19.545000 4.044129 2.356835
19.555000 4.044163 2.357080
19.565000 4.044197 2.357325
19.575000 4.044231 2.357571
19.585000 4.044265 2.357816
19.595000 4.044299 2.358060
19.605000 4.044333 2.358305
19.615000 4.044366 2.358550
19.625000 4.044400 2.358794
19.635000 4.044434 2.359039
19.645000 4.044468 2.359283
19.655000 4.044502 2.359527
19.665000 4.044535 2.359771
19.675000 4.044569 2.360015
19.685000 4.044603 2.360258
19.695000 4.044637 2.360502
19.705000 4.044670 2.360745
19.715000 4.044704 2.360989
19.725000 4.044737 2.361232
19.735000 4.044771 2.361475
19.745000 4.044804 2.361718
19.755000 4.044838 2.361961
19.765000 4.044871 2.362203
19.775000 4.044905 2.362446
19.785000 4.044938 2.362688
19.795000 4.044972 2.362931
19.805000 4.045005 2.363173
19.815000 4.045038 2.363415
19.825000 4.045072 2.363657
19.835000 4.045105 2.363899
19.845000 4.045138 2.364140
19.855000 4.045172 2.364382
19.865000 4.045205 2.364623
19.875000 4.045238 2.364864
19.885000 4.045271 2.365106
19.895000 4.045304 2.365347
19.905000 4.045337 2.365588
19.915000 4.045370 2.365828
19.925000 4.045403 2.366069
19.935000 4.045436 2.366309
19.945000 4.045469 2.366550
19.955000 4.045502 2.366790
19.965000 4.045535 2.367030
19.975000 4.045568 2.367270
19.985000 4.045601 2.367510
19.995000 4.045634 2.367750
20.005000 4.045667 2.367990
