   1.8591952e+00
   2.6257637e+00
   3.8790558e-01
   1.7375594e+00
   9.8527552e-01
   2.8670970e+00
   1.3324087e+00
   1.6270144e-01
   7.8660193e-01
   2.3098392e+00
   2.7427285e+00
   2.2554466e+00
   9.4040787e-01
   2.4409448e+00
   7.6337951e-01
   1.7092545e+00
   1.0651248e+00
   2.0814888e+00
   2.1629246e+00
   1.7909199e+00
   2.1615361e+00
   2.7643221e+00
   1.5405640e+00
   8.7206438e-01
   2.1308817e+00
   2.5747052e+00
   2.9765770e+00
   2.6804781e+00
   1.2401897e+00
   2.9089385e-01
   1.8338672e+00
   2.0632736e+00
   8.8480280e-01
   1.9661870e+00
   2.3880377e+00
   2.0037084e+00
   2.0054502e+00
   9.4695967e-01
   2.4267115e+00
   9.4985407e-01
   2.9367342e+00
   1.3364894e+00
   1.4133296e+00
   1.1413820e+00
   9.0697934e-01
   2.9133573e+00
   1.0228785e+00
   8.5302064e-01
   2.3007824e-01
   9.6279483e-01
   4.2512982e-01
   2.2977672e+00
   8.6960247e-01
   2.5834282e+00
   2.3416125e+00
   8.4476860e-01
   2.1409094e+00
   3.7128293e-01
   2.2133203e+00
   1.9971244e+00
   2.7122444e+00
   1.1761030e+00
   5.7580407e-01
   6.1955061e-01
   1.3920210e+00
   1.0854296e+00
   1.0486813e+00
   3.7626558e-01
   1.6141938e+00
   2.2053822e-01
   1.6143038e+00
   1.9990580e-01
   1.2173633e+00
   1.8203777e+00
   2.8637648e+00
   1.3757765e-01
   1.0152269e+00
   2.0424205e+00
   1.0698952e+00
   1.0958060e+00
   2.4185622e+00
   7.6364114e-01
   2.7372117e-01
   2.8662024e+00
   2.6121104e-01
   2.6443313e-01
   1.6360775e+00
   2.9828092e+00
   2.2800557e-01
   1.4301924e+00
   2.4377726e+00
   2.5635081e+00
   6.2709391e-01
   1.3093657e+00
   2.7592871e+00
   1.2559734e+00
   1.8313546e+00
   1.0551638e+00
   9.0469265e-01
   1.1533480e+00
   1.9597297e+00
   1.4046959e+00
   2.0523040e+00
   1.5136017e+00
   1.2312502e+00
   1.1989731e+00
   2.9257147e+00
   5.6943611e-01
   1.5055621e+00
   2.9539863e+00
   2.8393156e+00
   1.2692624e-01
   1.4630284e-01
   1.3841806e+00
   2.4336327e-01
   2.6284993e+00
   2.5277683e+00
   1.5118776e+00
   2.0230127e+00
   8.4597977e-01
   2.0930368e+00
   8.7704913e-01
   2.6372523e+00
   1.3832291e+00
   2.7549563e+00
   2.8065355e+00
   2.7423033e+00
   1.6249114e+00
   1.9430236e+00
   4.1114367e-01
   1.2957020e-01
   1.5512138e+00
   1.2893731e+00
   3.0453515e+00
   3.0541535e+00
   9.6799643e-01
   1.5965651e+00
   2.5940455e+00
   1.7993334e+00
   1.6122546e+00
   1.6539907e-01
   1.2604086e-01
   2.0863823e+00
   2.6213945e+00
   2.6304692e+00
   2.3331384e+00
   7.7349817e-01
   1.6412251e+00
   1.6188883e+00
   1.9401595e+00
   1.5848820e+00
   1.0202999e+00
   1.7902312e-01
   2.2454471e-01
   1.5624041e+00
   2.4667723e-01
   2.6647826e+00
   1.0794095e+00
   1.3435111e+00
   9.5855352e-02
   1.3031134e+00
   2.1461531e+00
   1.3560044e+00
   7.4697101e-01
   2.6852640e+00
   2.6174568e+00
   1.0405638e+00
   1.2204812e+00
   7.8823096e-01
   2.8633262e+00
   5.7777943e-01
   1.9494620e+00
   5.0303921e-01
   5.5161560e-01
   2.6457010e+00
   6.7328097e-01
   2.9379458e+00
   1.1679820e+00
   1.0078057e-01
   2.6261022e+00
   2.6027717e+00
   1.6915896e+00
   1.4989275e+00
   3.3943464e-01
   1.2137086e+00
   1.6406055e+00
   2.9678091e+00
   1.3888132e+00
   2.4963546e+00
   2.7459946e+00
   2.5500133e+00
   1.5412575e+00
   2.3642465e+00
   1.2673583e-01
   1.1211568e+00
   7.2292652e-01
   1.9552649e+00
   1.0699660e+00
   6.8062013e-01
   2.6471507e+00
   2.2166876e+00
   1.0676209e+00
   2.8941169e+00
   1.8379591e+00
   1.3701267e+00
   6.9524529e-01
   6.4801813e-01
   1.1931398e-01
   2.6001528e+00
   9.1942818e-01
   1.2795674e+00
   2.2142048e+00
   2.6117392e+00
   1.4086734e+00
   2.2036549e+00
   2.7230187e+00
   1.9605027e+00
   3.0148764e+00
   6.0317995e-01
   1.9508393e+00
   2.1185803e+00
   5.8438279e-01
   5.2960751e-01
   5.0991624e-01
   3.6217239e-01
   2.8089997e+00
   2.6190248e+00
   1.1469100e+00
   3.6045916e-01
   1.0729690e+00
   2.8745921e-01
   3.4853267e-01
   2.2325862e+00
   1.3058642e+00
   1.6304802e+00
   8.8905123e-01
   2.2348430e+00
   2.6651584e+00
   6.1148111e-01
   1.2617251e+00
   1.2812978e+00
   1.6378205e+00
   6.0607751e-01
   1.3207308e+00
   1.0090026e-01
   2.8034190e+00
   1.3680339e+00
   2.2721317e+00
   3.8487987e-01
   3.3638335e-01
   2.4090938e+00
   2.8265396e+00
   7.6769507e-01
   1.4298387e+00
   7.0206188e-01
   4.0444252e-01
   3.4231032e-01
   3.0332714e+00
   1.3952076e+00
   8.4108949e-01
   2.2515110e+00
   1.2329858e+00
   1.8321092e+00
   2.3943112e+00
   2.1979014e+00
   2.8973177e+00
   2.3423798e+00
   6.0560686e-01
   1.5728235e+00
   9.7087653e-01
   2.6463992e+00
   2.0551978e+00
   2.1250945e+00
   4.3190939e-01
   1.8971678e+00
   1.1627283e+00
   1.2896810e+00
   6.5669115e-01
   2.5515003e+00
   2.8920291e+00
   2.7648963e+00
   1.8692754e+00
   1.3455334e+00
   1.1205712e-01
   2.3341107e-01
   1.6300697e+00
   1.5184407e+00
   1.2520186e-01
   1.4532504e+00
   1.6502183e-01
   2.3687540e+00
   1.3688941e+00
   2.9402488e+00
   1.7698867e+00
   2.6779237e+00
   1.7874352e+00
   1.5009807e+00
   1.8471818e+00
   2.8690664e+00
   1.2479085e-01
   9.2135223e-01
   3.1185650e-01
   2.0730356e+00
   1.9506505e+00
   3.6429509e-01
   2.0719883e+00
   4.0887535e-01
   1.9660593e+00
   5.9696263e-01
   1.0022977e+00
   1.0959766e+00
   2.6052963e+00
   7.4284487e-01
   2.5056063e+00
   1.7797794e+00
   1.8311012e+00
   2.0613107e+00
   5.8448453e-01
   1.4412655e+00
   1.1550179e+00
   4.3591906e-01
   8.7540148e-01
   2.3031897e+00
   1.8945607e+00
   1.0802003e+00
   1.1266862e+00
   1.4972222e+00
   1.1688346e+00
   2.2508395e+00
   1.5445933e+00
   2.5965156e-01
   3.0051004e+00
   3.0264817e-01
   1.2573862e+00
   2.2857125e+00
   2.1488770e+00
   1.2236775e-01
   1.7028191e+00
   1.2718836e+00
   1.0044529e+00
   1.5281376e+00
   3.0499447e+00
   2.9224389e+00
   2.5083596e+00
   2.9558596e+00
   1.0944011e+00
   2.7071723e+00
   1.1945624e+00
   6.3539698e-01
   8.3930816e-01
   1.8102986e+00
   1.4789641e+00
   2.2562272e+00
   2.5315664e+00
   2.4383751e+00
   1.1403445e+00
   5.1922910e-01
   5.4409242e-01
   1.1594958e+00
   1.5527731e+00
   1.5567990e+00
   1.3593359e+00
   3.4491687e-01
   2.3634855e+00
   1.5897768e+00
   2.8445001e+00
   1.7275234e+00
   7.5231476e-01
   2.1260387e+00
   9.2302399e-01
   2.6492430e+00
   9.1180903e-01
   1.9924238e+00
   1.6297517e+00
   2.2109860e+00
   1.5388683e+00
   7.5764811e-01
   1.3093456e+00
   9.1387871e-01
   1.0912255e+00
   2.1407089e+00
   2.2384879e+00
   1.8394398e+00
   2.8168978e-01
   7.9355858e-01
   5.0273075e-01
   2.4716697e+00
   2.4737115e+00
   2.0792898e+00
   1.3280195e+00
   1.1557806e+00
   4.2442204e-01
   3.5156697e-01
   6.4775846e-01
   2.8123357e+00
   2.3870986e+00
   2.6058993e+00
   3.0438262e+00
   2.3081713e+00
   2.4093954e-01
   1.4806671e-01
   2.4887061e+00
   2.1210503e+00
   2.8273823e+00
   2.5836836e+00
   1.8068872e+00
   2.3666423e+00
   2.6336037e+00
   1.2578697e+00
   4.4283906e-01
   1.4054455e+00
   7.3879423e-01
   4.4303997e-01
   2.8779547e-01
   1.5669701e+00
   1.2136865e+00
   5.7884310e-01
   2.4675140e+00
   9.0515923e-02
   1.6046276e+00
   9.2623695e-01
   9.9446360e-01
   2.0199823e+00
   1.4430054e+00
   1.9368827e+00
   1.2392082e+00
   9.1292121e-01
   5.2251162e-01
   1.6209063e+00
   1.6266850e+00
   1.7203818e+00
   1.4772853e+00
   1.9897546e+00
   1.2238776e+00
   6.9723470e-01
   2.0023998e-01
   2.7545184e+00
   2.3826835e-01
   9.5373636e-01
   2.7252029e-01
   3.6795974e-01
   2.9305643e+00
   1.6601299e+00
   2.6251164e+00
   1.9188539e+00
   2.3587739e+00
   3.5829960e-01
   1.2957562e+00
   2.9829475e+00
   1.7333696e-01
   4.6704167e-01
   1.8131453e-01
   7.5428980e-01
   4.9231241e-01
   2.3446513e+00
   2.2713181e-01
   7.1105948e-01
   2.9798540e+00
   8.8499125e-01
   1.2325683e+00
   2.6700134e-01
   6.9818794e-01
   2.5909642e+00
   1.9185652e+00
   2.2628843e+00
   5.0423856e-01
   3.0124717e+00
   2.0804184e+00
   2.7343327e+00
   8.1270230e-01
   1.9158107e+00
   1.3479931e+00
   1.2330410e+00
   2.7544760e+00
   2.5928322e+00
   1.7050876e+00
   2.4581011e+00
   3.7170530e-01
   1.1064124e+00
   1.6907368e+00
   1.4063316e+00
   3.7934092e-01
   1.9039152e+00
   1.9990452e+00
   1.8091927e+00
   1.3760583e+00
   2.0989453e+00
   6.5341518e-01
   2.7763690e+00
   3.0151832e+00
   2.8872902e+00
   1.0378278e+00
   3.1910256e-01
   1.2600040e-01
   2.2096528e+00
   2.7577227e+00
   1.9583477e+00
   8.9103035e-01
   6.5288787e-01
   3.0030408e+00
   1.3046126e+00
   1.9302925e+00
   2.8332336e+00
   1.9623240e+00
   5.4312434e-01
   7.7492839e-01
   2.8722642e+00
   1.5485017e+00
   1.5275107e+00
   1.6720351e+00
   2.7519366e+00
   1.5206142e+00
   3.0393145e-01
   2.3571022e+00
   1.5204193e+00
   5.8790510e-01
   9.5887744e-01
   9.0201401e-01
   9.5448974e-01
   2.8799305e+00
   1.3000599e+00
   1.3259088e+00
   1.4695461e+00
   1.0154991e+00
   2.6429789e+00
   1.7372821e+00
   1.7279862e+00
   3.2530127e-01
   1.1343570e+00
   1.0778095e+00
   2.5822568e+00
   9.8809877e-01
   1.0766664e+00
   2.4573038e+00
   1.8690204e+00
   3.7938354e-01
   2.2990161e+00
   1.1143404e+00
   8.8930425e-01
   7.9504227e-01
   2.5986754e+00
   1.7655546e+00
   7.7970412e-01
   8.9662451e-01
   2.7310713e+00
   1.6081596e+00
   2.4810221e+00
   2.7688678e+00
   2.1642710e+00
   1.5464608e+00
   1.3074902e+00
   1.5500738e+00
   1.7692100e+00
   2.5304549e+00
   1.6102104e+00
   6.9491997e-01
   1.5352758e+00
   1.9315837e-01
   1.7884762e-01
   1.8382524e+00
   7.0299590e-01
   1.8902200e+00
   3.8852745e-01
   7.9411453e-01
   2.5704566e+00
   2.7999399e+00
   4.2734188e-01
   6.0776880e-01
   2.8392975e+00
   2.7277181e+00
   3.0060060e+00
   2.1452384e+00
   2.2565898e+00
   2.8590322e+00
   2.2164712e+00
   1.5007874e+00
   1.8358639e+00
   2.2052589e+00
   4.1767268e-01
   2.5048968e+00
   1.5183581e+00
   2.1154073e+00
   2.7383170e+00
   2.1396944e+00
   1.1592891e-01
   9.8504371e-01
   1.7116082e+00
   1.9217062e+00
   1.6747060e+00
   1.5070564e-01
   1.6785622e+00
   1.4242186e-01
   2.5272853e+00
   2.3162732e+00
   1.4843870e+00
   2.3727097e+00
   1.8054702e+00
   1.0349326e+00
   1.1681607e+00
   5.8357584e-01
   1.1729147e+00
   2.6428359e+00
   2.1971433e-01
   2.9416486e+00
   1.3941391e-01
   1.5347943e+00
   1.2206203e+00
   2.1243201e+00
   1.7409636e+00
   2.7233553e+00
   1.7767897e+00
   2.1853761e+00
   1.5900548e+00
   2.0088479e+00
   6.6398940e-01
   1.4975980e+00
   3.8147989e-01
   2.9091016e+00
   1.1776417e+00
   2.6295415e+00
   2.9922781e+00
   9.9867608e-01
   2.5729623e+00
   2.2420388e-01
   2.6641110e+00
   1.0830810e+00
   9.8125422e-01
   2.7437718e+00
   1.6283610e+00
   8.6031777e-01
   2.8789481e+00
   2.4838617e+00
   3.8698934e-01
   3.0124782e+00
   4.3104754e-01
   1.6416173e+00
   3.9363089e-01
   3.4287937e-01
   1.7415394e+00
   2.8119212e+00
   2.6883676e-01
   2.6968163e+00
   1.5455690e+00
   1.1002709e+00
   2.5297389e+00
   2.8962061e+00
   2.0144380e+00
   2.9884676e+00
   1.5879002e+00
   2.7711273e+00
   1.7030477e+00
   2.5181311e+00
   2.6744645e+00
   2.5237646e+00
   2.4035177e+00
   2.7078071e+00
   1.8096982e-01
   3.0012796e+00
   2.6931829e+00
   2.0092503e+00
   2.1835098e+00
   2.9022253e+00
   1.3693217e+00
   2.7908254e+00
   3.0043354e+00
   1.3956817e+00
   8.2833027e-01
   1.9550149e+00
   1.8627797e+00
   1.1716925e-01
   1.6788782e+00
   1.6281971e+00
   2.8230125e+00
   6.0844570e-01
   1.8584897e+00
   1.0515594e-01
   2.4875546e+00
   1.8261292e+00
   9.2729554e-01
   7.7233744e-01
   3.7444071e-01
   1.6651949e+00
   4.9566585e-01
   2.3638475e+00
   2.2488972e-01
   1.2398859e-01
   2.5345145e+00
   2.5638243e+00
   6.0498663e-01
   2.4259456e+00
   9.9914482e-01
   2.8511218e+00
   2.7005415e+00
   6.9524836e-01
   1.6875477e+00
   2.2537621e+00
   2.4626472e+00
   2.6091428e+00
   1.4841809e+00
   2.6519274e+00
   1.9691070e+00
   7.4239727e-01
   5.0308846e-01
   5.1725387e-01
   2.3840318e+00
   1.5740338e+00
   1.0690086e+00
   2.5519002e+00
   2.2540075e+00
   1.9118742e-01
   2.4529977e+00
   2.3336269e+00
   2.1441918e+00
   1.5704053e+00
   6.6517442e-01
   2.0597546e+00
   5.7316216e-01
   1.2408869e+00
   5.4153429e-01
   2.4372737e-01
   2.1414388e+00
   2.9009441e-01
   1.7815026e+00
   2.9051553e+00
   4.1019944e-01
   1.7676888e+00
   4.7922764e-01
   4.1739157e-01
   2.4708906e+00
   2.7443724e+00
   9.4804028e-01
   1.7653316e+00
   1.4613330e-01
   9.9182902e-01
   2.7846139e+00
   1.8483781e+00
   1.8127357e+00
   2.6602358e+00
   2.5626354e+00
   5.1594158e-01
   2.4470233e-01
   2.6909141e+00
   1.3328673e+00
   5.2419229e-01
   7.5655236e-01
   9.9938988e-01
   2.3518976e+00
   1.0176263e+00
   1.4767511e-01
   2.5500469e+00
   3.0298960e+00
   2.9928063e+00
   1.8834021e+00
   1.8052830e+00
   1.1539517e+00
   2.6753079e+00
   2.5319313e+00
   9.0561190e-01
   1.4966239e+00
   2.8565835e-01
   1.2081525e-01
   2.5793808e+00
   3.7534078e-01
   1.5840476e+00
   2.5649048e+00
   2.0248076e+00
   1.9271316e+00
   2.0923331e+00
   2.5476576e+00
   1.3879180e+00
   2.4817460e-01
   7.4259101e-01
   2.7031786e+00
   1.7629320e+00
   6.5935272e-01
   3.1904849e-01
   6.5050716e-01
   2.9515277e+00
   1.2119623e+00
   2.2580122e+00
   4.5040011e-01
   1.9012123e+00
   7.9094772e-01
   2.4038864e+00
   1.0012586e+00
   9.5667809e-01
   2.7168186e+00
   1.0614747e+00
   4.7684968e-01
   1.6539674e+00
   7.1992547e-01
   2.7745576e+00
   1.3414529e+00
   1.5316852e+00
   3.2701256e-01
   2.9438478e+00
   1.5093331e+00
   5.9658834e-01
   2.6235495e-01
   2.4818626e+00
   1.2152066e-01
   6.7336847e-01
   2.1973200e+00
   1.5759227e+00
   2.5326215e+00
   5.8274634e-01
   2.5942733e+00
   9.7419075e-01
   1.8173898e+00
   2.9716332e+00
   2.6368716e+00
   2.2273372e+00
   2.0808704e+00
   2.4578628e+00
   2.4743067e+00
   1.1255898e+00
   1.5193853e-01
   1.7375532e+00
   7.9208121e-01
   1.1657580e+00
   1.3408968e+00
   1.9709508e+00
   2.6000510e+00
   2.6728560e+00
   2.9009392e+00
   2.7333821e+00
   4.3453981e-01
   2.2144028e+00
   1.9964155e+00
   2.9178958e-01
   2.3898487e+00
   1.0171559e+00
   1.1451850e+00
   4.4707591e-01
   8.4974009e-01
   1.2531160e+00
   2.9846736e+00
   1.0735555e+00
   1.7407820e+00
   2.3715504e+00
   1.7215228e+00
   9.4208463e-01
   1.5194413e+00
   2.0616668e+00
   2.9097854e+00
   2.7809245e+00
   2.6044446e+00
   2.3598945e+00
   4.8179538e-01
   2.0490488e+00
   1.8550677e+00
   1.3673961e+00
   2.2369687e+00
   2.9377924e+00
   2.7046594e-01
   9.0008094e-01
   1.7699592e+00
   2.3818309e+00
   7.6560192e-01
   1.5607294e+00
   7.2012353e-01
   2.9730760e+00
   9.6789475e-01
   2.1224225e+00
   1.1877593e+00
   1.2328534e+00
   1.2153924e+00
   1.7348772e+00
   1.0648843e+00
   8.4482199e-01
   2.6551372e+00
   3.1269944e-01
   2.6545197e+00
   2.5692413e+00
   1.4736547e+00
   2.3764451e+00
   2.3429923e+00
   5.9960123e-01
   2.9467614e+00
   2.7000055e+00
   1.8716824e+00
   1.5152952e-01
   6.2668518e-01
   9.7394206e-01
   1.6992279e+00
   2.1814594e+00
   1.9071517e-01
   1.1733488e+00
   1.7862785e+00
   1.0841739e+00
   8.3380418e-01
   1.7605935e+00
   2.4800365e+00
   2.8494851e+00
   2.5643810e+00
   2.7755820e+00
   1.7931837e+00
   2.8964096e+00
   2.0942085e-01
   2.2295491e+00
   1.9705345e+00
   6.7565015e-01
   2.1848214e+00
   2.7238953e+00
   3.0191590e-01
   2.8770101e+00
   1.9413829e+00
   1.0226347e+00
   1.7523719e+00
   3.4270879e-01
   8.1871487e-01
   1.1188609e+00
   2.6525322e+00
   3.8212552e-01
   2.2778442e+00
   9.2443822e-01
   4.4407746e-01
   2.5624885e+00
   2.3547983e+00
   2.3591096e+00
   3.6856649e-01
   2.1960941e+00
   1.4614592e+00
   3.6679917e-01
   1.8218359e+00
   2.5226918e+00
   5.1904306e-01
   2.6595056e+00
   2.9641629e+00
   3.7098174e-01
   1.2382863e+00
   2.3701943e+00
   9.6232799e-01
   2.6860310e+00
   5.4098828e-01
   2.9075291e+00
   1.7077507e+00
   2.5825188e+00
   2.5514526e+00
   1.2482140e+00
   8.6779037e-01
   2.3826134e+00
   2.5593171e+00
   8.8635927e-01
   2.3047201e+00
   1.9154802e+00
   1.2935375e+00
   2.0309630e+00
   1.4430953e+00
   2.3103191e+00
   3.9413856e-01
   5.6319399e-01
   1.7370401e+00
   1.3190377e+00
   1.0717196e+00
   7.2441013e-01
   2.3773905e+00
   2.2456777e+00
   2.5847141e+00
   5.3912950e-01
   2.5089734e+00
   3.6504503e-01
   1.6528674e+00
   5.9426041e-01
   1.9733275e+00
   5.2210190e-01
   2.8211903e+00
   2.3341680e+00
   2.8436903e+00
   2.5715318e+00
   1.2601269e-01
   1.0463151e+00
   9.5007093e-01
   4.2888066e-01
   2.6100750e+00
   2.9916919e+00
   1.6630826e+00
   1.7247709e+00
   1.6793430e+00
   1.0547499e+00
   1.7252315e+00
   6.1929762e-01
   1.6706661e+00
   7.8594084e-01
   1.4266074e+00
   8.0981324e-01
   2.6256038e+00
   2.3774707e-01
   6.5889272e-01
   2.7401570e+00
   2.3906495e+00
   4.8550457e-01
   1.1463019e+00
   1.7091707e+00
   4.9039250e-01
   1.7523929e+00
   1.3382075e+00
   1.2061516e+00
   1.7944730e+00
   2.6221892e+00
   2.5959876e+00
   2.4287189e+00
   5.3285019e-01
   1.9153555e+00
   6.0936850e-01
   1.4623185e+00
   2.1837659e-01
   2.5908182e+00
   1.6750970e+00
   2.8237231e+00
   2.2584945e+00
   1.2543185e+00
   1.9093045e+00
   1.8923450e+00
   2.7462153e+00
   2.9651931e+00
   1.7920443e+00
   1.0958120e+00
   2.6974492e+00
   2.9260249e+00
   2.2932534e+00
   2.8159477e+00
   2.0866926e+00
   2.8689520e+00
   5.0070357e-01
   1.6253341e+00
   1.5204717e+00
   1.4484213e+00
   2.2939468e+00
   1.5663093e+00
   5.4918175e-01
   2.0789288e+00
   2.4849475e+00
   1.9913269e+00
   1.3941972e+00
   8.5726992e-01
   1.8289200e+00
   1.0131114e+00
   2.5304551e+00
   1.0640022e+00
   1.7463465e+00
   2.7775541e+00
   2.5796891e-01
   2.1030202e+00
   2.1878541e+00
   2.9027679e+00
   2.9274291e+00
   2.5078114e+00
   2.6504558e+00
   5.8443943e-01
   1.0576515e+00
   2.3809533e+00
   1.8983509e-01
   2.0136253e-01
   3.0430518e+00
   7.4049381e-01
   2.0651180e+00
   1.4387785e+00
   8.9663212e-01
   9.5728510e-01
   2.8547401e+00
   2.6558727e+00
   3.7759874e-01
   4.8432594e-01
   2.0848919e+00
   1.3189662e+00
   1.6009966e+00
   1.0146783e-01
   2.4100571e+00
   1.2390117e-01
   2.1084414e+00
   2.7527506e+00
   2.9410422e+00
   7.8197571e-01
   1.2227452e+00
   1.8007608e+00
   2.5097131e+00
   2.6962244e+00
   5.7082692e-01
   1.7086639e+00
   1.7922973e-01
   1.8537784e+00
   2.7277272e+00
   1.5141179e+00
   8.6439451e-01
   6.2836586e-01
   2.6621131e+00
   2.8059559e+00
   7.3000754e-01
   2.8900006e+00
   1.6727355e+00
   2.5774506e+00
   2.9577700e+00
   3.0201720e+00
   1.1804673e+00
   1.6446859e+00
   2.0215297e+00
   5.4189099e-01
   3.4776309e-01
   8.2045064e-01
   4.9655832e-01
   2.2164278e+00
   1.2790784e-01
   1.9219447e+00
   2.9769568e+00
   1.8268886e+00
   1.5851609e+00
   5.4369170e-01
   2.0548487e+00
   2.1914494e+00
   1.8156766e+00
   1.8663831e+00
   1.5593143e-01
   2.3105422e+00
   2.0688321e+00
   1.1295279e-01
   2.0131772e+00
   5.1396632e-01
   2.0223805e+00
   1.0718869e+00
   2.0027100e+00
   1.8993645e+00
   2.4888754e+00
   2.7143606e+00
   2.2367889e+00
   1.7341813e+00
   2.1485001e+00
   1.7170988e+00
   1.2984873e+00
   5.7771188e-01
   7.6639375e-01
   4.5443954e-01
   6.7948549e-01
   2.7197601e-01
   2.7303073e+00
   2.2549638e+00
   4.4924666e-01
   6.6227514e-01
   1.2638891e+00
   2.2413839e+00
   1.1969526e+00
   9.3373103e-01
   4.0093471e-01
   2.4511891e+00
   1.6057623e+00
   1.8779761e+00
   2.2884563e-01
   1.3348501e+00
   2.5770510e+00
   1.2560039e+00
   1.3065396e+00
   9.2034922e-01
   7.9369119e-01
   2.7084054e+00
   1.8207999e-01
   2.2513659e+00
   9.4336433e-01
   1.8848311e+00
   2.3786102e+00
   2.9018602e+00
   8.4454934e-01
   1.3181925e+00
   1.6152618e-01
   1.4790087e+00
   1.9568677e+00
   1.9931018e+00
   1.5801750e+00
   1.2871090e+00
   1.7670853e+00
   1.7974425e+00
   2.3259701e+00
   4.4671150e-01
   2.0842336e+00
   2.6026079e+00
   9.2434297e-01
   2.3569920e+00
   1.5031212e+00
   5.8395255e-01
   2.3632715e+00
   2.9378915e+00
   7.9321194e-01
   2.3965131e-01
   4.1366256e-01
   2.4669565e+00
   1.2440806e+00
   1.7833690e+00
   5.2202804e-01
   1.5879029e+00
   2.8927534e+00
   2.7610281e+00
   1.3250907e+00
   1.4363381e+00
   1.0401387e+00
   3.8253368e-01
   1.3660857e+00
   1.0212877e+00
   3.0180607e+00
   1.3751287e+00
   1.2781659e+00
   1.2585459e+00
   5.6999458e-01
   1.3260736e+00
   1.5969325e+00
   9.2455707e-01
   2.0219957e+00
   1.9319884e+00
   2.1898091e+00
   8.3812912e-01
   1.5420884e+00
   1.0421690e+00
   2.0077638e+00
   3.0005476e+00
   2.4062211e+00
   1.2558815e+00
   1.4454839e+00
   1.7247138e+00
   2.0748265e+00
   2.4195869e+00
   1.2988350e+00
   2.1480163e+00
   9.2067823e-01
   4.9350653e-01
   1.2262787e-01
   1.9477530e-01
   1.1341776e+00
   2.4716818e+00
   1.3797125e+00
   5.1509975e-01
   1.0128123e+00
   4.6266819e-01
   2.5787047e+00
   1.4111660e+00
   3.8003334e-01
   2.8832037e+00
   2.9434063e+00
   9.0354714e-01
   2.5924310e+00
   2.6958194e+00
   1.9416898e+00
   1.4569613e+00
   2.1426429e+00
   1.0194088e+00
   1.6181510e+00
   1.1112830e+00
   1.7367373e+00
   2.2033293e+00
   1.1577701e+00
   5.8937233e-01
   2.0165058e+00
   1.0894216e+00
   1.6387094e+00
   1.9352492e+00
   2.1032073e+00
   2.8263763e+00
   3.4459381e-01
   1.6053390e+00
   1.8578040e+00
   2.2813443e+00
   6.0440942e-01
   1.7272021e+00
   2.1422748e+00
   1.5684646e-01
   2.1788360e+00
   1.2074920e+00
   2.9303369e+00
   1.8812295e+00
   1.3342659e+00
   1.1643607e+00
   1.9803622e-01
   6.0478282e-01
   1.2812266e+00
   7.9922224e-01
   4.6230011e-01
   1.3606000e+00
   3.0200869e+00
   1.7119763e+00
   1.5922872e+00
   9.7882042e-01
   1.7748726e+00
   1.0128161e+00
   2.1660273e-01
   1.4978883e+00
   2.1730871e+00
   2.1865386e+00
   1.8219978e+00
   1.2337973e+00
   2.2360086e-01
   1.8117090e+00
   9.1275474e-01
   9.9983752e-01
   1.6141109e+00
   1.1062157e+00
   2.4272447e+00
   2.3612514e+00
   8.5913421e-01
   1.1690578e+00
   8.9104683e-01
   1.5439421e+00
   1.4368684e+00
   2.8026002e+00
   2.4309236e+00
   1.9613643e+00
   1.5215031e+00
   9.8359191e-01
   2.7554988e+00
   2.0566967e+00
   2.2137398e+00
   6.9753658e-01
   2.5337245e+00
   2.1214373e+00
   2.2486954e+00
   2.3011960e+00
   1.6652822e+00
   2.0916206e-01
   1.4646179e+00
   2.1406553e+00
   2.4555336e+00
   1.4558013e+00
   3.2964830e-01
   2.1076597e+00
   2.5250006e+00
   2.8874569e+00
   4.1985061e-01
   2.8535584e+00
   2.2531269e+00
   9.9119207e-01
   1.6833496e+00
   2.1305230e+00
   1.2183228e+00
   2.3018657e+00
   2.8858752e+00
   2.6765056e+00
   3.0431512e+00
   7.6870459e-01
   5.2528166e-01
   1.2382771e+00
   3.1324492e-01
   1.6093271e+00
   3.0915291e-01
   2.7819917e+00
   1.5804788e+00
   5.1451089e-01
   1.7749177e+00
   3.7434764e-01
   2.4343081e+00
   1.0243728e+00
   9.4185737e-01
   1.2087322e+00
   1.1502001e+00
   2.0239665e+00
   1.2745177e+00
   1.5824355e+00
   2.8415074e+00
   1.3556012e+00
   1.3286778e+00
   1.5736239e+00
   2.6771579e+00
   2.8502541e+00
   1.4431973e+00
   2.0120224e+00
   2.3745819e+00
   1.1240943e+00
   1.9678160e+00
   5.8662244e-01
   8.9493045e-01
   7.3841660e-01
   1.3164652e+00
   9.2775069e-01
   1.4273200e+00
   2.3053436e+00
   7.6377276e-01
   2.8324098e-01
   2.9408089e-01
   8.0078613e-01
   2.4932930e+00
   2.8505398e+00
   1.1135863e+00
   1.3518657e+00
   1.5459920e+00
   2.6743664e+00
   2.0994423e+00
   1.5601580e+00
   2.6481042e+00
   1.5170853e+00
   2.3477114e-01
   1.8383915e+00
   1.5651202e+00
   2.8712690e+00
   1.0313438e-01
   2.9446650e+00
   2.5442668e+00
   2.3272091e+00
   2.3178230e+00
   6.2125886e-01
   1.0014801e+00
   2.8662938e+00
   9.0500514e-01
   2.6303700e+00
   1.5423887e+00
   4.8014458e-01
   1.8936888e+00
   2.2343988e+00
   1.8102351e+00
   2.0606267e+00
   2.6557103e+00
   1.5637820e+00
   9.4833408e-01
   3.0486946e+00
   1.5550296e+00
   2.5564719e+00
   2.2776853e+00
   1.5906377e+00
   2.9621949e+00
   2.5315871e-01
   4.0288730e-01
   2.2913915e+00
   3.6155884e-01
   1.9628689e+00
   1.5143194e+00
   1.5224619e+00
   1.3410515e+00
   1.8157580e+00
   2.3116212e+00
   4.0109920e-01
   1.4903903e+00
   4.1087786e-01
   4.8338199e-01
   1.0908950e+00
   3.5685777e-01
   2.7943717e+00
   2.0473018e+00
   1.8200503e+00
   5.4551500e-01
   1.8345021e+00
   1.9544655e+00
   9.2087269e-01
   5.4965431e-01
   1.6402469e+00
   8.5667785e-01
   3.2351124e-01
   2.2254069e-01
   3.0844510e-01
   1.5116785e+00
   1.6855764e+00
   2.6458029e+00
   9.5518572e-01
   9.9518637e-02
   1.7017144e+00
   1.9229697e+00
   1.1926424e+00
   1.4724318e+00
   2.5138771e+00
   3.3416864e-01
   2.8694021e-01
   2.5067518e+00
   8.3227632e-01
