   4.6923568e-01
   3.4474765e-01
   5.4472837e+00
   5.5799020e+00
   6.1662152e+00
   5.6435826e+00
   8.0301813e-01
   9.7429339e-01
   5.1111086e+00
   3.2677749e+00
   4.9776064e+00
   3.8226678e+00
   4.8201255e+00
   5.9142164e+00
   4.1721908e+00
   4.6259537e+00
   1.5781965e+00
   6.0638863e-01
   4.8702568e+00
   4.4421539e+00
   4.4104984e+00
   1.4287412e+00
   5.7706524e+00
   2.9402333e+00
   3.5469645e+00
   4.0011642e+00
   4.3191795e+00
   4.5205236e-01
   6.1572871e+00
   3.8784147e-01
   1.7691182e+00
   2.8932618e+00
   5.1388244e+00
   1.1046042e+00
   1.6376242e-01
   5.9236337e+00
   2.4395748e+00
   8.3011947e-01
   5.1855693e+00
   5.3908675e+00
   4.8287107e+00
   5.5880226e+00
   4.3831030e+00
   4.0920755e+00
   2.7443437e+00
   3.1196230e+00
   2.9713673e+00
   3.6644852e+00
   4.5326215e+00
   3.2902126e+00
   1.8981320e+00
   2.5291702e+00
   2.1296850e+00
   1.6811006e+00
   2.7572958e+00
   6.4937085e-01
   9.0895695e-01
   5.4066816e+00
   3.5483505e+00
   6.3179527e-01
   3.9629272e+00
   3.0255863e+00
   5.3722320e+00
   5.7888636e+00
   2.0457392e+00
   5.9852319e+00
   4.6082891e+00
   5.6495623e-01
   2.2831071e+00
   2.6685823e+00
   6.1937565e+00
   4.9018293e+00
   3.4896229e+00
   3.9756805e+00
   5.6904243e-01
   4.2153685e+00
   1.9338967e-01
   3.5052765e+00
   6.2254977e+00
   1.6672911e+00
   2.0652486e+00
   6.2732865e+00
   4.1583047e+00
   1.3782368e+00
   3.5719131e+00
   2.2112261e+00
   2.7466856e-01
   5.6722712e+00
   1.5634014e+00
   2.1676040e-01
   8.6250804e-01
   1.5717624e+00
   2.3890581e+00
   5.8932691e+00
   2.1809265e-01
   2.3760650e+00
   1.1199826e+00
   2.1892487e-01
   5.5016581e+00
   6.1010659e+00
   3.6493542e+00
   2.3208765e+00
   5.7383143e+00
   4.0059801e+00
   2.9549250e+00
   5.5924382e+00
   1.1268043e+00
   5.0285718e+00
   5.7320460e+00
   4.9696314e+00
   5.1052184e+00
   3.8297929e+00
   5.6568945e+00
   1.7274914e-01
   1.4546088e+00
   5.9341257e+00
   4.0215988e+00
   3.2011659e+00
   3.9061960e+00
   3.1237661e+00
   3.8411449e+00
   6.9728512e-01
   1.4858621e+00
   1.0966291e-01
   5.1949783e+00
   3.0951684e+00
   3.2204628e+00
   1.4213065e+00
   1.1459884e+00
   5.7926912e+00
   5.9394498e+00
   3.4932871e+00
   3.9241704e+00
   3.9313338e+00
   1.8366405e+00
   5.6616275e+00
   1.2603900e-01
   1.0574173e+00
   3.4099190e+00
   6.6165342e-01
   2.4559883e-01
   2.0272074e+00
   5.7860802e+00
   4.4280560e+00
   4.0136766e+00
   5.4274739e-01
   1.4476738e+00
   2.0182146e+00
   2.5722375e+00
   6.6949461e-01
   4.4998448e+00
   5.2403710e+00
   4.4394398e+00
   4.6789600e+00
   4.6276311e+00
   7.7708032e-02
   3.6671349e+00
   4.3715033e+00
   3.7739054e-02
   3.2764485e+00
   5.2609808e+00
   3.6208266e-01
   2.3973861e+00
   3.2660869e+00
   5.2019414e+00
   5.8183911e+00
   3.3881238e+00
   2.9488892e+00
   3.2156604e+00
   5.9164840e+00
   4.2506796e-01
   1.0203272e+00
   4.8617445e+00
   4.5323268e+00
   4.4877216e+00
   4.3057575e+00
   2.2800263e+00
   2.1329556e-01
   5.6428454e+00
   7.0802671e-03
   5.7703253e+00
   2.1622413e+00
   1.4230361e+00
   2.2959559e+00
   3.6462152e+00
   2.7812861e+00
   3.6107296e+00
   3.4174335e+00
   3.9610071e+00
   5.5871913e+00
   3.4035223e+00
   6.1348787e+00
   2.4653988e+00
   2.0737856e+00
   3.1586274e+00
   4.8458130e+00
   3.6898223e+00
   4.3275024e+00
   8.4531119e-01
   6.1904104e+00
   5.2719585e+00
   2.1721705e-01
   4.5133810e-01
   5.2908498e-01
   2.0145059e+00
   1.0161539e+00
   3.3231343e-01
   6.1680476e+00
   4.3708182e+00
   4.4659330e+00
   1.4744004e+00
   4.9350291e+00
   5.0170729e+00
   1.0619383e+00
   2.3982487e+00
   2.3449670e+00
   5.0122563e+00
   2.2642463e+00
   3.4935446e+00
   2.5637258e+00
   6.0826551e+00
   4.3844677e+00
   4.7430225e+00
   9.0037391e-01
   5.2136835e+00
   1.9755507e+00
   3.3977451e+00
   4.0887641e-01
   1.6824263e+00
   2.2353548e+00
   3.3754872e-01
   2.7870596e+00
   3.5311383e+00
   6.0959595e+00
   5.6718741e-01
   1.0833976e-01
   1.4525308e+00
   4.0303656e-01
   3.1673880e+00
   1.4689038e+00
   6.1889161e+00
   3.8053159e+00
   3.0074744e+00
   5.0242386e+00
   2.3180905e+00
   4.0943083e+00
   4.5593787e-01
   7.8552108e-01
   1.1158931e+00
   1.8836753e+00
   5.1683318e+00
   4.3212516e+00
   5.9501558e+00
   4.5952627e+00
   2.5449810e-01
   5.9379088e+00
   5.9316865e+00
   5.6696823e-01
   8.6062943e-01
   2.2978987e+00
   8.4150356e-01
   3.1552851e+00
   4.4997171e+00
   3.9248315e+00
   6.8023883e-01
   2.3022459e+00
   6.1907439e-01
   5.1144128e+00
   6.2775394e+00
   4.0125954e+00
   1.9168098e+00
   5.3665435e+00
   5.8852964e+00
   4.1524893e-01
   4.5845323e+00
   5.0484718e+00
   4.9470517e-01
   2.9408862e+00
   4.3210370e+00
   5.2965512e-01
   5.9326113e+00
   7.6424208e-01
   4.4266618e+00
   5.0765479e+00
   3.2735357e+00
   3.5168564e+00
   5.7901024e+00
   6.0540994e+00
   3.5133460e-01
   1.8466856e+00
   6.1853663e+00
   1.8225285e+00
   4.8629107e-01
   2.2578129e+00
   2.0693815e+00
   3.9547741e+00
   2.5987699e+00
   3.6341035e+00
   3.0003050e+00
   4.4173667e+00
   5.7974885e+00
   1.9177893e+00
   3.3703294e+00
   4.2402334e+00
   5.1210217e+00
   4.4692705e+00
   4.8684534e+00
   5.3990224e+00
   1.7328162e+00
   1.1444703e+00
   2.1946852e+00
   5.8138622e+00
   2.3886241e+00
   3.2061469e+00
   2.6028678e+00
   1.8085282e+00
   4.5516694e+00
   4.6013106e+00
   2.9493120e+00
   2.2675298e+00
   5.2799297e+00
   1.0158481e+00
   2.3424216e+00
   3.8813746e+00
   1.2147086e+00
   2.8823856e+00
   4.6785899e+00
   5.0417441e+00
   4.3236397e+00
   2.2087302e+00
   3.3583487e+00
   1.8906856e+00
   6.1416421e+00
   2.7812979e+00
   1.7830426e+00
   4.2502197e+00
   2.9609240e+00
   4.7262337e+00
   1.8223530e+00
   4.7706493e+00
   4.4079741e+00
   3.7008644e+00
   1.8248070e+00
   5.4922649e-01
   1.4065005e+00
   5.4574889e+00
   1.2695839e+00
   2.1392169e-01
   5.2288157e+00
   7.5090106e-01
   4.7291021e+00
   4.5631162e+00
   2.7655049e+00
   2.3021511e+00
   1.2812993e+00
   5.2264255e+00
   3.5052377e+00
   5.7880869e+00
   4.7459949e+00
   5.0810462e+00
   3.8749760e+00
   4.2621240e+00
   6.2006916e+00
   9.1368478e-02
   1.4489207e+00
   2.0796457e+00
   1.5544081e+00
   2.9303077e+00
   1.0779641e+00
   5.9495197e+00
   2.2762991e+00
   5.3889608e-01
   6.0792504e+00
   1.6188487e+00
   3.0818930e-01
   6.0860920e-01
   2.7744147e+00
   3.8562496e+00
   9.8250527e-01
   2.8546596e+00
   3.4750338e+00
   5.3810249e+00
   1.4995545e+00
   2.2714161e+00
   2.8319138e+00
   5.5876644e+00
   1.7654213e+00
   2.0113681e+00
   4.5071747e+00
   3.5969520e+00
   5.0613395e+00
   3.5707704e+00
   5.3926347e+00
   2.9539328e+00
   4.9138507e+00
   6.2478012e+00
   3.4436383e+00
   2.8633214e+00
   5.4113594e+00
   4.6271539e+00
   2.2948517e+00
   5.9002794e+00
   4.2701648e+00
   3.9131253e-01
   5.7748221e+00
   1.1581977e+00
   2.9456003e+00
   2.2786284e+00
   3.0192201e+00
   1.4584760e-01
   1.0552541e+00
   4.8917753e+00
   3.2758960e+00
   4.4103654e+00
   4.3435625e+00
   4.9473598e+00
   2.2213640e+00
   1.3187632e+00
   4.1930451e+00
   4.1070342e+00
   5.9265425e+00
   3.8132210e+00
   3.4143439e+00
   3.7691609e+00
   1.8284830e+00
   2.9771050e+00
   3.8342715e+00
   4.7723621e+00
   2.2024396e+00
   5.8961845e+00
   8.9501328e-01
   2.2094152e+00
   3.4770205e+00
   5.9650483e+00
   4.2677406e+00
   1.3802622e+00
   4.1164890e+00
   4.2747174e+00
   4.3444800e-01
   6.8259098e-01
   3.1663047e+00
   3.7960606e+00
   4.5594549e-01
   3.9102306e+00
   1.8142391e+00
   2.4422927e-01
   2.7319601e+00
   1.0401267e+00
   1.3277446e+00
   4.2407044e+00
   4.1381923e+00
   3.3924667e+00
   3.0861149e+00
   1.2365669e-01
   5.5408839e+00
   2.0195874e+00
   4.0769585e+00
   5.0889514e+00
   5.7899104e+00
   5.0373441e+00
   2.3761022e+00
   5.0821775e+00
   2.4617423e-01
   1.2868742e+00
   4.2814833e+00
   3.8986600e+00
   5.4191224e+00
   2.8710484e+00
   5.6683877e+00
   8.3824787e-01
   1.2837971e+00
   5.5761656e+00
   2.0568916e+00
   1.2459572e+00
   1.6919359e+00
   3.4016146e+00
   4.6235450e-01
   4.3808790e+00
   4.0150047e+00
   4.1887144e+00
   3.7913669e+00
   2.3258691e+00
   3.3488058e+00
   1.9587949e+00
   1.1831910e+00
   5.3995498e+00
   2.8395609e+00
   3.5183526e+00
   4.3277274e+00
   4.9473879e+00
   5.0233883e+00
   5.8689866e+00
   4.4029939e+00
   4.5501228e+00
   1.2222530e+00
   5.5688232e+00
   2.9492477e+00
   5.7014304e+00
   3.4011425e+00
   9.3707251e-01
   5.4525451e+00
   4.6960424e+00
   4.8392796e+00
   1.5100443e+00
   8.5720945e-01
   4.9511786e+00
   5.5765987e+00
   2.2203401e+00
   3.3803225e+00
   2.5243285e+00
   6.1480658e-01
   4.9751416e+00
   1.5606406e+00
   2.9026328e+00
   1.7933199e+00
   6.3010247e-01
   3.6814723e+00
   3.4374796e-02
   1.4918683e+00
   6.2415563e+00
   4.6947915e+00
   5.5961654e-01
   4.3399486e-01
   4.9850128e+00
   2.8145987e-02
   1.3509315e+00
   1.7186385e+00
   4.4209151e+00
   5.0648513e+00
   4.1445579e+00
   2.9494552e+00
   4.7960854e+00
   3.7047710e+00
   4.6652671e+00
   3.8685802e+00
   1.7916582e+00
   7.7067840e-01
   3.0084538e+00
   3.1628399e+00
   1.4278268e+00
   3.6426698e+00
   1.6398764e+00
   3.2847363e-01
   1.7649751e+00
   4.8127559e+00
   2.3045473e+00
   1.0806390e+00
   3.1190394e+00
   4.0068996e+00
   2.1275696e+00
   6.2669866e+00
   5.5514416e+00
   5.9407785e+00
   5.9777567e+00
   1.4524123e-01
   2.9044652e+00
   4.4533510e+00
   5.5446646e+00
   8.0190761e-01
   2.0909747e+00
   1.7917973e+00
   1.4367717e+00
   3.4905074e+00
   2.9519552e+00
   1.6622938e+00
   5.8780281e+00
   6.0876830e+00
   1.3554291e+00
   1.0174108e+00
   2.8656952e+00
   1.6010894e+00
   1.6709064e+00
   6.2253601e+00
   3.5127414e+00
   5.3269274e+00
   2.0479161e+00
   1.4789841e+00
   4.5647830e+00
   8.6525889e-01
   3.7009536e+00
   4.3062192e+00
   5.9102042e+00
   4.9696484e+00
   9.1878028e-01
   4.7677438e+00
   2.5599797e+00
   2.2755831e+00
   5.6508091e+00
   2.8735755e+00
   1.0486551e+00
   2.1642797e+00
   3.1664116e-01
   5.8801966e-01
   1.0284369e+00
   3.9698225e+00
   4.6704000e+00
   4.8959930e+00
   3.2723353e+00
   1.4087942e-01
   3.7667319e+00
   2.1247639e+00
   4.9284269e+00
   5.6289334e+00
   2.6760492e+00
   6.2715301e+00
   5.2198724e+00
   3.9511284e+00
   4.9498474e+00
   6.1753039e+00
   1.1267138e+00
   2.7224726e+00
   2.6122726e+00
   6.0564850e+00
   6.7576024e-01
   5.0973106e+00
   2.8872874e+00
   3.9308742e+00
   4.9460937e+00
   5.8100733e+00
   5.8294168e+00
   6.2207804e+00
   5.7826605e+00
   2.7088574e+00
   4.8862502e+00
   2.6340577e+00
   4.1711097e+00
   1.2279861e+00
   1.0909594e+00
   6.0095920e+00
   6.1891676e+00
   5.9148514e+00
   1.8942124e+00
   5.8221341e+00
   3.3337585e+00
   5.4052402e+00
   1.7149636e+00
   5.9223857e+00
   3.2667218e+00
   3.0254126e+00
   1.6921640e+00
   3.9189269e+00
   6.0029104e+00
   2.7504433e+00
   5.4815950e+00
   4.4070873e+00
   2.9988535e+00
   2.4466696e+00
   2.4664646e+00
   1.0471430e+00
   2.4195087e+00
   1.5385964e+00
   5.0929378e+00
   1.9929069e+00
   3.5270131e+00
   1.8393633e+00
   5.0644424e+00
   1.1595480e+00
   1.3156498e-01
   2.3942222e+00
   8.0723048e-01
   1.6123597e-01
   2.6519758e+00
   5.3558153e+00
   1.1150563e+00
   7.1103054e-01
   8.4164756e-01
   9.6033084e-01
   3.2910273e+00
   3.1317930e+00
   3.5537553e+00
   2.7836202e+00
   2.6287203e+00
   5.0154752e+00
   2.4357136e+00
   3.6307702e+00
   2.2338493e+00
   2.8623251e+00
   2.4937148e+00
   9.3004845e-01
   1.0003856e+00
   1.3029162e-01
   2.9303705e+00
   3.3353353e+00
   3.4355188e+00
   2.6497723e-01
   5.0991825e+00
   4.1075921e+00
   3.7256722e+00
   4.5283677e+00
   2.4942977e+00
   1.3504984e+00
   3.9376848e+00
   5.1528046e+00
   3.5836081e+00
   4.4263102e+00
   4.5450588e+00
   4.0154064e+00
   3.4299643e+00
   8.0129272e-01
   1.0529048e-01
   3.6093011e+00
   2.5424645e+00
   5.7674933e+00
   7.3066303e-01
   3.4722002e+00
   1.5399561e+00
   1.1060696e+00
   5.8277126e+00
   7.7620484e-01
   5.0399793e+00
   2.1353031e+00
   6.6826833e-01
   2.2382314e+00
   5.4297915e+00
   2.2633518e+00
   5.8562283e+00
   4.7302194e+00
   4.0459410e+00
   5.7046596e+00
   2.1004931e+00
   2.5094173e+00
   4.3772555e+00
   1.5340845e+00
   1.9869367e+00
   4.4440780e+00
   3.3256569e+00
   6.1578381e+00
   2.2963787e+00
   3.8945736e+00
   5.5308874e+00
   3.3485227e+00
   7.8360403e-01
   5.0917505e+00
   2.7791792e+00
   2.6955838e+00
   9.1414281e-01
   1.3909490e+00
   2.3791322e+00
   3.9504831e+00
   4.3549984e+00
   2.1801040e+00
   4.4761954e+00
   1.3570215e+00
   3.8598572e+00
   2.9874182e+00
   2.1415926e+00
   4.6801488e+00
   4.2076879e+00
   3.5006916e+00
   4.5729835e+00
   5.8763113e+00
   1.6557234e+00
   1.1893177e+00
   1.6987839e+00
   9.3162296e-01
   1.0327115e+00
   5.0225222e+00
   1.4215264e+00
   4.2001820e-01
   1.2576189e+00
   5.7626651e+00
   1.8862078e+00
   3.2644123e+00
   6.1741252e+00
   3.2741703e+00
   3.5662474e+00
   1.4013195e+00
   2.3288058e+00
   3.1782845e+00
   2.8655208e+00
   5.8247177e+00
   4.4837165e+00
   4.2157317e+00
   1.0334162e+00
   8.8794411e-01
   2.1436470e+00
   9.1067276e-02
   3.4249444e+00
   2.3374449e+00
   5.9493427e+00
   4.6699467e+00
   7.1955859e-01
   2.0390532e+00
   3.8482699e+00
   3.0210930e+00
   1.1397039e+00
   1.3238308e+00
   1.1205055e+00
   6.2143601e+00
   3.2121639e+00
   6.2827445e+00
   1.4420818e+00
   6.2525582e+00
   5.1232021e+00
   1.0639114e+00
   4.9909714e+00
   2.3645279e+00
   3.1670152e+00
   1.1886931e+00
   4.2163819e+00
   4.8787064e+00
   8.8121239e-01
   2.0037508e-01
   3.5535218e+00
   4.3666028e+00
   4.7179968e+00
   4.3122999e+00
   3.1287547e+00
   2.7697874e+00
   5.8003169e+00
   2.0655448e+00
   3.3902131e+00
   3.5505542e+00
   2.1894425e+00
   6.0685586e+00
   3.1228401e+00
   5.5387879e+00
   3.0898587e+00
   4.4838412e+00
   2.3826186e+00
   5.5697649e+00
   4.6774812e+00
   5.4536644e+00
   1.5626017e+00
   5.8602197e+00
   1.5318638e-01
   4.9228432e+00
   9.7175414e-01
   4.6027544e-01
   5.3758338e+00
   3.4071888e+00
   3.2616940e+00
   8.8945149e-01
   4.2031609e-01
   1.3085505e+00
   2.1646002e+00
   3.5879214e+00
   5.2379393e+00
   5.9566577e+00
   3.4318338e+00
   5.6097858e+00
   5.0438582e+00
   9.0079476e-01
   2.5723101e+00
   1.1008693e+00
   3.2462841e+00
   1.6057899e-01
   4.9171979e+00
   4.0079304e+00
   3.3352569e+00
   8.3604222e-01
   1.7192048e+00
   6.0727880e+00
   3.2525677e+00
   3.1299798e+00
   1.7928823e+00
   2.0157463e+00
   5.8240540e+00
   5.1260596e+00
   5.2233787e+00
   5.8270082e+00
   4.7956256e+00
   4.4732583e+00
   7.3620748e-02
   2.3611927e+00
   5.8946609e+00
   3.2150524e+00
   2.3677647e+00
   3.6548978e+00
   4.8426403e-01
   2.6612374e+00
   4.7323360e+00
   3.4919913e+00
   9.1879337e-01
   1.2223830e+00
   5.9405444e+00
   4.8599940e+00
   4.8937556e+00
   3.4480669e+00
   4.3417912e+00
   2.6217251e+00
   4.4501544e+00
   4.1659688e+00
   3.3879917e-01
   4.9610159e+00
   1.8262568e+00
   6.9186719e-01
   5.5580623e+00
   3.6567210e+00
   3.9257623e+00
   7.3030856e-01
   1.4886202e+00
   6.2378502e+00
   5.3683561e+00
   5.7191570e+00
   4.2001904e+00
   4.9107370e+00
   5.7320128e+00
   1.2431273e+00
   4.5050359e+00
   1.3408250e+00
   4.4607453e+00
   4.5958229e+00
   2.7931616e+00
   5.4399806e+00
   4.8532805e+00
   1.2207494e+00
   2.6957200e+00
   4.7918396e-01
   1.0839088e+00
   3.6712864e+00
   2.0554612e+00
   5.1841917e+00
   4.6662333e+00
   4.7214926e-02
   4.8306078e+00
   1.0000170e+00
   3.6694832e+00
   6.1945247e+00
   6.1798067e-02
   2.7019987e+00
   2.8235927e+00
   4.5117248e-01
   3.0728169e+00
   5.4666502e-01
   4.5820489e+00
   2.0879531e+00
   2.8697270e+00
   2.9868140e+00
   2.9970565e+00
   2.3732037e+00
   6.2787171e+00
   4.0803562e+00
   3.7668107e-01
   1.1356411e+00
   2.4034923e+00
   3.1788344e+00
   5.6296913e+00
   1.7882534e+00
   3.6377182e+00
   6.2373374e+00
   5.8669916e+00
   3.4039198e+00
   4.6083523e+00
   5.7027431e+00
   5.8547612e+00
   1.7625599e+00
   4.6264321e+00
   2.4607722e+00
   4.9178887e+00
   1.3411531e-01
   5.3400414e-01
   1.5252364e+00
   1.7627951e+00
   1.7614072e+00
   2.0558422e+00
   4.3880061e+00
   1.9818396e+00
   5.6392008e+00
   3.8355787e+00
   1.2908605e+00
   5.9527972e+00
   3.6157159e+00
   8.8809535e-01
   2.0533696e+00
   2.2155133e+00
   3.5913988e+00
   4.3587990e+00
   2.8809036e+00
   1.8565847e+00
   4.7571148e+00
   6.1849524e+00
   2.8359828e+00
   1.3339174e+00
   4.1378950e+00
   1.0111065e+00
   4.4148604e+00
   3.6300422e+00
   1.7864864e+00
   2.1486833e-01
   1.5399795e+00
   4.1279358e+00
   1.5866218e+00
   2.9378086e+00
   5.1082365e+00
   1.9573189e+00
   1.1570511e+00
   3.5180865e+00
   1.3856959e+00
   1.2261777e+00
   1.9567405e+00
   4.1015425e+00
   2.3483392e+00
   5.1862034e+00
   3.0447725e+00
   5.4600180e+00
   3.8253436e+00
   5.3154481e+00
   2.2651726e-01
   2.7393597e+00
   5.6119519e+00
   1.9029398e+00
   2.1205463e+00
   3.1369618e+00
   1.9036066e+00
   1.1900432e+00
   4.0140260e+00
   4.0621708e+00
   1.8931356e-01
   3.6926918e+00
   4.1394927e+00
   4.4435968e-01
   5.5436156e+00
   4.4543276e+00
   3.2024206e+00
   5.1403134e+00
   3.5701018e-01
   1.6630337e+00
   1.5048355e+00
   4.9706502e+00
   1.2189068e+00
   5.3524628e+00
   6.2776537e+00
   3.5259381e+00
   2.3392334e+00
   6.2468644e+00
   4.0144602e+00
   2.8283791e+00
   4.6764454e+00
   1.5576957e+00
   5.1050106e+00
   2.8917504e+00
   4.6428928e+00
   3.4465296e+00
   3.5651858e+00
   5.5804508e+00
   1.3615335e+00
   3.8482171e+00
   1.3749669e+00
   4.8057216e+00
   4.5907266e+00
   4.2525598e+00
   2.9320947e+00
   1.5949877e+00
   1.2968760e+00
   3.5160084e+00
   4.8533553e+00
   3.5752203e+00
   3.1864356e+00
   5.8771795e+00
   2.7402833e+00
   4.7545611e+00
   2.6001238e+00
   4.8831916e+00
   2.5593591e+00
   2.2056920e+00
   5.5850648e+00
   3.1655039e-01
   3.0444233e+00
   5.0891981e+00
   2.7939700e+00
   3.4183199e+00
   2.9369480e+00
   7.8159968e-01
   1.5713492e+00
   2.8006354e+00
   1.1842760e+00
   4.0619809e+00
   1.4635532e+00
   8.6899951e-01
   3.2503765e-01
   4.8525768e+00
   4.4423579e+00
   3.8820891e+00
   3.4176376e+00
   2.0261037e-01
   3.5905980e+00
   6.0293298e+00
   5.2133873e+00
   2.4633186e+00
   5.0983516e+00
   5.7234776e+00
   5.0928442e+00
   2.0246905e+00
   4.1309895e+00
   6.9086297e-01
   5.1978349e+00
   3.5928109e+00
   1.7162881e+00
   5.9700508e-01
   1.4137024e+00
   8.6648310e-01
   1.1805869e+00
   9.6051272e-01
   1.7461084e+00
   4.2177404e+00
   6.7110680e-01
   3.1025825e+00
   3.9450999e-01
   3.3564402e+00
   3.4520786e+00
   5.2508693e+00
   2.8713884e+00
   4.1142897e+00
   6.1262657e+00
   4.5362367e+00
   4.0630558e+00
   2.7348306e-01
   3.7521171e+00
   3.0896723e+00
   1.1450654e+00
   5.6158950e+00
   9.6207614e-01
   2.8853940e+00
   5.9747634e+00
   3.7250355e+00
   1.5852200e+00
   4.8396536e+00
   5.7358197e+00
   2.5262264e+00
   5.8541677e+00
   4.2255354e+00
   5.8435656e+00
   4.5859366e+00
   3.7184694e+00
   6.9526549e-01
   4.9372073e+00
   3.8535192e+00
   2.2154309e+00
   3.9164188e+00
   2.9812778e+00
   3.9329117e+00
   4.0290409e+00
   5.5774817e+00
   4.6645027e-01
   4.0738656e+00
   3.8896549e+00
   2.7041757e+00
   1.3006637e+00
   4.0212944e+00
   3.5153123e-01
   4.5129227e+00
   4.3384810e+00
   3.8759687e-01
   3.9272866e+00
   4.9185051e+00
   2.8297052e+00
   9.9356408e-01
   5.8058673e+00
   5.9797449e+00
   2.4265050e+00
   5.4694914e+00
   4.6425986e+00
   6.0387472e+00
   5.2437509e+00
   2.5200929e+00
   3.1745221e+00
   4.0613316e+00
   4.8629707e+00
   5.7415849e+00
   4.4177532e+00
   3.9180176e+00
   6.0828191e+00
   4.9528563e-01
   1.2267121e+00
   4.7286496e+00
   3.3336627e+00
   5.6686956e+00
   3.0446024e+00
   6.1365689e+00
   1.4227534e+00
   4.4970627e+00
   3.8539129e+00
   3.2315508e+00
   4.2124419e+00
   5.7806681e+00
   1.0406244e+00
   1.4636470e+00
   4.9274410e+00
   1.7034436e+00
   4.5216350e+00
   3.6563217e+00
   5.6150125e+00
   3.8519460e+00
   5.2404526e+00
   4.8048583e+00
   1.8214472e+00
   4.8257403e+00
   1.2634790e+00
   5.4482420e+00
   3.7843026e+00
   2.7215713e+00
   2.1647099e+00
   3.3561861e-01
   2.0019699e+00
   1.9058077e+00
   4.8494684e+00
   6.0876489e+00
   6.3192624e-01
   5.9943364e+00
   5.5174601e+00
   3.5289638e+00
   9.1853334e-01
   4.5438831e+00
   6.0170337e-01
   3.2943937e+00
   1.1487079e-01
   7.6862997e-01
   6.1840115e-01
   9.0841354e-01
   2.0252123e+00
   5.0352701e+00
   6.1209547e+00
   2.3082234e+00
   5.7240769e+00
   4.0257368e+00
   5.4104299e-01
   3.2882415e+00
   8.0421785e-01
   3.0193448e-01
   1.3953051e+00
   1.3494641e+00
   3.5905528e+00
   2.7138721e+00
   1.3767285e+00
   3.0503297e+00
   1.7744878e+00
   3.0162590e+00
   4.2987463e+00
   1.2442707e+00
   1.0008515e+00
   5.4980271e+00
   4.0682795e+00
   3.6283985e+00
   3.6108559e+00
   2.3759223e+00
   4.7999865e+00
   3.4798852e-01
   2.4022350e+00
   3.6268794e+00
   4.3531718e+00
   3.5715280e+00
   2.5845928e+00
   1.8117355e+00
   4.5192736e+00
   4.9588256e+00
   5.5209658e+00
   4.2012411e+00
   1.9782851e+00
   2.3131389e+00
   2.8389094e+00
   5.7490203e+00
   4.3182674e+00
   4.9633648e+00
   4.1860631e+00
   3.5824539e-01
   4.0565086e-01
   1.2948608e+00
   3.2542049e+00
   5.5658557e-01
   3.6968483e+00
   4.0952465e+00
   2.2648654e+00
   4.1888750e+00
   2.6869396e+00
   5.3099754e+00
   9.6124982e-02
   4.7130020e+00
   5.1520725e+00
   7.0221718e-01
   6.0325615e+00
   2.6339053e+00
   3.3705431e+00
   2.9341922e+00
   1.7594116e+00
   4.6799608e+00
   2.9077171e-01
   3.2509193e+00
   1.0343338e+00
   5.1588278e+00
   4.8157033e+00
   9.6424103e-01
   5.3394995e+00
   1.8334763e+00
   4.5428712e+00
   3.1652277e+00
   4.6633572e+00
   1.2485529e+00
   5.0951146e+00
   5.3295654e+00
   9.7943267e-01
   4.3681617e+00
   3.9182537e+00
   2.8241095e-03
   3.1129877e+00
   2.6029149e+00
   3.4430640e-01
   3.5721356e+00
   5.4467584e+00
   6.0012386e+00
   3.2931689e+00
   4.9085690e+00
   2.3843876e-01
   8.6572571e-01
   1.8023802e-01
   5.1082259e+00
   2.0427483e+00
   5.7175307e+00
   5.8097881e+00
   5.9189256e+00
   2.8487779e+00
   1.2122368e+00
   8.6863450e-01
   3.0195470e+00
   4.0787008e-01
   5.4446353e+00
   1.0243286e+00
   2.5205381e+00
   4.4444197e+00
   2.5546246e+00
   4.7493556e+00
   5.3967714e+00
   5.2687633e+00
   4.2490594e+00
   3.2713657e+00
   5.9831791e+00
   4.6763145e+00
   4.5389972e+00
   7.8947210e-01
   3.6947310e+00
   1.3614703e+00
   2.1666688e-01
   6.2757170e+00
   2.3727573e+00
   6.0306481e+00
   2.6610607e+00
   1.0352270e+00
   1.6438122e+00
   1.9655550e+00
   1.2226301e+00
   7.3371749e-01
   5.9442842e+00
   2.7652756e+00
   6.2641107e+00
   2.6058571e+00
   3.2213127e+00
   9.5421094e-01
   2.8513357e+00
   6.0493358e+00
   1.5565320e-01
   7.2078965e-03
   3.3402810e+00
   4.9488481e+00
   1.5280670e+00
   5.7598335e+00
   3.6350795e+00
   5.2820336e+00
   2.7505566e-02
   4.0877920e+00
   1.6311572e+00
   4.5828857e+00
   2.1311842e+00
   9.3580590e-01
   2.2667802e+00
   8.0151221e-02
   5.6003997e-02
   2.4414025e+00
   5.5730258e+00
   5.9231165e+00
   2.0792826e+00
   2.4126311e+00
   3.0635627e+00
   3.8674045e+00
   7.1288292e-01
   1.9320784e+00
   4.9962201e+00
   2.9745416e+00
   1.6026042e+00
   3.4895364e+00
   6.0523429e+00
   1.0221848e+00
   3.5779799e+00
   4.4011083e+00
   4.3445277e+00
   5.4616434e+00
   1.9940858e-01
   3.7985997e-01
   3.3034276e+00
   2.2871027e+00
   3.3592270e+00
   4.4062148e+00
   2.1255628e+00
   6.1360287e+00
   4.0818764e+00
   5.9427467e+00
   4.0194458e+00
   3.6398211e-01
   2.6729316e+00
   2.9707214e+00
   6.0058942e+00
   3.5901424e+00
   2.3083868e-01
   5.0484736e+00
   2.1173291e+00
   1.9515060e+00
   3.2732352e+00
   3.6546151e+00
   4.0274506e+00
   3.4724663e+00
   1.4954508e-01
   2.7468494e+00
   1.3877022e+00
   4.3548641e+00
   4.0636454e+00
   2.6346019e+00
   5.5843159e+00
   3.6112417e+00
   1.5673102e+00
   2.7565836e+00
   2.5178903e+00
   3.1053198e+00
   2.5639274e+00
   5.4116619e+00
   5.7102336e+00
   4.2483326e+00
   2.4094289e+00
   5.4770317e+00
   1.1178906e+00
   6.6290423e-01
   9.1344239e-01
   2.0625870e+00
   5.1280728e+00
   4.1498185e+00
   1.4898034e+00
   4.4284309e+00
   4.8143426e+00
   3.3768531e+00
   9.8612881e-01
   1.4903730e+00
   1.2126190e+00
   4.8944565e+00
   6.0963610e+00
   2.2533131e+00
   5.4898654e+00
   9.9332585e-01
   5.1212498e+00
   1.8127987e+00
   3.2540263e-01
   1.1836200e+00
   4.2447506e+00
   4.2342872e+00
   3.6575416e+00
   8.3315742e-01
   4.3402947e+00
   1.1898746e-01
   7.0224506e-01
