   5.9721822e+00
   1.6057171e+00
   5.9901614e+00
   3.1885381e+00
   2.7542883e+00
   1.5489531e+00
   5.4507590e+00
   2.4463193e+00
   5.7032263e-01
   2.0821463e+00
   4.8775759e+00
   5.2014088e+00
   3.5170390e-01
   1.9210842e+00
   5.1616282e+00
   3.2688572e+00
   4.6240688e+00
   2.6042640e+00
   1.4666827e+00
   9.1154962e-01
   1.7494109e+00
   1.7678503e+00
   2.6285973e+00
   1.9926657e-01
   2.6822368e+00
   3.3586112e-01
   5.8910521e+00
   5.9288645e+00
   3.5909406e+00
   4.8413857e+00
   1.8277739e+00
   5.8633112e-01
   5.4754759e+00
   2.1978275e+00
   4.1599774e+00
   2.2572668e+00
   1.0366997e+00
   3.8507540e+00
   5.1046314e-01
   5.9554868e+00
   3.9295425e+00
   1.7566145e+00
   3.1386907e+00
   4.3938133e+00
   4.9853849e+00
   3.2072053e+00
   5.4327913e-01
   4.2192925e+00
   1.9137429e+00
   5.9773181e+00
   3.4008286e+00
   8.8294887e-01
   5.7399832e+00
   3.5965766e-01
   1.9663705e+00
   1.4343960e+00
   5.4439091e+00
   5.4740584e+00
   5.4171979e+00
   1.4758585e+00
   2.2561397e+00
   3.1507103e+00
   3.4418825e+00
   3.0164173e+00
   5.2534849e+00
   1.2449666e+00
   8.5658108e-01
   2.1034469e-01
   4.9249293e+00
   4.9880851e+00
   4.1048468e+00
   4.3480825e+00
   2.6481942e-01
   5.8724628e+00
   3.7620873e+00
   8.7598946e-01
   4.8197523e+00
   3.8698961e+00
   3.6278487e+00
   3.1854841e+00
   5.2236142e+00
   2.1503102e+00
   5.5198140e+00
   1.9484479e+00
   4.2902709e+00
   3.1199805e-02
   2.1176648e+00
   2.8738437e+00
   1.8189146e+00
   4.8318738e+00
   8.4845963e-01
   5.3535194e+00
   4.9535024e+00
   4.2849319e+00
   2.4418468e+00
   5.4488127e+00
   1.1395211e+00
   1.3354088e+00
   6.0469761e+00
   2.7255084e+00
   3.7420049e+00
   4.7409655e+00
   4.3498500e+00
   2.7892687e+00
   3.8688729e+00
   1.0505491e+00
   4.0763707e+00
   1.5572524e+00
   3.2400361e+00
   3.5583381e+00
   4.5342251e+00
   2.0812152e+00
   6.2240676e+00
   2.0015411e+00
   1.0774937e+00
   4.9759747e+00
   3.2644054e-01
   4.9756694e+00
   5.4138273e+00
   6.6869706e-01
   1.0924516e+00
   9.3210131e-02
   1.7947451e+00
   4.6294355e-02
   4.7878569e+00
   5.5287394e+00
   4.9977235e+00
   1.6691352e+00
   3.9168502e+00
   3.3098195e-01
   4.6316331e+00
   2.1209555e+00
   4.2841482e+00
   2.0231197e+00
   1.3429112e+00
   4.1635601e+00
   7.3440161e-03
   4.7231532e+00
   4.6317391e+00
   3.4843949e+00
   6.2585547e+00
   2.3988138e+00
   5.3506897e+00
   6.0089260e+00
   1.1571601e+00
   1.7406080e+00
   1.1405185e+00
   5.8789141e+00
   4.2682161e+00
   2.1605008e+00
   3.0207285e+00
   3.1060373e+00
   2.3756998e+00
   2.7228516e+00
   5.6401780e+00
   1.9881244e+00
   4.4598383e+00
   5.0159311e+00
   6.0954168e+00
   3.3418852e+00
   2.5198497e+00
   5.2820610e+00
   1.0445922e+00
   2.9798379e+00
   1.0552727e+00
   1.3420039e+00
   2.7976006e+00
   3.0753249e+00
   6.1123489e+00
   4.0610529e+00
   6.0471259e+00
   4.8516513e+00
   5.6858174e+00
   1.5530363e-01
   5.8538426e+00
   1.5105198e+00
   1.0132614e+00
   6.0401273e+00
   2.9139450e+00
   5.1159330e-01
   5.4176747e+00
   1.6544688e-01
   5.5920032e+00
   5.0640118e+00
   2.4283534e+00
   4.1268166e+00
   2.1485658e+00
   1.3670753e+00
   5.3310474e+00
   5.4115150e-01
   5.6720404e+00
   4.1887094e+00
   1.1085780e+00
   3.8420667e+00
   6.2461761e+00
   2.0951100e+00
   2.8156764e+00
   3.1623349e+00
   3.4532004e-01
   3.4692129e+00
   2.8102016e+00
   1.1623854e+00
   7.2519057e-01
   8.5144286e-01
   5.9650054e+00
   3.4426332e+00
   5.6565684e-01
   5.1931983e+00
   2.9910782e+00
   5.7107425e+00
   1.2251319e+00
   2.7339902e+00
   4.3250137e+00
   5.5467804e+00
   2.9261515e+00
   5.1357170e-01
   4.2767389e+00
   5.7245738e-01
   3.5307161e-01
   6.2062704e+00
   1.4691019e+00
   5.1037426e+00
   8.9037318e-01
   4.9514371e+00
   3.3756086e+00
   1.4803446e+00
   2.5708999e+00
   1.0268700e+00
   2.7713736e+00
   2.6818542e+00
   1.9735969e+00
   5.9180093e+00
   1.5467872e+00
   6.2714102e+00
   3.5328725e-01
   5.4261949e+00
   3.6829270e+00
   3.6867706e+00
   2.4742258e+00
   3.0502654e+00
   3.1216036e+00
   5.0342785e+00
   2.6953060e+00
   3.8077763e+00
   3.9749069e+00
   3.3030241e+00
   2.5387668e+00
   4.3327853e+00
   2.6718132e+00
   1.4998060e+00
   4.8659372e+00
   1.2562410e+00
   2.0947513e+00
   2.1744509e+00
   2.7600772e+00
   5.2809841e+00
   5.0147852e+00
   4.1831300e+00
   1.5918711e+00
   2.1944368e+00
   2.8601661e+00
   4.4404779e+00
   3.1357020e+00
   2.1891198e+00
   5.0672046e+00
   1.0877758e+00
   1.3503053e+00
   5.3116823e+00
   2.7220337e+00
   5.9064181e+00
   4.9158830e+00
   5.2029912e+00
   1.7297153e+00
   2.4388231e+00
   5.8659602e+00
   2.8018951e+00
   1.6535631e+00
   4.6313418e+00
   3.4903794e+00
   3.1901110e+00
   2.1781752e+00
   2.8321694e-02
   1.7762720e+00
   5.3109170e+00
   1.9780420e+00
   5.9144878e+00
   4.1988364e+00
   6.4439944e-02
   4.6282541e+00
   2.3923336e+00
   6.2768505e+00
   1.2734824e+00
   9.4097983e-01
   5.0335090e+00
   6.0656614e+00
   5.7892457e+00
   4.8326583e+00
   2.7211960e+00
   3.3229743e-01
   6.0320505e+00
   9.7900550e-01
   8.8238255e-01
   4.4929078e+00
   5.9413928e+00
   4.6804903e+00
   3.5257129e+00
   9.1332875e-01
   3.9841023e+00
   3.9431207e+00
   5.3298522e+00
   5.6724311e+00
   7.6275024e-01
   5.0043909e-01
   3.4026817e+00
   5.2995380e+00
   3.4509734e-01
   5.0118093e+00
   7.4598742e-02
   1.8559477e+00
   1.3809447e+00
   6.1580639e+00
   5.8218243e-01
   4.5342422e+00
   5.0627607e+00
   2.1641435e+00
   6.0383771e+00
   4.9481946e+00
   2.9105862e+00
   2.5911317e+00
   6.8828435e-02
   2.3997836e+00
   2.8202992e-01
   5.2937744e+00
   3.8054404e-01
   1.0873618e+00
   6.2127266e+00
   2.1489496e+00
   3.3546301e+00
   5.9109989e+00
   2.4090190e-01
   1.0937322e+00
   1.0673283e+00
   4.8830140e+00
   2.1357938e-01
   3.0810878e+00
   4.6933155e+00
   4.8173017e+00
   1.9255053e+00
   1.2379058e+00
   3.1501554e+00
   1.8489624e-01
   2.6944975e+00
   3.6585289e+00
   4.4361565e-01
   4.2858258e+00
   5.4802998e+00
   3.0677500e-01
   4.4262283e-01
   2.3268382e+00
   1.1449589e+00
   3.9679944e-01
   2.0523026e+00
   5.4071025e+00
   3.7397308e+00
   2.6414904e+00
   3.1542792e+00
   2.2003929e+00
   8.0974662e-01
   3.3630577e+00
   2.4975602e+00
   3.7537473e+00
   2.1561967e+00
   1.2027936e+00
   3.1792918e-02
   8.3629566e-01
   3.3722501e+00
   9.8657317e-01
   2.6866881e+00
   5.7904570e+00
   5.1959034e+00
   6.1959481e+00
   5.3793557e+00
   1.2636745e+00
   2.0487214e+00
   5.2967157e+00
   4.2322955e-01
   5.0082481e+00
   4.4688370e+00
   2.2421829e+00
   2.5746069e+00
   4.1490854e-01
   5.2581220e+00
   1.8660748e+00
   5.6353665e+00
   1.9257852e+00
   2.5544631e+00
   5.3831466e+00
   2.9950687e+00
   3.1660598e+00
   4.2839138e+00
   1.7517894e+00
   5.1561549e+00
   6.2699794e+00
   4.7235706e+00
   5.8599658e+00
   4.4739229e+00
   4.0458560e+00
   5.8180518e+00
   4.7795054e+00
   9.9278037e-01
   5.3220381e+00
   6.1660217e+00
   3.0589424e+00
   5.8599047e+00
   3.3467627e+00
   4.3972045e+00
   4.3002493e+00
   6.0440667e+00
   4.4896050e+00
   4.6622252e+00
   1.7733767e+00
   5.4675038e+00
   7.7096857e-01
   2.4591989e+00
   4.8538460e+00
   5.2414010e+00
   3.1942411e+00
   6.2722709e+00
   4.1737096e+00
   5.9940714e-01
   4.3660003e+00
   3.8171881e+00
   2.3355348e+00
   1.2098933e-01
   5.8519235e+00
   1.3859073e+00
   5.6756083e-01
   3.4345594e+00
   2.7212311e+00
   3.3254153e+00
   5.6267098e+00
   4.4038226e-01
   4.8464383e-01
   1.2387407e+00
   4.0242360e+00
   2.0126716e+00
   6.4733192e-01
   3.5215020e+00
   2.6943933e+00
   4.4613841e+00
   4.1312935e+00
   5.9678508e+00
   3.4872207e+00
   5.9519128e-01
   2.6972426e+00
   1.9477784e+00
   4.5847073e+00
   1.2394079e+00
   9.8711826e-01
   1.4274534e+00
   1.3188647e+00
   2.4956470e+00
   2.0826845e-02
   4.0471006e+00
   3.4863136e+00
   5.7762864e+00
   3.3555416e+00
   9.7728799e-01
   1.1557396e+00
   6.2514263e+00
   4.9748404e+00
   2.5683670e+00
   1.4116760e+00
   2.4507699e+00
   2.7072732e+00
   4.5991284e-01
   5.0750823e+00
   5.3649459e-01
   5.6263984e+00
   5.5257260e+00
   6.8724832e-01
   4.5611072e-01
   2.7499148e+00
   5.5859507e+00
   3.6386955e+00
   6.1076184e+00
   3.5933742e+00
   1.9827561e+00
   5.0673232e+00
   3.0012871e+00
   3.9356579e+00
   1.3298492e+00
   2.6399676e-01
   5.7543903e-01
   3.7916907e+00
   3.9923025e+00
   2.5770506e+00
   4.3668500e+00
   1.3527498e+00
   4.8280008e-01
   1.4805967e+00
   9.9993253e-01
   4.5058169e+00
   6.2759327e+00
   2.4729598e+00
   1.2652993e-01
   3.9549652e+00
   1.1124978e+00
   3.6997813e+00
   3.3316282e+00
   2.1576387e+00
   4.4950912e+00
   2.2028016e+00
   3.4128506e+00
   2.9449321e+00
   8.1971586e-02
   8.2392393e-01
   4.3792450e+00
   2.5107074e+00
   1.3875434e+00
   7.0321377e-01
   2.7123463e+00
   1.8784513e+00
   4.0164527e+00
   5.1897973e-01
   5.1695132e-01
   5.0423306e+00
   4.6518040e+00
   2.4258313e+00
   6.1955169e+00
   3.8013139e+00
   2.2733016e+00
   4.7817073e+00
   4.5189166e+00
   3.2553825e+00
   6.8559666e-01
   6.8171218e-01
   1.2740672e+00
   4.4291663e+00
   4.3228273e+00
   5.3262445e+00
   3.8801965e+00
   4.9529873e+00
   3.9416516e+00
   7.2705065e-01
   1.4480264e+00
   1.9728985e+00
   1.9674948e+00
   5.7839368e+00
   3.6592239e-01
   4.3946215e+00
   3.1497303e+00
   3.2368111e+00
   2.8328004e+00
   5.2419830e+00
   2.9722063e+00
   4.5793251e+00
   2.5306364e+00
   7.2904389e-01
   2.4519845e+00
   3.2614750e+00
   4.4275443e+00
   2.7538618e-01
   1.4326295e+00
   5.2133524e+00
   2.9721272e+00
   2.3649299e+00
   2.6742980e+00
   3.5279077e+00
   2.9774441e+00
   1.2367517e+00
   5.2942595e+00
   3.5901644e+00
   2.3547312e+00
   6.0154452e-01
   2.3756390e+00
   4.7784457e-01
   1.2107851e+00
   5.9498168e+00
   5.0750063e+00
   7.8203006e-01
   6.0705984e+00
   3.7887783e+00
   4.2512223e+00
   1.5249701e+00
   5.8737462e+00
   3.3498142e+00
   5.5120954e-02
   6.0975852e+00
   5.5302370e+00
   4.0673146e+00
   5.6065768e-01
   4.0333674e+00
   4.5983808e-01
   1.8830699e+00
   3.9288028e+00
   1.8086799e-01
   9.9668891e-01
   4.5777283e+00
   3.3443313e+00
   1.2358206e+00
   5.7697411e+00
   1.3525811e+00
   2.2172479e+00
   9.9423695e-01
   2.3252329e+00
   4.6312972e+00
   1.8848257e-01
   3.5240777e+00
   1.3710615e+00
   5.7690182e+00
   3.2550918e+00
   9.8522826e-01
   5.2171064e+00
   4.7215610e+00
   2.1593788e+00
   3.9042877e+00
   3.8412364e+00
   3.8264230e+00
   3.7449948e+00
   1.8430005e-01
   2.4331756e+00
   5.9304958e+00
   4.1453489e+00
   5.8517310e+00
   5.5664097e+00
   4.4508828e+00
   2.7802234e+00
   5.1121955e+00
   5.3737368e+00
   1.1686120e+00
   2.2192839e+00
   3.5569772e+00
   1.1612100e+00
   2.9254176e+00
   1.1515333e+00
   3.7160031e+00
   4.9071493e+00
   4.1184446e+00
   3.7729356e-01
   4.3194100e+00
   4.1585617e+00
   3.3477053e-01
   4.7961016e+00
   2.1771249e-01
   5.6406673e+00
   4.4436804e+00
   5.6210835e-01
   2.0974832e+00
   8.6931454e-01
   1.5031192e+00
   6.1014571e+00
   6.1012482e+00
   5.0702038e+00
   5.7998438e+00
   4.2866718e+00
   4.0464016e+00
   3.1211677e+00
   6.2321260e+00
   4.5494753e+00
   2.3870054e+00
   4.9989883e-01
   4.6029818e+00
   3.2278893e+00
   3.2820080e+00
   5.1167506e+00
   5.2440857e+00
   5.9492498e+00
   3.0571055e+00
   1.1324780e+00
   1.1221023e+00
   3.7554287e+00
   6.1243893e+00
   5.8278475e+00
   3.4804125e+00
   1.8155628e+00
   1.4170951e+00
   4.8172994e+00
   1.3710257e+00
   2.7957163e+00
   2.2066763e+00
   2.6451355e+00
   5.0682782e+00
   1.9232520e-01
   1.4647978e+00
   5.7050627e+00
   5.2844460e+00
   5.2246909e+00
   9.7724390e-01
   1.9198860e+00
   4.6319911e+00
   3.7776328e+00
   3.7155136e+00
   5.7290413e+00
   3.1695419e+00
   4.9787211e+00
   5.0560643e+00
   4.0904643e+00
   3.7638719e+00
   1.8722688e+00
   6.0680236e+00
   5.7954916e+00
   4.0858650e+00
   1.1048239e+00
   1.1237279e+00
   2.0438792e+00
   3.9806800e+00
   1.7810099e+00
   1.9062778e+00
   5.6004315e+00
   6.1502866e+00
   5.3533799e+00
   3.1168316e+00
   5.5007530e+00
   4.4586371e+00
   5.9899011e+00
   1.6273221e+00
   5.8043430e+00
   4.7473317e+00
   4.1408186e+00
   1.4103876e+00
   5.1499673e+00
   2.7221082e+00
   2.4490459e+00
   2.9964464e+00
   1.6938997e+00
   3.6997122e+00
   6.0928467e+00
   5.5335197e+00
   6.0535275e+00
   3.2358796e+00
   3.2037859e+00
   3.4909348e+00
   5.3386097e+00
   5.2741241e+00
   8.0694060e-01
   1.5883810e+00
   2.1103788e+00
   4.5920449e+00
   4.2798848e+00
   2.0553629e+00
   2.2645496e+00
   2.0730363e+00
   2.9301133e+00
   5.4731207e+00
   5.9918619e+00
   3.5450801e+00
   5.9355600e+00
   5.2316252e+00
   1.7023730e+00
   2.1202294e+00
   1.0522998e+00
   6.0661751e+00
   2.5840358e+00
   5.4408480e+00
   5.7846539e+00
   4.9463450e+00
   2.1676411e+00
   4.3546276e-01
   4.7967704e+00
   3.7383364e+00
   3.5456414e+00
   4.2986295e+00
   3.9333622e+00
   4.6579922e+00
   4.5598589e+00
   2.1136830e+00
   1.6142436e+00
   1.4633739e+00
   5.8585202e+00
   2.8042937e+00
   4.7664419e+00
   2.5848600e+00
   4.4501390e+00
   4.1921079e+00
   5.7509322e+00
   4.6356298e+00
   2.0022902e+00
   5.5803144e+00
   1.8227008e+00
   5.7730907e+00
   6.2019781e+00
   2.9157758e+00
   5.3505686e+00
   2.1012437e+00
   5.2322176e-01
   6.2622729e+00
   1.7042747e+00
   3.8539594e+00
   5.7961250e+00
   1.6375463e+00
   2.2039805e+00
   4.8320204e+00
   3.2746752e+00
   2.2263111e+00
   2.2407020e+00
   4.8427886e+00
   6.6277073e-01
   5.0145298e-01
   6.0210100e+00
   5.7074074e+00
   2.3283646e+00
   6.1333148e-01
   2.3103457e+00
   4.3377790e+00
   5.7560951e+00
   3.5291490e+00
   3.7112538e+00
   2.1961613e+00
   2.0043169e+00
   9.7761050e-02
   2.6113594e+00
   5.8408147e+00
   2.0976709e+00
   1.9008180e+00
   8.6066356e-01
   3.8810365e+00
   3.4285477e+00
   5.8060984e+00
   1.3289105e+00
   5.2277731e+00
   2.4124758e+00
   4.8470659e+00
   1.3600057e+00
   5.5519522e+00
   2.8090619e+00
   5.6186123e+00
   2.2574017e+00
   4.3629456e+00
   3.6984391e+00
   5.1424637e+00
   1.0355610e+00
   1.0467283e+00
   3.5458310e+00
   3.5979511e+00
   5.4948412e+00
   3.7570624e+00
   3.1519923e+00
   1.9087589e+00
   2.2794316e+00
   5.1968968e+00
   3.2822028e+00
   3.5347945e+00
   4.6887035e+00
   4.1358233e+00
   6.2243327e+00
   4.3231653e+00
   3.7387225e+00
   4.7574465e+00
   3.6013660e+00
   5.0146302e+00
   5.8012340e+00
   4.8458595e+00
   1.6929430e+00
   5.9537271e+00
   5.4249031e+00
   3.7022970e+00
   9.5147475e-01
   4.6882786e+00
   3.6824722e+00
   4.7510706e+00
   3.9640346e-01
   2.5977940e+00
   5.5916705e+00
   5.5049205e+00
   5.9054827e+00
   2.1082369e+00
   5.8761904e-01
   3.1181827e+00
   5.9171392e-01
   5.4645721e+00
   6.7258050e-01
   4.0201998e+00
   2.1150332e+00
   1.9838546e+00
   5.3631527e+00
   3.5754651e+00
   3.0200475e+00
   3.9979849e+00
   1.6027189e+00
   6.5481788e-01
   2.2643479e+00
   3.2572551e+00
   9.6146230e-01
   7.8396706e-01
   5.4234184e+00
   1.6786848e+00
   2.0722320e+00
   1.7727844e+00
   4.4675375e+00
   1.5455440e-01
   3.3993885e-02
   5.1599964e-01
   1.8309755e+00
   5.4024623e+00
   5.6001276e-01
   5.7180288e+00
   9.0736219e-01
   4.2393440e+00
   1.3370369e+00
   2.0361821e+00
   3.1685046e+00
   2.4595704e-02
   2.8504410e-01
   5.5472361e+00
   4.3772297e-01
   3.7360515e+00
   2.1404575e+00
   5.7431979e+00
   4.1715223e+00
   1.7180147e+00
   2.4730799e+00
   9.8600866e-01
   4.7045190e+00
   2.2691785e-01
   6.1561099e+00
   3.1765658e+00
   4.1799925e+00
   3.3956535e+00
   2.7592040e+00
   2.5044302e+00
   1.4294835e+00
   2.0398725e+00
   4.0450587e+00
   4.5572343e+00
   1.6445272e-01
   2.2176886e+00
   2.3334458e+00
   7.4315530e-01
   1.0849483e+00
   2.7613917e+00
   1.3480232e+00
   2.2662576e+00
   4.3135876e+00
   4.8447733e+00
   2.1340609e+00
   1.1374635e-01
   1.0059519e+00
   1.8150248e+00
   2.6343212e+00
   1.9431544e+00
   2.8655231e+00
   2.0980915e+00
   9.0067509e-01
   1.7336916e+00
   3.2734204e+00
   5.0527584e+00
   6.2112521e+00
   4.2671939e+00
   1.2389195e+00
   8.6792217e-01
   3.5952863e+00
   6.5013246e-01
   5.2138892e+00
   5.1432489e+00
   4.8802119e+00
   4.8144072e+00
   4.7403708e+00
   1.5883720e+00
   5.1012317e+00
   2.6785571e+00
   5.4616553e+00
   9.0865454e-01
   5.9777116e+00
   9.6072435e-01
   2.5083986e-01
   2.4325419e+00
   1.8156664e+00
   2.1356383e+00
   4.1387210e+00
   2.3363049e+00
   4.7106470e+00
   4.6403777e+00
   2.0891457e+00
   4.8243294e+00
   1.6881030e+00
   1.2170401e+00
   2.4871147e-01
   2.4702700e+00
   4.6628152e+00
   4.5807982e+00
   3.0509237e+00
   8.2197552e-01
   4.3179746e+00
   1.6637468e+00
   2.2962599e+00
   6.0770381e+00
   2.1240645e-02
   2.6477306e+00
   4.8071021e+00
   2.0883591e+00
   6.0211440e-02
   5.5513655e+00
   5.6388599e+00
   5.0686764e-01
   4.6985668e+00
   1.1464294e-01
   5.0779390e-01
   1.7416771e+00
   4.2554958e+00
   2.0105020e+00
   2.6053903e-01
   4.1999415e+00
   3.6006428e+00
   1.1204619e+00
   3.3205544e+00
   5.9662944e+00
   5.9776728e+00
   5.9751372e-01
   4.8456442e+00
   2.6805810e+00
   2.4290072e+00
   5.7754468e+00
   3.3342360e+00
   1.3732386e+00
   1.7952196e+00
   1.7588180e+00
   6.2642083e-01
   2.3664810e+00
   4.5904377e+00
   2.5965037e+00
   1.5109814e+00
   3.4900946e+00
   3.9016969e-01
   6.6944920e-01
   2.3591667e+00
   5.9784553e+00
   5.5256385e-01
   5.6867701e+00
   3.1563900e+00
   1.5995646e+00
   1.8728503e+00
   3.8042471e+00
   9.0413964e-01
   7.5321377e-01
   7.3050145e-01
   2.1009465e-01
   3.7541637e-01
   4.8659511e+00
   4.5572391e+00
   5.6457740e+00
   1.2140855e+00
   1.9473114e+00
   1.4495315e+00
   8.0379721e-02
   6.8239942e-01
   4.0675652e+00
   2.2625106e+00
   5.3929259e+00
   3.0219995e+00
   9.8280419e-01
   2.0313333e+00
   3.7234390e+00
   5.6475201e+00
   4.7187484e+00
   4.5247905e+00
   8.4007792e-01
   4.8744802e+00
   3.7411942e+00
   6.2218529e+00
   9.8137397e-02
   5.2351863e+00
   8.8840514e-01
   5.9421268e+00
   2.1539729e+00
   3.7990851e+00
   4.2329791e-01
   4.9965149e+00
   1.7382414e+00
   2.1068063e-01
   5.1449539e+00
   4.8671618e+00
   8.2527928e-01
   7.6770197e-01
   2.1339705e+00
   2.4471410e+00
   1.6780002e+00
   2.2518891e-01
   2.3998092e+00
   3.5186085e+00
   1.8345267e+00
   1.3576032e-01
   1.7471859e+00
   3.9274820e+00
   1.4972411e+00
   1.1598706e+00
   4.8778320e+00
   5.2911092e+00
   4.1226096e+00
   1.3980811e+00
   3.6515443e+00
   6.0209295e+00
   2.0340782e+00
   8.1930189e-01
   4.6509793e+00
   5.8341488e+00
   2.3079814e+00
   7.6289713e-01
   9.9735680e-01
   5.4505402e+00
   3.0579414e+00
   1.2593566e+00
   1.5899055e+00
   4.4181259e+00
   4.8187651e+00
   3.0502171e+00
   5.8049791e+00
   3.9066361e+00
   1.4106141e+00
   5.1596161e+00
   1.0661725e+00
   5.7860700e+00
   4.8741931e+00
   5.7811856e+00
   1.4149884e+00
   2.7473960e+00
   4.1125098e+00
   6.2727873e+00
   3.2226112e-01
   1.8041913e+00
   1.0038207e+00
   5.7835971e+00
   6.9776972e-01
   4.5569598e-01
   4.0505432e+00
   2.9232183e+00
   2.5220900e+00
   5.0913061e+00
   3.8356384e-01
   4.1879445e-01
   5.9696362e+00
   3.6268832e+00
   6.2343762e+00
   1.1846305e+00
   5.9764916e+00
   4.0561940e+00
   2.6319018e+00
   7.3934689e-01
   1.7152129e+00
   3.4570534e-01
   1.4168456e-01
   3.8327337e+00
   5.8764382e+00
   4.5212856e+00
   2.9983397e-01
   5.4143791e+00
   3.1603306e-01
   5.1082594e+00
   1.9346783e+00
   5.5096109e+00
   3.2784004e+00
   3.0065146e+00
   2.8388200e+00
   2.1335616e+00
   2.4799903e+00
   2.4481591e+00
   3.7210063e+00
   5.8628910e-01
   2.4675443e+00
   5.6273774e+00
   3.1451995e+00
   5.7378068e+00
   1.0078485e+00
   1.8425513e+00
   5.2556515e+00
   4.9411586e+00
   5.7965674e+00
   1.3310474e+00
   2.2379008e+00
   4.3493396e+00
   5.8507401e+00
   2.7185943e+00
   3.8319311e+00
   4.3214178e+00
   4.9940729e+00
   5.4447382e+00
   2.7962994e+00
   4.5200199e+00
   4.8722280e+00
   2.9442094e+00
   3.9028087e+00
   4.3185232e+00
   1.0426127e+00
   1.6966922e+00
   3.1678353e+00
   1.2943499e+00
   2.8430044e+00
   5.0532159e+00
   4.2271199e+00
   1.6623424e+00
   1.0995276e-01
   3.9236175e+00
   4.2285391e+00
   2.5190119e+00
   5.5667089e+00
   3.0306870e+00
   3.0195930e+00
   5.7117446e+00
   1.9735696e+00
   1.7491710e+00
   5.4109520e+00
   5.3207269e+00
   5.1676370e+00
   3.6936948e+00
   6.1841388e+00
   1.5745115e+00
   4.7100754e+00
   1.9379076e+00
   1.3292945e-01
   1.7235892e+00
   6.2294406e+00
   2.3800721e+00
   6.2332748e+00
   1.6448914e+00
   4.0859049e+00
   4.5048960e+00
   4.5065478e+00
   4.6269983e+00
   6.9277922e-01
   8.4997546e-01
   3.6795179e+00
   3.2321587e+00
   3.9907126e+00
   5.7408957e+00
   2.2512416e+00
   2.6897826e+00
   5.0044750e+00
   1.8636911e+00
   3.7506732e+00
   5.2393993e+00
   5.4850297e-01
   3.6907071e+00
   4.9743230e+00
   3.3661551e-01
   1.9079081e+00
   3.4510029e-01
   1.6855361e+00
   1.9048788e+00
   3.0072448e+00
   4.5926464e+00
   2.5081845e+00
   3.2672935e+00
   7.8335680e-01
   4.1475726e+00
   2.6684953e+00
   5.3884618e+00
   6.0231650e+00
   1.5361077e+00
   4.7569326e+00
   6.0996639e+00
   4.3193076e+00
   3.7585358e+00
   2.9731513e+00
   7.8635189e-01
   2.9743953e+00
   4.3022965e+00
   2.6316884e+00
   2.2042896e+00
   1.2830912e+00
   1.2274279e+00
   1.3064332e+00
   7.4622460e-01
   3.9511074e+00
   6.0509921e+00
   6.1196594e+00
   5.5571194e+00
   4.6551042e+00
   4.7688032e+00
   5.2831947e+00
   1.6749050e+00
   2.0308177e+00
   6.0566544e+00
   2.0777177e+00
   5.3034170e+00
   5.3095870e+00
   2.7907800e+00
   5.8487217e+00
   1.0059291e+00
   6.0797800e-02
   5.2593167e+00
   2.1581547e+00
   7.9102424e-01
   3.5132688e+00
   1.3377754e+00
   4.1067486e+00
   2.6103350e+00
   2.6215716e+00
   4.4698556e+00
   5.7754927e+00
   4.0341039e+00
   2.0752070e+00
   4.5194271e+00
   1.3602889e+00
   1.9981075e+00
   1.0338845e+00
   1.2089183e+00
   5.3786542e+00
   1.0924767e+00
   1.3441472e+00
   4.7317241e+00
   5.3427888e+00
   2.0261848e+00
   2.7678132e+00
   5.0046686e+00
   5.8646820e+00
   2.7612302e+00
   1.0020261e+00
   5.0231358e+00
   1.4455262e+00
   1.8833256e-01
   4.6470481e+00
   2.0564485e+00
   5.7842847e-01
   1.4590125e+00
   3.6306361e-01
   5.0230150e+00
   2.8149036e+00
   4.1858131e-01
   6.1279063e+00
   1.9166230e+00
   1.3096303e+00
   3.8680401e+00
   4.9872024e+00
   4.2235151e+00
   1.3521621e+00
   4.2601939e+00
   6.5464733e-01
   4.3620161e+00
   5.0947043e+00
   6.0678795e+00
   5.2097115e+00
   5.5363309e+00
   3.5839270e+00
   5.7760177e+00
   6.1196042e-01
   5.7831681e-01
   4.4117787e+00
   8.0247292e-01
   3.9811123e+00
   6.1459278e+00
   1.9921627e+00
   3.5833788e+00
   1.9030129e+00
   2.1159908e+00
   3.9617511e+00
   5.4351141e+00
   1.3958637e+00
   2.3909429e+00
   1.3590299e+00
   2.7790334e+00
   3.1044850e+00
   4.7981788e+00
   9.6409536e-01
   5.5813293e+00
   6.0443696e+00
   5.9511176e+00
   2.4814416e+00
   4.9053192e+00
   5.2706136e+00
   4.7906435e+00
   2.4454945e+00
   2.1673798e+00
   6.1404602e+00
   5.0492909e+00
   4.4250429e-01
   4.1781612e+00
   4.9923095e+00
   4.6811893e+00
   3.1451968e+00
   4.7755056e+00
   3.5517051e+00
   4.8627660e+00
   3.9304485e+00
   5.0535435e+00
   3.4276735e+00
   1.5657895e+00
   5.6243274e+00
   5.3726665e+00
   3.6995967e+00
   3.3056471e-01
   3.1186173e+00
   4.7443732e+00
   5.6387714e+00
   5.3261988e-01
   3.1889643e+00
   1.0638539e-01
   1.2474235e+00
   2.3514838e+00
   4.5648835e+00
   4.0203693e+00
   6.1629816e+00
   2.4407769e+00
   7.7343173e-01
   5.4726997e+00
   4.9775782e+00
   5.3623203e+00
   5.1985869e+00
   6.1815254e+00
   2.0379103e+00
   1.5487231e+00
   1.1897810e+00
   1.3466673e-01
   1.6720982e+00
   1.6711090e+00
   5.7570478e+00
   3.0413981e+00
   6.2742033e+00
   1.7379583e-01
   5.5838162e+00
   2.9587256e+00
   9.7594334e-01
   4.0891531e+00
   2.2053755e+00
   6.3543269e-01
   2.2370725e+00
   4.1654883e+00
   9.3470510e-01
   4.5878692e+00
   3.1194904e+00
   2.9514218e+00
   3.5901783e+00
   4.0295462e+00
   1.6744559e+00
   3.1124699e+00
   5.4116254e+00
   4.3547917e+00
   3.2466314e+00
   4.7704139e+00
   6.1820003e-01
   2.9271777e+00
   4.6675314e+00
   5.6464496e+00
   6.3420355e-01
   1.9028583e+00
   7.8806059e-01
   3.1396654e+00
   4.7853957e+00
   4.1881246e+00
   3.9041166e+00
   1.1910849e+00
   2.6620649e+00
   5.9985254e+00
   8.4866308e-01
   3.5161580e+00
   2.9946173e-01
   1.2286234e+00
   3.1955904e+00
   2.6639258e+00
   5.8377900e+00
   3.8160815e+00
   2.3914924e+00
   3.6918636e-01
   3.4131097e+00
   3.3072511e+00
   5.6331818e+00
   4.6181324e+00
