8.82
18.36
8.89
13.31
3.89
8.22
7.29
6.52
12.90
12.90
9.02
7.28
8.40
8.74
6.16
10.00
6.38
7.47
7.75
10.96
4.94
14.41
8.08
7.78
3.77
11.31
15.56
5.02
8.73
9.56
10.23
1.52
8.79
12.59
15.12
6.23
9.12
3.90
8.53
15.65
14.44
17.19
6.23
5.24
12.27
9.35
6.12
12.12
9.18
7.09
11.36
7.12
7.73
13.64
10.31
8.72
4.44
7.87
8.02
10.37
5.10
12.85
7.09
9.69
13.80
9.87
7.21
10.11
18.95
12.04
3.69
7.72
10.20
5.35
10.93
8.59
5.19
6.57
9.66
9.84
10.38
6.09
9.72
9.24
9.56
14.69
12.32
9.25
7.94
13.78
9.23
4.27
6.97
9.59
8.59
4.02
9.26
4.93
15.62
4.38
5.81
5.55
9.22
7.11
5.14
8.30
9.23
15.69
12.40
7.43
5.93
8.06
17.31
6.40
8.53
15.73
5.31
5.44
7.62
12.66
3.68
3.02
12.96
9.73
9.09
9.55
9.64
8.21
7.00
9.20
4.93
8.56
15.38
8.18
15.69
5.02
7.90
14.82
8.76
9.12
10.48
14.76
1.72
10.33
4.35
8.81
10.40
9.36
3.30
9.79
7.98
8.90
17.61
8.59
4.42
10.37
3.77
4.38
4.77
10.23
13.34
9.71
11.94
11.07
9.93
8.72
2.59
5.45
11.10
6.77
9.23
7.55
4.41
3.06
10.49
9.75
6.69
7.71
7.25
4.94
13.25
11.12
4.08
9.99
8.13
12.88
3.65
9.93
10.37
9.45
4.94
9.50
6.39
4.98
12.77
11.99
4.45
10.35
6.10
10.74
8.83
10.99
10.50
7.63
9.98
12.62
5.14
6.65
4.44
4.97
9.50
6.98
5.33
5.75
5.92
7.47
4.03
8.22
11.57
6.24
3.73
10.15
0.13
16.29
9.27
15.77
5.14
12.84
12.50
3.77
10.19
15.50
6.93
5.98
4.18
4.12
12.15
9.50
4.47
7.12
11.91
8.30
11.90
9.57
5.43
10.97
6.88
12.57
13.88
10.05
5.66
3.74
7.88
4.20
7.17
9.48
9.06
17.26
7.14
12.79
6.64
7.77
8.76
9.97
7.57
7.56
6.48
9.86
4.41
8.20
9.20
4.42
5.08
4.87
9.23
12.16
6.62
6.25
7.74
5.86
9.58
9.99
15.89
12.35
9.18
5.15
7.08
7.37
16.38
10.48
7.13
6.34
5.32
9.29
7.60
7.93
5.13
6.13
12.62
3.20
8.01
4.17
14.15
16.09
17.77
1.44
12.98
6.19
6.00
10.08
11.94
6.73
6.17
12.28
4.46
12.51
6.30
7.10
13.11
7.10
9.84
7.95
9.52
9.10
9.30
8.88
5.91
4.51
3.19
8.26
8.31
6.18
9.13
8.91
12.50
8.09
7.60
6.91
6.12
9.19
11.84
13.18
7.50
10.74
7.01
17.79
5.29
10.47
10.11
9.13
12.06
3.98
13.88
6.87
6.64
5.07
5.66
14.94
9.11
5.82
9.66
2.84
12.67
4.49
12.68
7.76
4.75
11.61
7.52
11.95
6.98
9.18
9.13
9.13
9.23
6.95
10.81
8.84
10.17
10.55
10.75
5.91
10.59
10.52
14.27
4.34
6.43
2.76
12.14
6.43
10.01
5.43
12.91
9.74
15.25
5.72
7.65
9.57
9.70
13.03
5.85
8.51
8.35
6.19
5.04
12.56
19.25
9.00
12.18
8.84
3.21
13.84
11.04
9.51
7.81
7.71
19.27
10.83
1.50
5.17
7.71
9.75
5.81
7.29
5.28
6.90
10.78
17.64
10.06
10.27
8.30
10.71
7.17
10.31
19.62
4.77
7.39
15.77
8.65
5.68
9.80
10.45
5.92
12.72
8.35
8.36
0.14
6.75
15.65
6.97
3.81
7.49
6.57
2.59
5.24
11.05
8.92
12.50
8.46
10.28
8.37
10.79
7.29
5.92
5.41
3.18
4.53
8.59
8.79
15.68
2.82
9.62
2.88
12.20
8.06
9.75
8.56
5.07
15.81
6.00
6.94
11.84
13.43
7.05
13.70
12.31
6.85
9.68
14.18
8.46
2.94
12.68
9.93
6.07
8.38
10.18
12.33
5.48
9.80
17.06
8.17
7.23
12.21
4.22
14.60
7.88
2.30
4.53
12.85
8.37
4.83
11.92
7.31
16.22
10.76
6.64
3.33
9.18
6.08
15.92
11.78
5.79
13.03
8.12
7.58
12.68
14.22
3.69
7.06
10.94
5.30
5.35
2.24
15.22
7.42
14.67
7.42
4.58
12.09
9.23
2.75
8.78
12.41
7.50
12.18
16.15
8.68
4.43
10.58
12.57
6.28
3.31
10.47
11.07
1.61
4.08
9.26
9.82
3.26
3.62
5.68
10.69
5.35
3.67
7.95
10.43
11.10
3.50
8.05
7.65
8.36
7.77
6.12
7.92
10.53
9.36
9.06
10.78
8.44
12.74
9.31
4.57
17.72
12.69
10.85
11.34
5.43
8.71
12.68
8.69
0.31
6.77
15.74
7.20
9.71
12.69
8.97
11.69
8.63
9.34
8.39
14.55
8.38
5.72
7.46
6.04
7.54
12.80
9.18
4.48
6.24
8.38
10.93
10.00
12.04
9.43
15.08
9.71
3.42
9.78
6.59
8.15
2.77
12.10
6.72
10.23
15.21
14.24
8.23
6.38
5.80
12.73
12.62
7.87
7.63
8.93
10.19
3.55
11.40
5.45
8.77
9.77
4.56
8.58
9.56
8.19
10.23
9.48
9.32
7.48
3.06
10.20
12.61
8.87
11.52
1.05
9.47
4.75
4.82
5.67
9.92
15.16
6.39
5.05
10.00
2.88
7.48
9.42
10.52
6.90
8.28
7.69
9.62
6.91
8.55
15.38
9.97
5.63
3.26
8.74
6.50
5.80
1.63
5.58
13.50
6.04
9.42
8.90
9.24
3.80
12.10
6.64
11.61
5.67
9.48
7.59
5.43
7.25
12.06
8.22
1.55
7.96
15.45
12.25
6.74
12.37
4.86
10.17
6.58
9.15
7.09
7.01
7.48
9.28
15.52
5.43
12.99
8.56
12.43
5.04
3.83
13.76
10.87
9.96
9.92
2.58
8.73
12.08
3.48
6.55
8.15
5.44
10.91
6.10
11.42
12.31
14.37
2.22
8.77
9.32
12.37
5.59
9.32
14.73
9.12
9.61
6.09
7.30
3.05
9.96
8.83
5.91
13.73
4.95
2.69
9.89
6.68
6.11
4.90
13.71
1.85
3.94
9.92
12.53
5.68
9.89
9.86
8.19
14.97
14.62
1.58
12.12
4.27
9.94
7.21
10.80
9.11
4.20
11.73
8.05
18.11
13.34
10.37
5.75
11.25
8.02
5.23
9.32
10.02
5.84
5.26
12.68
9.04
8.96
8.38
14.79
7.00
10.90
7.48
12.03
7.55
7.52
5.78
6.43
9.49
4.31
7.89
6.60
8.80
12.13
9.36
6.28
6.37
6.14
4.21
9.13
8.60
12.57
9.63
2.62
10.64
8.02
7.66
9.98
7.06
8.36
9.53
9.45
8.16
14.81
10.17
9.53
7.10
8.18
4.46
4.08
6.91
2.63
7.03
5.99
5.26
2.81
2.62
3.89
4.81
2.76
3.20
3.49
4.16
5.90
4.01
6.65
1.75
5.26
6.87
6.25
4.54
5.10
7.47
0.35
6.30
0.88
4.77
6.36
5.00
2.03
2.33
0.39
2.30
9.99
3.57
2.77
5.68
9.50
3.06
5.99
2.32
4.76
14.74
6.17
12.92
14.42
6.91
7.63
10.27
10.11
5.48
7.58
2.56
15.77
4.52
16.67
4.62
4.14
5.55
2.37
11.66
10.66
10.69
2.78
3.79
13.00
8.29
12.64
8.82
4.78
16.40
6.79
16.85
1.41
2.38
10.19
6.66
10.20
13.19
4.76
3.52
4.72
8.09
9.57
6.88
10.99
14.40
5.00
13.48
10.00
10.13
3.84
1.52
11.67
2.59
4.84
12.65
12.23
6.65
6.79
14.05
17.87
10.81
13.67
7.48
4.17
14.77
9.08
2.58
15.68
6.01
12.53
13.92
15.01
4.38
10.76
10.63
4.18
4.91
10.66
9.56
5.35
12.03
6.26
6.35
1.58
12.53
1.26
8.01
6.53
17.58
14.40
17.07
14.77
7.46
1.03
3.58
9.30
9.29
9.76
5.70
10.33
6.65
10.09
14.89
6.94
5.23
9.86
12.42
2.69
7.35
4.24
4.91
10.32
3.14
8.90
1.01
12.74
11.35
8.41
7.79
12.15
12.82
7.58
2.61
3.43
3.65
12.44
3.42
12.09
1.14
12.97
7.59
5.04
14.33
4.72
9.75
10.58
5.31
8.62
0.31
10.49
15.25
6.65
10.79
5.07
5.26
15.83
9.93
15.77
12.83
13.73
10.15
3.43
6.65
14.40
1.62
4.57
11.03
5.22
14.36
12.20
18.07
10.61
4.90
4.62
1.21
10.59
15.26
5.40
9.69
6.44
12.08
7.38
1.52
2.22
10.97
10.12
6.38
16.61
3.16
4.30
15.93
14.37
13.90
8.74
1.92
13.13
9.94
7.06
14.97
16.98
5.75
9.50
8.33
4.36
1.57
7.98
7.90
6.92
2.63
12.89
14.07
3.38
9.29
4.70
17.98
13.06
18.15
2.48
6.60
10.04
8.13
10.89
12.08
6.25
6.53
10.44
2.70
13.73
11.47
12.54
11.38
13.57
3.51
1.85
1.94
6.45
13.95
3.99
10.47
12.04
5.87
16.37
6.11
6.34
12.80
17.52
6.03
17.86
10.00
8.17
7.72
7.73
12.71
10.46
14.97
13.09
12.18
5.13
7.26
7.91
10.11
8.35
1.50
7.49
6.57
16.58
1.27
7.71
3.26
2.22
6.14
9.23
8.01
4.68
4.20
6.20
10.21
3.61
15.39
3.53
3.39
12.40
15.72
12.89
5.65
3.78
4.22
2.17
7.52
2.49
5.43
4.57
1.48
17.52
11.94
4.97
5.30
2.78
9.80
15.53
3.29
9.95
13.71
2.96
18.52
4.12
12.13
14.61
7.76
12.89
7.23
10.78
8.48
0.01
12.30
6.58
2.80
16.56
4.92
12.17
18.75
3.12
10.64
13.12
6.33
7.11
10.77
6.72
8.59
1.19
9.19
6.12
7.58
7.44
12.72
2.18
12.22
8.08
7.18
14.33
5.69
4.33
1.91
3.48
13.35
9.97
16.69
4.97
10.89
7.30
7.06
11.03
2.82
12.12
6.96
7.98
7.84
5.62
4.14
6.06
10.36
10.41
12.84
6.18
13.84
10.58
10.19
13.94
7.56
6.64
13.70
6.60
7.87
3.25
5.07
12.36
8.50
5.07
13.30
13.12
3.42
14.21
5.30
6.43
6.30
4.64
15.98
12.54
3.72
4.89
10.89
5.76
6.61
10.95
13.70
13.83
5.37
11.50
4.12
6.95
5.37
11.29
3.17
13.09
5.58
3.43
3.10
14.33
10.99
5.51
4.73
9.77
5.21
6.87
16.33
12.69
8.46
10.76
9.63
1.10
3.32
15.84
13.26
9.52
8.55
10.58
9.17
5.72
7.16
10.98
11.83
5.73
12.82
7.23
11.03
3.08
13.36
3.40
12.32
13.70
5.29
10.14
5.66
10.18
4.50
12.59
6.23
8.56
5.71
3.02
10.64
9.11
12.36
4.05
2.08
6.70
2.41
5.60
4.50
4.32
8.43
8.79
14.40
9.09
5.73
6.92
6.21
8.66
2.45
17.94
4.93
9.67
3.14
15.46
11.14
5.47
4.36
7.33
3.96
13.50
13.84
12.50
8.50
10.19
15.86
5.24
12.97
8.73
10.06
8.39
15.59
3.60
15.04
5.74
2.19
13.64
17.91
8.31
12.17
3.93
4.73
6.82
2.81
7.30
2.97
16.48
6.61
7.01
12.97
12.92
9.58
8.06
2.19
5.66
6.26
1.24
1.71
5.36
9.81
5.07
5.67
8.08
18.50
8.23
1.16
4.65
7.57
11.63
10.18
2.85
5.52
4.83
14.16
15.55
10.97
5.52
8.65
3.51
5.66
15.36
1.63
7.70
19.88
7.45
2.14
7.07
2.24
3.49
3.11
7.16
4.73
6.33
5.36
16.59
4.47
12.85
7.23
11.68
4.98
5.52
3.14
3.03
9.41
5.69
8.87
5.99
8.86
9.65
6.22
2.29
14.55
2.61
7.73
6.59
5.39
14.94
16.59
1.37
18.41
19.43
11.43
11.17
4.73
7.53
5.44
6.81
16.22
5.64
