   1.3612471e+00
   2.6548341e+00
   1.0691850e+00
   2.0471210e+00
   1.6568657e+00
   2.1196060e-01
   9.5053290e-01
   1.5519451e+00
   2.0998952e+00
   3.1300079e+00
   1.9962021e+00
   2.4224636e+00
   8.1224773e-01
   6.2481343e-01
   7.4967977e-01
   1.6310960e+00
   1.9436651e+00
   3.1378828e-01
   1.2762403e+00
   3.0510720e+00
   2.0437531e+00
   2.4595910e+00
   2.5127225e-01
   1.5097274e+00
   2.0897849e-01
   1.3654718e+00
   1.7157281e+00
   2.6932108e+00
   1.2321745e+00
   2.6055523e+00
   8.1234143e-01
   1.5915932e-01
   2.8713442e+00
   2.2264372e+00
   2.1476917e+00
   2.3884140e+00
   9.6860169e-02
   1.9482076e+00
   1.6233996e+00
   1.7938038e+00
   1.8219186e+00
   6.5963137e-01
   2.5981453e+00
   1.0001495e+00
   1.3902025e+00
   5.7774618e-01
   8.3038092e-01
   2.3039970e-01
   2.3547013e+00
   1.2281455e+00
   1.9581107e+00
   4.5909739e-01
   1.1692421e+00
   4.6371026e-01
   1.1181849e+00
   1.5145138e+00
   1.7792686e+00
   1.7902187e+00
   2.5173254e+00
   2.5674200e+00
   1.5898367e+00
   1.5805374e+00
   2.2183282e+00
   1.6852579e+00
   2.8481681e+00
   2.9815967e+00
   1.8808018e+00
   2.2821757e+00
   1.3423486e+00
   2.7322764e-02
   1.6680651e+00
   6.7470880e-01
   5.7585872e-01
   2.9956540e+00
   2.3387310e+00
   7.7095490e-01
   3.3333808e-01
   3.1391326e+00
   2.0852734e+00
   1.4751629e+00
   2.1177996e-01
   1.6000581e+00
   1.7369286e+00
   9.8299579e-01
   1.1383984e+00
   2.3537938e+00
   2.5185957e+00
   1.8871446e+00
   9.2998840e-01
   2.1280223e+00
   1.2572819e+00
   1.7169980e+00
   2.0290042e+00
   2.1643376e+00
   2.0599704e+00
   6.5760726e-01
   2.9988183e+00
   1.5028017e+00
   1.4499364e+00
   1.5116047e+00
   4.7057076e-01
   3.6515290e-01
   2.1474915e+00
   2.6877072e+00
   4.5444670e-01
   1.3923865e+00
   5.4807943e-02
   2.8759600e-01
   2.1367763e+00
   2.9612757e+00
   1.4572343e+00
   3.0119621e+00
   1.5666424e+00
   2.4616658e+00
   2.0992773e+00
   1.1780913e+00
   2.1299548e-01
   2.0327491e+00
   1.3929426e+00
   4.7159364e-01
   2.2756817e-01
   2.4135723e+00
   5.5853767e-01
   6.7632883e-01
   1.8006813e+00
   1.9995049e+00
   6.9005507e-01
   1.4029547e+00
   2.2279654e+00
   5.7272106e-02
   1.7513512e+00
   1.7226371e+00
   3.0571197e-02
   1.4208547e+00
   1.0559126e+00
   1.0914984e+00
   1.3705257e+00
   1.2114738e+00
   1.9715022e+00
   2.2207711e+00
   7.5351377e-01
   2.1782101e+00
   6.1283462e-01
   1.3754439e+00
   2.0555793e+00
   6.1351450e-01
   2.4332956e+00
   2.0347887e-01
   9.5826950e-02
   3.1358570e+00
   2.1795965e+00
   2.9793916e+00
   2.7894639e+00
   3.0233645e+00
   3.1623743e-01
   2.8293278e+00
   1.6649125e+00
   2.5736252e+00
   2.3583892e+00
   2.7903076e+00
   2.5554286e+00
   6.9983281e-01
   4.7660032e-01
   2.3974730e+00
   3.0398412e+00
   2.8437709e+00
   6.1157424e-01
   4.7624085e-01
   1.4716097e+00
   2.8577720e+00
   5.9742088e-01
   2.1011655e+00
   1.4133252e+00
   2.5165957e+00
   1.9179099e+00
   1.3311851e+00
   1.4533952e+00
   2.9458626e+00
   2.8671344e+00
   1.9025459e+00
   2.7627489e+00
   1.0149939e+00
   2.4253300e+00
   1.1057954e+00
   9.7955193e-01
   2.5423755e+00
   1.6489999e+00
   1.1423319e+00
   2.0077853e+00
   6.0952024e-01
   2.2989120e+00
   8.2584080e-01
   7.4807816e-01
   1.6410274e+00
   2.5430124e+00
   1.3291818e+00
   1.9701742e+00
   5.6597124e-01
   2.0655745e+00
   9.3256528e-01
   3.1078241e+00
   1.4143822e+00
   1.1038933e+00
   1.8377050e+00
   2.7759107e+00
   2.5521028e+00
   2.1449966e+00
   3.1232301e+00
   6.9285034e-01
   2.8873316e+00
   2.8119395e+00
   2.7989632e+00
   8.8807726e-01
   9.8258076e-01
   1.6214783e+00
   2.9088442e+00
   1.6781278e+00
   2.1349659e+00
   3.5330310e-01
   1.9056622e+00
   8.7864842e-01
   3.6233478e-01
   2.7433298e+00
   2.1023162e+00
   4.5285209e-01
   2.4510920e+00
   1.2224984e+00
   9.8930954e-01
   2.7052620e+00
   2.8751555e+00
   8.5556947e-01
   2.6843331e+00
   2.0811664e-01
   1.9925431e+00
   2.7606911e+00
   3.6682345e-01
   2.8952131e+00
   1.9002387e+00
   1.4157636e-01
   1.0905672e-01
   3.9862299e-01
   2.7185986e+00
   1.6464604e+00
   5.9111844e-01
   2.6182712e-01
   8.6909182e-01
   3.1616659e-01
   2.7999761e+00
   2.7180264e+00
   9.0584875e-01
   3.8272606e-01
   2.3007423e+00
   7.5871606e-01
   2.1746178e-01
   1.1136099e+00
   1.3290970e+00
   1.5595241e+00
   2.2761035e+00
   2.8962268e+00
   2.1719003e+00
   2.5016481e+00
   2.6302901e+00
   1.4781136e-01
   2.6906833e+00
   1.2661957e+00
   1.7692189e+00
   3.9909143e-02
   2.4673221e+00
   1.5253728e+00
   1.0425056e+00
   1.6469866e+00
   2.5017319e+00
   2.1003194e+00
   2.5590383e+00
   2.9519562e+00
   1.8983182e+00
   1.3833258e+00
   2.3244275e+00
   7.9876350e-01
   1.2572370e+00
   2.4605832e+00
   2.2449821e+00
   2.0940765e+00
   1.1534386e+00
   5.6326080e-01
   1.3907650e+00
   2.5559963e+00
   4.7360180e-01
   6.5008230e-02
   2.5404027e+00
   1.1077751e+00
   6.9473768e-01
   2.5482308e+00
   3.2798819e-01
   7.9554458e-01
   2.5297734e+00
   9.5738374e-01
   2.2055644e+00
   2.1329852e+00
   8.8387552e-01
   6.1238692e-01
   8.4673306e-01
   5.0062239e-01
   8.1921071e-01
   3.6300785e-01
   1.7213362e+00
   2.0736280e+00
   1.3865850e+00
   1.5367134e+00
   2.9917373e+00
   6.2131147e-01
   2.6299533e+00
   9.3931155e-01
   2.0202505e+00
   1.5100047e+00
   1.9246715e-01
   1.5181656e+00
   2.0047037e+00
   1.2099848e+00
   8.2307071e-01
   1.9094685e+00
   1.3098033e+00
   1.1442860e+00
   1.5732886e-01
   1.5859215e+00
   1.9489616e+00
   2.9741343e+00
   2.3451349e+00
   2.7811873e+00
   1.4149295e+00
   1.8137366e+00
   1.9555199e+00
   7.5209322e-01
   4.0894858e-01
   7.9642217e-01
   7.2983087e-01
   7.8595916e-01
   6.4425770e-01
   2.4789841e+00
   1.4608435e+00
   2.5073312e-01
   1.7734510e-01
   2.0371237e+00
   3.7356219e-01
   1.5658016e+00
   1.9440480e+00
   7.1306652e-01
   3.0230100e+00
   2.3561985e+00
   1.2201092e+00
   9.2355945e-01
   2.8218718e+00
   1.2126463e+00
   3.7935728e-02
   4.1979782e-01
   1.9869395e+00
   1.7328647e+00
   7.9412110e-01
   1.2469700e+00
   5.4789994e-01
   2.3956181e+00
   2.4914088e+00
   1.5028259e+00
   2.6899015e-01
   1.9420456e+00
   3.0521975e+00
   1.5742410e+00
   1.4948086e+00
   3.1392173e+00
   2.2527784e+00
   1.4758751e+00
   5.9723793e-02
   1.6187902e+00
   2.1905942e+00
   2.3478599e-01
   2.5744205e-01
   1.9589754e+00
   1.2976735e+00
   1.3154000e+00
   1.6969245e+00
   2.3504877e-01
   1.7919749e+00
   2.6103690e+00
   9.3080808e-01
   2.0233723e+00
   4.3304487e-01
   2.6531660e+00
   2.5890979e+00
   2.3645752e+00
   2.8802502e+00
   1.4181144e+00
   2.2177004e+00
   2.1248422e+00
   1.2788218e+00
   2.8575638e+00
   2.7063062e+00
   7.3770269e-01
   1.7737683e+00
   1.5719736e+00
   2.9768743e+00
   5.1278913e-02
   9.7269326e-01
   3.0361043e+00
   2.6652783e+00
   3.1197720e-01
   1.3043906e-01
   2.8560880e+00
   1.7398649e+00
   2.6463083e+00
   9.8487597e-01
   1.6337190e+00
   6.1372018e-01
   4.1221868e-02
   2.9736797e+00
   1.6775184e+00
   3.1555649e-01
   1.4181090e+00
   2.3516439e+00
   1.6715997e+00
   2.9168460e+00
   1.2406723e+00
   5.0315209e-01
   2.6593274e+00
   5.1443498e-01
   2.6831015e+00
   2.6488655e+00
   1.5220091e+00
   2.4314431e+00
   2.6560084e+00
   1.2558122e+00
   1.7590706e+00
   1.6250568e+00
   9.1805247e-01
   2.8953129e+00
   1.2660792e+00
   2.8568625e+00
   1.5192366e+00
   1.2853323e+00
   2.1961760e+00
   2.6394041e+00
   5.9947697e-01
   2.7219864e+00
   1.9375990e+00
   1.3893783e+00
   2.0544745e+00
   3.7207877e-01
   2.2368973e+00
   3.2339760e-01
   1.7819329e+00
   2.3163893e+00
   2.8870227e+00
   2.7633843e+00
   1.1631788e+00
   2.2275124e+00
   1.1962478e+00
   1.3983573e+00
   7.2881668e-01
   1.8343754e+00
   4.4717860e-02
   1.2834949e+00
   1.2043962e+00
   4.5129513e-01
   2.3243169e+00
   1.0203536e+00
   1.2030543e+00
   3.1071830e+00
   1.9572138e+00
   1.2691297e+00
   7.2982992e-01
   3.0335904e+00
   4.5494296e-01
   1.2598334e+00
   1.6714849e+00
   3.1712858e-01
   1.8245647e+00
   3.2825668e-01
   1.8719883e+00
   1.5020261e+00
   2.5644579e+00
   1.8023388e+00
   6.6169310e-01
   1.3541933e+00
   1.3596633e+00
   2.7370628e+00
   2.3467543e+00
   1.2460884e+00
   5.2295907e-01
   1.7022179e+00
   6.3631748e-02
   3.7806047e-01
   1.9921282e+00
   1.5230016e+00
   3.1253576e+00
   2.0702056e+00
   3.0546494e+00
   2.7668120e+00
   2.2134905e+00
   2.6187619e-01
   1.3878820e+00
   1.6398655e-03
   2.1319549e+00
   2.4342164e+00
   2.8647471e+00
   1.1129076e+00
   1.7085010e+00
   2.0519741e+00
   5.5774427e-01
   3.0938002e+00
   8.5843485e-03
   6.1502826e-01
   1.4710509e+00
   1.7495105e+00
   7.9829080e-01
   3.1257730e+00
   1.4031680e+00
   1.7369302e-01
   2.1878909e+00
   7.4663900e-01
   9.4150003e-01
   8.0439772e-01
   2.7377786e-01
   1.7826111e+00
   8.3609289e-01
   1.0060894e-01
   2.0108919e+00
   1.8877890e+00
   6.0025243e-01
   2.1611393e+00
   9.7541197e-01
   1.3398821e+00
   1.1985731e+00
   1.9624954e+00
   2.4647287e+00
   1.8680760e+00
   2.0469846e+00
   1.8517519e+00
   4.9999296e-01
   1.3236441e-01
   4.3047590e-01
   8.8802275e-01
   2.3779497e+00
   1.3038299e+00
   4.5757357e-01
   2.3059815e+00
   2.1032998e+00
   1.9963859e+00
   1.7054004e+00
   7.9189490e-01
   2.3216493e-01
   1.2163669e+00
   2.9991953e+00
   7.5941957e-02
   1.8577634e+00
   2.7783463e+00
   1.8281034e+00
   2.2503759e+00
   2.2511966e+00
   1.1911303e+00
   4.8464621e-01
   4.9480667e-01
   1.4531790e+00
   1.1000716e-01
   2.2823487e+00
   2.3620776e+00
   1.4155702e+00
   9.0120660e-01
   4.4713782e-01
   1.5510183e+00
   1.1470265e+00
   2.4531962e+00
   4.3801322e-01
   2.3449171e+00
   1.9496824e+00
   2.8517971e+00
   2.2552775e+00
   3.6930422e-01
   2.7353086e+00
   2.0721239e-01
   4.2312083e-03
   9.6342031e-01
   1.2450771e+00
   8.9823703e-01
   2.0390646e+00
   8.1753878e-01
   3.0977477e+00
   2.1140079e+00
   2.0962223e+00
   2.4798357e+00
   2.1804136e-01
   7.6417855e-01
   1.6018080e+00
   2.7197630e+00
   3.1333948e+00
   1.9158482e+00
   7.2821487e-02
   2.8451331e+00
   2.4736159e+00
   1.5976625e+00
   2.3706977e+00
   1.9195339e+00
   1.3262317e+00
   7.7466940e-01
   6.4813202e-01
   1.0163509e+00
   1.1210093e+00
   1.2817696e+00
   1.6160475e+00
   2.8550623e+00
   3.6738101e-01
   5.6560251e-01
   1.4737676e+00
   9.8062240e-01
   2.9278322e+00
   2.7575539e+00
   3.1083086e+00
   6.1065273e-01
   2.5742451e+00
   1.9295967e+00
   7.3899080e-01
   2.4884989e+00
   1.3616649e+00
   4.0740647e-01
   1.7914933e+00
   4.0161200e-01
   6.8464117e-01
   1.4695003e+00
   1.5385557e+00
   6.0775399e-01
   3.7740641e-01
   2.1224116e+00
   3.1106784e+00
   2.0646139e+00
   7.1129255e-01
   2.6012197e+00
   1.1707901e+00
   2.1911558e+00
   2.0261796e+00
   7.9578658e-02
   9.3535900e-01
   2.8451030e+00
   2.0678900e+00
   9.4871835e-01
   1.8247605e+00
   1.1644362e+00
   5.3115519e-01
   1.3012478e-01
   3.0862188e+00
   1.8375000e+00
   1.9419226e+00
   8.7970806e-01
   2.8344585e+00
   1.3822231e+00
   7.6244225e-01
   1.3662062e-01
   3.8296092e-01
   1.5625592e+00
   2.2019628e+00
   1.0149750e+00
   4.0413533e-02
   2.0444731e+00
   5.9661247e-01
   1.6344052e+00
   2.9103700e+00
   1.4688013e+00
   2.7265615e+00
   1.3255781e+00
   2.7885291e+00
   1.1670811e+00
   4.1609285e-01
   1.3489037e+00
   1.2252253e+00
   3.0867215e+00
   3.0774266e+00
   9.6591887e-01
   2.9275743e+00
   2.5116747e+00
   2.9449537e+00
   1.9455273e+00
   1.1555121e+00
   1.2858456e+00
   2.2606093e+00
   1.9895168e+00
   1.8020996e+00
   2.5586086e+00
   4.5982802e-01
   8.3684932e-01
   1.1764704e+00
   3.2377341e-01
   2.3228144e+00
   1.0242118e+00
   1.8705259e+00
   2.8019584e+00
   9.0445977e-01
   2.3295893e+00
   1.4971735e+00
   1.3029672e+00
   2.6002794e+00
   1.6476016e+00
   1.4961676e+00
   2.7042410e+00
   4.1048049e-01
   3.9134462e-01
   4.1521312e-01
   2.0505591e+00
   3.0731905e+00
   1.8492487e+00
   1.3107780e+00
   2.8153492e-02
   2.8143720e+00
   3.0639507e+00
   3.1146271e+00
   2.8974276e+00
   5.7226187e-01
   1.7658170e+00
   1.5706210e+00
   2.7156205e+00
   1.1579804e+00
   2.8384939e+00
   1.9330336e+00
   2.4256291e+00
   2.2982983e+00
   3.0585169e+00
   2.4862865e+00
   1.4456315e+00
   2.4030797e+00
   3.0539518e+00
   8.0434558e-01
   2.8768807e+00
   1.0511451e+00
   5.7005212e-01
   1.3645138e+00
   2.3894117e+00
   2.8788251e+00
   1.5764094e+00
   1.1772276e+00
   2.4239845e+00
   5.9616131e-01
   1.4985223e+00
   1.8257685e+00
   2.6934670e+00
   2.1094410e+00
   6.0773513e-01
   2.9327236e+00
   1.8816005e+00
   2.0542727e+00
   1.1794441e+00
   1.0306635e+00
   1.0088879e-01
   1.3774262e+00
   2.5795881e+00
   2.0492559e+00
   3.1242229e+00
   1.8845557e+00
   1.6294546e+00
   2.2684169e-01
   2.0827269e+00
   1.2883969e+00
   8.1630328e-01
   2.3990126e+00
   2.7668383e+00
   1.7227274e+00
   1.4183138e+00
   2.9382126e+00
   2.6205102e-01
   1.1562359e+00
   1.0408671e-01
   1.4452760e-01
   2.0124727e+00
   1.6027981e+00
   1.7649402e+00
   8.8419867e-01
   2.1322879e+00
   1.9693490e+00
   2.2272167e+00
   1.9332313e+00
   1.4123713e+00
   2.2854672e+00
   3.0938852e+00
   1.6791061e+00
   2.4500704e+00
   3.1149770e+00
   1.9998976e+00
   8.5851442e-01
   1.8946313e+00
   1.9981797e+00
   2.8622605e+00
   1.9340974e+00
   2.9646107e+00
   8.0341219e-01
   6.2268219e-01
   1.3944590e+00
   2.7557162e+00
   1.0944999e+00
   3.3779036e-01
   2.4024874e+00
   2.8157364e+00
   5.9263914e-01
   2.1159333e+00
   1.6207156e+00
   2.7079379e+00
   9.3668135e-01
   9.5283533e-01
   6.9461994e-01
   4.3930162e-01
   3.0128242e+00
   2.1384283e+00
   2.5283359e+00
   1.6845415e+00
   2.5806796e+00
   8.2445829e-01
   2.1856221e+00
   2.6735944e+00
   2.7380040e-01
   3.0341087e+00
   2.2019974e+00
   2.3730183e-01
   2.9620182e+00
   3.0236658e+00
   1.2213030e+00
   1.8125167e+00
   2.5671887e+00
   2.4046858e-01
   2.7184609e+00
   5.6979570e-01
   2.6222060e+00
   2.6421911e+00
   1.5978690e+00
   1.6336879e+00
   1.1526356e+00
   2.9015796e+00
   2.1998301e+00
   3.1124659e+00
   3.0440972e+00
   2.9131295e-01
   1.1642625e+00
   1.6655576e+00
   2.5318919e-01
   2.2126400e+00
   1.0900434e+00
   3.5277570e-01
   2.9590682e+00
   6.5139616e-01
   3.0802755e-02
   2.7286712e+00
   2.1319934e+00
   5.3942710e-01
   5.5499717e-01
   2.8144124e+00
   2.5439712e-01
   2.2570285e-01
   7.3624265e-02
   1.7985888e+00
   1.0222461e+00
   1.6490638e+00
   1.2626305e+00
   1.9767875e+00
   1.9843072e+00
   1.0765489e+00
   3.0054348e+00
   1.0472334e+00
   2.1081401e+00
   8.2226912e-02
   2.7073401e+00
   1.0529782e+00
   2.8904830e+00
   7.7308198e-01
   2.4397112e-01
   8.9046625e-01
   9.5171897e-01
   1.9545665e+00
   1.8277277e+00
   2.1749788e+00
   4.5101112e-01
   1.0932884e+00
   1.9584470e+00
   2.6985558e+00
   1.4814748e+00
   2.1699597e+00
   2.9455204e-01
   1.8094868e-01
   2.5924473e+00
   2.8522593e-01
   6.4835689e-01
   2.4920370e+00
   2.1417228e+00
   1.4765190e+00
   2.8204233e+00
   1.2834345e+00
   2.0688908e+00
   3.0109635e+00
   9.4819665e-01
   2.2772016e+00
   2.3621706e+00
   5.8317629e-01
   1.7856181e+00
   1.9199080e-01
   2.1465924e+00
   2.1008644e+00
   4.2160094e-01
   2.8057461e+00
   5.3301631e-01
   1.7093718e+00
   1.0874296e-01
   2.5590286e+00
   1.8695695e+00
   1.2748595e+00
   2.0232963e+00
   1.1509008e+00
   3.1414994e+00
   2.2181065e+00
   6.1827053e-01
   2.6061809e+00
   9.5029575e-01
   1.6431085e+00
   1.9630701e+00
   1.4926268e-02
   2.4358983e+00
   6.6726075e-01
   6.4081752e-01
   2.4969446e+00
   8.4791723e-01
   2.6100076e+00
   3.1329891e+00
   1.2421108e+00
   2.8263108e+00
   1.6676937e+00
   2.5839797e-01
   1.3149117e+00
   5.9389430e-02
   2.8322127e+00
   1.1779682e+00
   3.7207534e-02
   1.5744091e+00
   1.3929311e+00
   2.6780312e+00
   1.5735070e+00
   3.5247253e-01
   2.4862606e+00
   2.9368453e+00
   2.6888505e+00
   4.8696762e-01
   2.5541331e-01
   1.9737440e+00
   3.0459859e-01
   1.0503200e-01
   1.0166509e+00
   2.0264877e+00
   1.8355575e+00
   2.1117063e+00
   2.4903054e+00
   1.1944156e+00
   2.4910730e-01
   1.3640539e+00
   2.4676389e+00
   9.5781420e-01
   2.3060291e+00
   3.1477872e-01
   5.4276379e-01
   2.9063363e+00
   2.4769023e+00
   2.4467548e+00
   2.7561389e+00
   2.8579726e+00
   2.9228938e+00
   1.2692214e+00
   9.0838973e-01
   2.4149716e+00
   2.9652877e+00
   8.7775051e-01
   1.1659407e+00
   8.5832890e-01
   1.4876673e+00
   3.0176386e+00
   3.1967832e-01
   1.6984853e+00
   9.6613702e-01
   4.7642503e-01
   1.3277078e+00
   1.0185404e+00
   1.7480037e+00
   5.7943576e-01
   6.7513785e-01
   1.7758217e+00
   2.8545985e+00
   2.1987998e+00
   2.7817616e+00
   2.3348147e+00
   1.3970082e+00
   3.7260293e-01
   2.9508025e+00
   1.8738091e+00
   1.0399069e+00
   9.2049091e-01
   1.5836191e+00
   2.6539581e+00
   2.9708917e+00
   2.6650480e+00
   1.7090836e+00
   1.6362658e+00
   1.6531615e+00
   1.9637549e+00
   8.7590336e-01
   1.6395557e+00
   1.0374846e+00
   8.6423614e-01
   1.1715355e+00
   3.0986220e+00
   2.3667300e+00
   1.4011189e+00
   2.6570902e+00
   1.5752712e+00
   1.7337560e+00
   2.3334458e+00
   8.5582791e-01
   1.2137522e+00
   2.3675367e+00
   1.5502850e+00
   2.0897228e+00
   2.8333096e+00
   1.0502064e+00
   9.2856257e-01
   1.9418218e+00
   5.7327530e-01
   6.6647968e-01
   2.5332316e+00
   3.4154999e-01
   2.1278387e+00
   6.1224801e-01
   1.1680114e+00
   1.6955733e+00
   7.8897462e-01
   2.2592757e+00
   1.0089671e+00
   1.1824493e-01
   2.5505373e+00
   1.4234701e-01
   9.3470072e-01
   9.5478501e-01
   1.6851035e+00
   3.7761677e-01
   2.4984044e+00
   1.5788098e+00
   7.1623649e-01
   2.6115495e+00
   3.5639283e-01
   3.1394719e+00
   2.3822770e+00
   1.6287898e+00
   1.4973608e+00
   8.5610963e-01
   3.0258641e+00
   1.0035718e+00
   1.4229916e+00
   1.6751548e+00
   2.4610609e+00
   1.2953894e+00
   2.8582085e+00
   3.7903640e-01
   2.7409345e+00
   2.0463964e+00
   1.3555837e+00
   4.3091054e-01
   5.7860244e-02
   1.1490018e+00
   5.4377458e-02
   1.4810833e+00
   4.1361976e-01
   2.6541836e+00
   3.0077815e+00
   6.1616191e-01
   2.3176842e+00
   1.7463483e-01
   1.6163299e+00
   3.7317361e-01
   2.0189501e+00
   5.1100881e-01
   1.9374863e-01
   1.7545905e+00
   4.5357682e-01
   1.1569914e+00
   6.3206260e-01
   5.6625293e-04
   2.5446921e+00
   2.8370786e+00
   1.3843535e+00
   1.1493025e+00
   1.1460689e+00
   9.0438533e-01
   2.6235243e+00
   3.0658187e+00
   6.7321355e-01
   2.0923399e+00
   1.3846533e+00
   1.2968111e+00
   2.6595229e+00
   1.5782247e+00
   7.1948118e-01
   2.2369481e+00
   1.3577407e+00
   1.3067329e+00
   2.9256554e+00
   4.6219231e-01
   6.2323541e-02
   1.3320902e+00
   2.9744666e+00
   2.2957829e+00
   9.7988976e-01
   4.8718287e-01
   3.1073889e+00
   2.6794597e+00
   2.1161689e+00
   8.4672648e-01
   2.8354441e+00
   8.3473974e-01
   2.6818255e+00
   1.3167328e+00
   2.6919282e-01
   2.9388281e+00
   2.5873154e+00
   2.9293861e+00
   2.0012909e+00
   3.0992290e+00
   1.9768521e+00
   1.3480173e+00
   8.7027560e-01
   2.6054184e+00
   2.9199877e+00
   2.9988876e+00
   5.2438530e-01
   5.6664071e-01
   2.9773036e+00
   1.9857094e+00
   1.7166805e+00
   2.0313728e+00
   3.1109156e+00
   2.5544112e+00
   2.8694006e+00
   1.7565340e+00
   9.8288750e-01
   1.3947310e+00
   8.3553189e-01
   4.4835515e-01
   2.4097638e+00
   1.9132556e+00
   6.8415493e-01
   1.4745206e+00
   2.4965567e+00
   1.8412028e+00
   2.8700563e+00
   2.3625192e+00
   2.5425805e+00
   2.2839833e+00
   2.6558448e+00
   1.9348691e+00
   1.9274311e+00
   3.0412962e-02
   1.7691724e+00
   2.6831627e+00
   1.4196572e+00
   1.0628183e+00
   2.6756474e-01
   2.8113577e+00
   1.3970859e+00
   2.8072704e+00
   1.6561696e+00
   1.4231617e+00
   4.4408617e-02
   8.4140362e-01
   2.5090725e+00
   6.4518345e-01
   2.0194682e+00
   2.1792311e+00
   3.0496304e-01
   2.3227234e+00
   3.0665293e+00
   2.3794364e+00
   6.4887448e-01
   5.4981687e-01
   2.8614313e+00
   8.4697383e-01
   5.9511482e-01
   1.3679934e+00
   2.8664158e+00
   5.9728382e-01
   2.2274479e+00
   2.3990579e+00
   8.5497172e-01
   9.2700205e-01
   3.0197646e+00
   6.7040723e-01
   1.1956529e+00
   2.0977398e+00
   1.1754537e+00
   2.1461188e+00
   3.0640595e+00
   2.1014858e+00
   2.1910499e+00
   7.7755198e-01
   2.7411217e+00
   2.4396585e+00
   4.4007608e-01
   7.9413804e-01
   1.7501178e+00
   1.6017263e+00
   3.0662358e+00
   2.4501706e+00
   7.6324311e-01
   2.7859507e-01
   2.5241008e+00
   2.2091506e+00
   2.9080230e+00
   1.2644402e+00
   8.0165332e-01
   2.3245557e+00
   1.2742699e+00
   1.6940317e+00
   4.9874124e-01
   3.0461305e+00
   1.7767646e+00
   4.0884207e-01
   1.6681897e+00
   7.4589893e-01
   2.7018419e+00
   2.8899186e+00
   1.8379527e+00
   1.0712417e+00
   3.1233069e+00
   2.1397905e+00
   5.6189898e-01
   7.4092568e-01
   2.3134586e+00
   1.7450149e+00
   1.2448957e-01
   1.7503538e+00
   3.0637612e+00
   2.2268681e+00
   3.0360529e+00
   2.8262514e+00
   1.8226619e+00
   2.2410278e+00
   2.6505217e+00
   2.1623174e+00
   5.1041360e-01
   4.4107205e-01
   1.0856581e+00
   2.5532884e+00
   1.5585597e-02
   7.4686254e-01
   1.0011011e-01
   2.1266781e+00
   2.6754154e+00
   2.4171834e+00
   1.8109621e+00
   8.4445507e-01
   2.8780725e+00
   2.6284041e+00
   2.9226985e+00
   2.7847055e+00
   2.4019252e+00
   1.9097860e+00
   2.3488780e+00
   9.3681896e-01
   2.2659092e+00
   2.8320208e+00
   1.3844796e-01
   1.0759582e+00
   7.4895777e-01
   2.2208771e-01
   1.4087763e+00
   2.2191480e-01
   2.8401190e+00
   1.4170935e+00
   1.6582696e+00
   3.0517226e+00
   2.5091152e+00
   1.6476455e+00
   1.0039080e+00
   2.6332917e+00
   1.9182137e-01
   6.4486463e-01
   8.9281568e-01
   2.3027868e+00
   1.7918651e+00
   1.9601194e+00
   8.0650646e-01
   5.3271877e-01
   7.5192971e-01
   2.8599420e-01
   2.6855720e+00
   2.7629058e+00
   2.1720271e+00
   7.4264283e-01
   1.9345414e+00
   9.7818827e-01
   1.4196722e+00
   5.1344787e-01
   7.1373056e-01
   1.3532684e-01
   9.3681279e-01
   1.4872362e+00
   1.0797866e+00
   2.6037144e+00
   4.4843174e-01
   2.7471171e-01
   2.8474973e+00
   2.8392316e+00
   7.3689846e-01
   1.5953142e+00
   1.7298473e+00
   2.0053769e+00
   1.7994725e+00
   1.6696604e+00
   2.8874473e+00
   5.0079435e-02
   6.5135611e-01
   1.8307843e+00
   2.3286282e+00
   1.6538267e+00
   3.0089140e+00
   3.0974650e+00
   2.5082793e+00
   2.2847316e+00
   4.9130270e-01
   2.6672057e+00
   1.6195114e-01
   2.0239987e+00
   1.3882137e+00
   4.1842394e-02
   4.6507759e-01
   1.9413163e+00
   2.9331415e+00
   2.0061929e+00
   2.8900570e+00
   2.3272560e+00
   1.1895752e+00
   1.1354186e+00
   2.9111890e+00
   1.2816102e+00
   5.0558480e-02
   2.7649655e-01
   2.2176548e+00
   2.8255856e+00
   2.6072943e+00
   1.5237826e+00
   8.6357984e-01
   1.4595968e+00
   2.2085971e+00
   2.3970704e+00
   3.1150822e+00
   2.2613230e+00
   1.4356287e+00
   1.6143598e+00
   1.1159301e+00
   1.5223425e+00
   2.2343730e+00
   2.5703022e+00
   2.3168016e+00
   2.9784131e+00
   1.1028662e+00
   2.0981917e+00
   2.7902587e+00
   2.1655818e+00
   2.3963231e+00
   1.7351663e+00
   2.1209610e-01
   1.8062191e+00
   6.2640642e-01
   1.6279539e+00
   2.9890666e+00
   3.7155117e-01
   3.0429776e+00
   2.7037389e+00
   1.7709216e-01
   2.5452490e+00
   8.6170972e-01
   5.7124932e-02
   1.1134889e+00
   1.9872587e+00
   1.1371085e+00
   1.6124571e+00
   3.1373937e+00
   2.2574912e+00
   2.7485606e+00
   1.3399752e+00
   1.4595549e+00
   4.2135893e-01
   2.8823429e-01
   1.5134727e+00
   2.9225969e+00
   1.4046342e+00
   9.7621246e-01
   7.6716943e-01
   2.9539020e+00
   1.0766138e+00
   2.7299313e+00
   2.9223119e+00
   1.0601381e+00
   8.5189659e-01
   1.6528601e+00
   1.8810241e+00
   1.7738307e+00
   3.9001324e-01
   1.7813279e+00
   1.4854429e+00
   8.4730992e-01
   3.0911551e+00
   6.6914086e-01
   7.8524891e-01
   2.9880468e+00
   2.3344307e+00
   1.6074157e+00
   1.4297749e+00
   9.6926647e-01
   2.2408316e+00
   2.8529425e+00
   1.3967929e+00
   2.4330370e+00
   1.7846259e+00
   3.3157332e-01
   1.2736801e+00
   1.0555072e+00
   8.1397774e-01
   1.4639362e+00
   1.8089110e+00
   2.6840734e+00
   9.0103421e-02
   2.3063183e+00
   7.2706806e-01
   2.4532995e+00
   2.1306848e+00
   5.1080124e-01
   7.8550528e-01
   3.0642352e+00
   2.4249265e+00
   2.6636531e+00
   1.1612829e+00
   2.1261205e+00
   1.3561463e+00
   2.0544248e+00
   2.1334927e+00
   2.9766211e+00
   1.5910501e+00
   1.3925015e+00
   3.0291702e-01
   1.4070027e+00
   2.5667405e+00
   1.2972475e+00
   1.8849859e+00
   2.7230757e-01
   3.6856261e-01
   3.1148110e+00
   2.0542237e+00
   1.9986114e+00
   2.7226724e+00
   8.6762337e-01
   2.0922429e+00
