1.048641 5.225916 0.352113 0.286408 
1.044362 5.225440 0.349180 0.282163 
1.047998 5.225592 0.350412 0.283950 
1.049472 5.225170 0.348144 0.280656 
1.045311 5.223150 0.347830 0.280199 
1.048464 5.222396 0.348584 0.281297 
1.048827 5.224757 0.349103 0.282051 
1.045224 5.222784 0.350979 0.284770 
1.045256 5.224803 0.353188 0.287955 
1.045561 5.224994 0.346376 0.278075 
1.045606 5.225296 0.350391 0.283920 
1.047710 5.223082 0.349455 0.282562 
1.044580 5.222922 0.350337 0.283842 
1.051989 5.221193 0.348591 0.281307 
1.051324 5.222311 0.347063 0.279079 
1.041466 5.224114 0.347980 0.280418 
1.052423 5.222309 0.347639 0.279921 
1.050643 5.225615 0.353368 0.288213 
1.049462 5.221242 0.352949 0.287610 
1.049810 5.224164 0.347279 0.279395 
1.049457 5.222810 0.345990 0.277511 
1.046338 5.222721 0.351953 0.286176 
1.041410 5.221130 0.349516 0.282650 
1.052728 5.221654 0.353600 0.288546 
1.042350 5.221526 0.348845 0.281676 
1.052012 5.221922 0.349854 0.283142 
1.048294 5.223103 0.347308 0.279437 
1.047245 5.222289 0.346383 0.278085 
1.048063 5.224275 0.350529 0.284119 
1.049215 5.220796 0.352289 0.286660 
1.045930 5.221366 0.353007 0.287694 
1.050507 5.222102 0.352838 0.287451 
1.041789 5.224220 0.349557 0.282710 
1.049518 5.223956 0.353064 0.287775 
1.047394 5.224096 0.350190 0.283628 
1.053141 5.225418 0.350938 0.284711 
1.047544 5.221182 0.353480 0.288373 
1.045853 5.223912 0.346415 0.278133 
1.043169 5.225113 0.346625 0.278439 
1.041337 5.224185 0.348701 0.281467 
1.048093 5.222844 0.349008 0.281914 
1.043564 5.222334 0.347842 0.280216 
1.043122 5.222071 0.346342 0.278026 
1.052383 5.222396 0.346385 0.278089 
1.048445 5.225411 0.353055 0.287763 
1.041428 5.224388 0.353544 0.288465 
1.042019 5.221222 0.347776 0.280120 
1.048717 5.221101 0.348064 0.280541 
1.048420 5.224462 0.348321 0.280915 
1.047460 5.221793 0.347541 0.279777 
1.047837 5.224490 0.346800 0.278696 
1.050801 5.221179 0.347674 0.279972 
1.049829 5.221783 0.352026 0.286282 
1.049713 5.222462 0.350575 0.284186 
1.046323 5.222287 0.346060 0.277613 
1.047117 5.222484 0.348381 0.281002 
1.052770 5.224580 0.350097 0.283493 
1.050180 5.225047 0.353023 0.287717 
1.046906 5.225760 0.350192 0.283631 
1.045725 5.222540 0.352070 0.286345 
1.051997 5.221773 0.352175 0.286496 
1.043095 5.221672 0.349448 0.282552 
1.052364 5.223889 0.346878 0.278810 
1.049424 5.224930 0.349784 0.283040 
1.050824 5.225585 0.352409 0.286833 
1.041947 5.221022 0.349335 0.282389 
