   8.1773868e-15
   5.1514309e-15
   3.9312775e-15
   3.2451981e-15
   2.7966269e-15
   2.4765496e-15
   2.2346826e-15
   2.0443467e-15
   1.8899611e-15
   1.7617646e-15
   1.6533041e-15
   1.5601285e-15
   1.4790595e-15
   1.4077618e-15
   1.3444780e-15
   1.2878577e-15
   1.2368449e-15
   1.1906009e-15
   1.1484501e-15
   1.1098421e-15
   1.0743233e-15
   1.0415163e-15
   1.0111044e-15
   9.8281938e-16
   9.5643296e-16
   9.3174908e-16
   9.0859853e-16
   8.8683437e-16
   8.6632838e-16
   8.4696807e-16
   8.2865434e-16
   8.1129952e-16
   7.9482572e-16
   7.7916349e-16
   7.6425070e-16
   7.5003156e-16
   7.3645586e-16
   7.2347824e-16
   7.1105763e-16
   6.9915673e-16
   6.8774161e-16
   6.7678129e-16
   6.6624746e-16
   6.5611418e-16
   6.4635761e-16
   6.3695583e-16
   6.2788865e-16
   6.1913741e-16
   6.1068486e-16
   6.0251501e-16
   5.9461303e-16
   5.8696514e-16
   5.7955852e-16
   5.7238121e-16
   5.6542206e-16
   5.5867065e-16
   5.5211723e-16
   5.4575268e-16
   5.3956843e-16
   5.3355645e-16
   5.2770918e-16
   5.2201952e-16
   5.1648079e-16
   5.1108667e-16
   5.0583122e-16
   5.0070883e-16
   4.9571417e-16
   4.9084224e-16
   4.8608827e-16
   4.8144777e-16
   4.7691645e-16
   4.7249028e-16
   4.6816538e-16
   4.6393812e-16
   4.5980501e-16
   4.5576273e-16
   4.5180814e-16
   4.4793824e-16
   4.4415015e-16
   4.4044114e-16
   4.3680861e-16
   4.3325007e-16
   4.2976312e-16
   4.2634550e-16
   4.2299502e-16
   4.1970960e-16
   4.1648724e-16
   4.1332603e-16
   4.1022413e-16
   4.0717978e-16
   4.0419128e-16
   4.0125703e-16
   3.9837546e-16
   3.9554506e-16
   3.9276442e-16
   3.9003213e-16
   3.8734687e-16
   3.8470735e-16
   3.8211235e-16
   3.7956067e-16
   3.7705117e-16
   3.7458274e-16
   3.7215431e-16
   3.6976487e-16
   3.6741341e-16
   3.6509899e-16
   3.6282067e-16
   3.6057757e-16
   3.5836881e-16
   3.5619358e-16
   3.5405105e-16
   3.5194045e-16
   3.4986104e-16
   3.4781206e-16
   3.4579283e-16
   3.4380264e-16
   3.4184085e-16
   3.3990681e-16
   3.3799989e-16
   3.3611950e-16
   3.3426504e-16
   3.3243595e-16
   3.3063168e-16
   3.2885169e-16
   3.2709547e-16
   3.2536251e-16
   3.2365232e-16
   3.2196443e-16
   3.2029837e-16
   3.1865370e-16
   3.1702999e-16
   3.1542680e-16
   3.1384372e-16
   3.1228036e-16
   3.1073633e-16
   3.0921124e-16
   3.0770472e-16
   3.0621642e-16
   3.0474599e-16
   3.0329309e-16
   3.0185738e-16
   3.0043854e-16
   2.9903626e-16
   2.9765022e-16
   2.9628014e-16
   2.9492571e-16
   2.9358666e-16
   2.9226270e-16
   2.9095357e-16
   2.8965900e-16
   2.8837874e-16
   2.8711253e-16
   2.8586013e-16
   2.8462130e-16
   2.8339580e-16
   2.8218341e-16
   2.8098390e-16
   2.7979706e-16
   2.7862267e-16
   2.7746053e-16
   2.7631044e-16
   2.7517218e-16
   2.7404558e-16
   2.7293044e-16
   2.7182657e-16
   2.7073380e-16
   2.6965195e-16
   2.6858083e-16
   2.6752030e-16
   2.6647017e-16
   2.6543028e-16
   2.6440048e-16
   2.6338061e-16
   2.6237052e-16
   2.6137006e-16
   2.6037908e-16
   2.5939745e-16
   2.5842501e-16
   2.5746163e-16
   2.5650719e-16
   2.5556154e-16
   2.5462455e-16
   2.5369611e-16
   2.5277609e-16
   2.5186436e-16
   2.5096081e-16
   2.5006532e-16
   2.4917778e-16
   2.4829807e-16
   2.4742608e-16
   2.4656171e-16
   2.4570484e-16
   2.4485539e-16
   2.4401324e-16
   2.4317829e-16
   2.4235045e-16
   2.4152961e-16
   2.4071570e-16
   2.3990860e-16
   2.3910824e-16
   2.3831452e-16
   2.3752735e-16
   2.3674665e-16
   2.3597234e-16
   2.3520432e-16
   2.3444253e-16
   2.3368687e-16
   2.3293727e-16
   2.3219366e-16
   2.3145595e-16
   2.3072407e-16
   2.2999795e-16
   2.2927752e-16
   2.2856270e-16
   2.2785343e-16
   2.2714963e-16
   2.2645125e-16
   2.2575820e-16
   2.2507044e-16
   2.2438789e-16
   2.2371049e-16
   2.2303819e-16
   2.2237091e-16
   2.2170859e-16
   2.2105119e-16
   2.2039864e-16
   2.1975089e-16
   2.1910787e-16
   2.1846953e-16
   2.1783583e-16
   2.1720670e-16
   2.1658209e-16
   2.1596196e-16
   2.1534624e-16
   2.1473490e-16
   2.1412787e-16
   2.1352512e-16
   2.1292659e-16
   2.1233224e-16
   2.1174202e-16
   2.1115588e-16
   2.1057378e-16
   2.0999568e-16
   2.0942153e-16
   2.0885128e-16
   2.0828491e-16
   2.0772235e-16
   2.0716359e-16
   2.0660856e-16
   2.0605723e-16
   2.0550957e-16
   2.0496554e-16
   2.0442509e-16
   2.0388819e-16
   2.0335480e-16
   2.0282488e-16
   2.0229840e-16
   2.0177533e-16
   2.0125563e-16
   2.0073925e-16
   2.0022618e-16
   1.9971638e-16
   1.9920980e-16
   1.9870643e-16
   1.9820622e-16
   1.9770916e-16
   1.9721519e-16
   1.9672430e-16
   1.9623645e-16
   1.9575162e-16
   1.9526977e-16
   1.9479087e-16
   1.9431490e-16
   1.9384183e-16
   1.9337162e-16
   1.9290426e-16
   1.9243971e-16
   1.9197795e-16
   1.9151894e-16
   1.9106267e-16
   1.9060911e-16
   1.9015823e-16
   1.8971001e-16
   1.8926442e-16
   1.8882144e-16
   1.8838104e-16
   1.8794320e-16
   1.8750789e-16
   1.8707510e-16
   1.8664479e-16
   1.8621695e-16
   1.8579156e-16
   1.8536858e-16
   1.8494801e-16
   1.8452981e-16
   1.8411397e-16
   1.8370046e-16
   1.8328926e-16
   1.8288037e-16
   1.8247374e-16
   1.8206936e-16
   1.8166722e-16
   1.8126729e-16
   1.8086956e-16
   1.8047400e-16
   1.8008060e-16
   1.7968933e-16
   1.7930018e-16
   1.7891313e-16
   1.7852817e-16
   1.7814526e-16
   1.7776441e-16
   1.7738558e-16
   1.7700877e-16
   1.7663395e-16
   1.7626110e-16
   1.7589022e-16
   1.7552129e-16
   1.7515428e-16
   1.7478918e-16
   1.7442598e-16
   1.7406467e-16
   1.7370522e-16
   1.7334761e-16
   1.7299185e-16
   1.7263790e-16
   1.7228576e-16
   1.7193540e-16
   1.7158683e-16
   1.7124001e-16
   1.7089494e-16
   1.7055161e-16
   1.7020999e-16
   1.6987008e-16
   1.6953186e-16
   1.6919532e-16
   1.6886045e-16
   1.6852723e-16
   1.6819564e-16
   1.6786569e-16
   1.6753734e-16
   1.6721060e-16
   1.6688544e-16
   1.6656187e-16
   1.6623985e-16
   1.6591939e-16
   1.6560047e-16
   1.6528307e-16
   1.6496719e-16
   1.6465282e-16
   1.6433994e-16
   1.6402854e-16
   1.6371862e-16
   1.6341015e-16
   1.6310313e-16
   1.6279755e-16
   1.6249340e-16
   1.6219067e-16
   1.6188934e-16
   1.6158940e-16
   1.6129085e-16
   1.6099368e-16
   1.6069787e-16
   1.6040342e-16
   1.6011031e-16
   1.5981854e-16
   1.5952809e-16
   1.5923896e-16
   1.5895113e-16
   1.5866461e-16
   1.5837937e-16
   1.5809540e-16
   1.5781271e-16
   1.5753128e-16
   1.5725110e-16
   1.5697216e-16
   1.5669446e-16
   1.5641798e-16
   1.5614272e-16
   1.5586866e-16
   1.5559581e-16
   1.5532414e-16
   1.5505366e-16
   1.5478435e-16
   1.5451621e-16
   1.5424923e-16
   1.5398340e-16
   1.5371871e-16
   1.5345515e-16
   1.5319272e-16
   1.5293141e-16
   1.5267121e-16
   1.5241212e-16
   1.5215412e-16
   1.5189721e-16
   1.5164139e-16
   1.5138663e-16
   1.5113295e-16
   1.5088032e-16
   1.5062875e-16
   1.5037823e-16
   1.5012874e-16
   1.4988028e-16
   1.4963285e-16
   1.4938644e-16
   1.4914105e-16
   1.4889665e-16
   1.4865326e-16
   1.4841085e-16
   1.4816944e-16
   1.4792900e-16
   1.4768954e-16
   1.4745104e-16
   1.4721350e-16
   1.4697692e-16
   1.4674129e-16
   1.4650659e-16
   1.4627284e-16
   1.4604001e-16
   1.4580811e-16
   1.4557713e-16
   1.4534706e-16
   1.4511789e-16
   1.4488963e-16
   1.4466226e-16
   1.4443579e-16
   1.4421019e-16
   1.4398548e-16
   1.4376164e-16
   1.4353866e-16
   1.4331655e-16
   1.4309530e-16
   1.4287490e-16
   1.4265535e-16
   1.4243663e-16
   1.4221876e-16
   1.4200171e-16
   1.4178549e-16
   1.4157010e-16
   1.4135551e-16
   1.4114174e-16
   1.4092878e-16
   1.4071662e-16
   1.4050525e-16
   1.4029468e-16
   1.4008489e-16
   1.3987589e-16
   1.3966766e-16
   1.3946021e-16
   1.3925352e-16
   1.3904760e-16
   1.3884244e-16
   1.3863804e-16
   1.3843438e-16
   1.3823147e-16
   1.3802931e-16
   1.3782788e-16
   1.3762718e-16
   1.3742722e-16
   1.3722797e-16
   1.3702945e-16
   1.3683165e-16
   1.3663455e-16
   1.3643817e-16
   1.3624249e-16
   1.3604751e-16
   1.3585322e-16
   1.3565963e-16
   1.3546673e-16
   1.3527451e-16
   1.3508297e-16
   1.3489211e-16
   1.3470192e-16
   1.3451240e-16
   1.3432354e-16
   1.3413535e-16
   1.3394781e-16
   1.3376093e-16
   1.3357470e-16
   1.3338911e-16
   1.3320417e-16
   1.3301987e-16
   1.3283620e-16
   1.3265317e-16
   1.3247077e-16
   1.3228899e-16
   1.3210783e-16
   1.3192729e-16
   1.3174737e-16
   1.3156806e-16
   1.3138936e-16
   1.3121127e-16
   1.3103378e-16
   1.3085688e-16
   1.3068059e-16
   1.3050488e-16
   1.3032977e-16
   1.3015524e-16
   1.2998129e-16
   1.2980792e-16
   1.2963513e-16
   1.2946292e-16
   1.2929127e-16
   1.2912020e-16
   1.2894969e-16
   1.2877974e-16
   1.2861034e-16
   1.2844151e-16
   1.2827323e-16
   1.2810549e-16
   1.2793831e-16
   1.2777167e-16
   1.2760557e-16
   1.2744001e-16
   1.2727498e-16
   1.2711049e-16
   1.2694653e-16
   1.2678310e-16
   1.2662019e-16
   1.2645781e-16
   1.2629594e-16
   1.2613459e-16
   1.2597376e-16
   1.2581343e-16
   1.2565362e-16
   1.2549431e-16
   1.2533551e-16
