   8.1773868e-15
   5.1514309e-15
   3.9312775e-15
   3.2451981e-15
   2.7966269e-15
   2.4765496e-15
   2.2346826e-15
   2.0443467e-15
   1.8899611e-15
   1.7617646e-15
   1.6533041e-15
   1.5601285e-15
   1.4790595e-15
   1.4077618e-15
   1.3444780e-15
   1.2878577e-15
   1.2368449e-15
   1.1906009e-15
   1.1484501e-15
   1.1098421e-15
   1.0743233e-15
   1.0415163e-15
   1.0111044e-15
   9.8281938e-16
   9.5643296e-16
   9.3174908e-16
   9.0859853e-16
   8.8683437e-16
   8.6632838e-16
   8.4696807e-16
   8.2865434e-16
   8.1129952e-16
   7.9482572e-16
   7.7916349e-16
   7.6425070e-16
   7.5003156e-16
   7.3645586e-16
   7.2347824e-16
   7.1105763e-16
   6.9915673e-16
   6.8774161e-16
   6.7678129e-16
   6.6624746e-16
   6.5611418e-16
   6.4635761e-16
   6.3695583e-16
   6.2788865e-16
   6.1913741e-16
   6.1068486e-16
   6.0251501e-16
   5.9461303e-16
   5.8696514e-16
   5.7955852e-16
   5.7238121e-16
   5.6542206e-16
   5.5867065e-16
   5.5211723e-16
   5.4575268e-16
   5.3956843e-16
   5.3355645e-16
   5.2770918e-16
   5.2201952e-16
   5.1648079e-16
   5.1108667e-16
   5.0583122e-16
   5.0070883e-16
   4.9571417e-16
   4.9084224e-16
   4.8608827e-16
   4.8144777e-16
   4.7691645e-16
   4.7249028e-16
   4.6816538e-16
   4.6393812e-16
   4.5980501e-16
   4.5576273e-16
   4.5180814e-16
   4.4793824e-16
   4.4415015e-16
   4.4044114e-16
   4.3680861e-16
   4.3325007e-16
   4.2976312e-16
   4.2634550e-16
   4.2299502e-16
   4.1970960e-16
   4.1648724e-16
   4.1332603e-16
   4.1022413e-16
   4.0717978e-16
   4.0419128e-16
   4.0125703e-16
   3.9837546e-16
   3.9554506e-16
   3.9276442e-16
   3.9003213e-16
   3.8734687e-16
   3.8470735e-16
   3.8211235e-16
   3.7956067e-16
   3.7705117e-16
   3.7458274e-16
   3.7215431e-16
   3.6976487e-16
   3.6741341e-16
   3.6509899e-16
   3.6282067e-16
   3.6057757e-16
   3.5836881e-16
   3.5619358e-16
   3.5405105e-16
   3.5194045e-16
   3.4986104e-16
   3.4781206e-16
   3.4579283e-16
   3.4380264e-16
   3.4184085e-16
   3.3990681e-16
   3.3799989e-16
   3.3611950e-16
   3.3426504e-16
   3.3243595e-16
   3.3063168e-16
   3.2885169e-16
   3.2709547e-16
   3.2536251e-16
   3.2365232e-16
   3.2196443e-16
   3.2029837e-16
   3.1865370e-16
   3.1702999e-16
   3.1542680e-16
   3.1384372e-16
   3.1228036e-16
   3.1073633e-16
   3.0921124e-16
   3.0770472e-16
   3.0621642e-16
   3.0474599e-16
   3.0329309e-16
   3.0185738e-16
   3.0043854e-16
   2.9903626e-16
   2.9765022e-16
   2.9628014e-16
   2.9492571e-16
   2.9358666e-16
   2.9226270e-16
   2.9095357e-16
   2.8965900e-16
   2.8837874e-16
   2.8711253e-16
   2.8586013e-16
   2.8462130e-16
   2.8339580e-16
   2.8218341e-16
   2.8098390e-16
   2.7979706e-16
   2.7862267e-16
   2.7746053e-16
   2.7631044e-16
   2.7517218e-16
   2.7404558e-16
   2.7293044e-16
   2.7182657e-16
   2.7073380e-16
   2.6965195e-16
   2.6858083e-16
   2.6752030e-16
   2.6647017e-16
   2.6543028e-16
   2.6440048e-16
   2.6338061e-16
   2.6237052e-16
   2.6137006e-16
   2.6037908e-16
   2.5939745e-16
   2.5842501e-16
   2.5746163e-16
   2.5650719e-16
   2.5556154e-16
   2.5462455e-16
   2.5369611e-16
   2.5277609e-16
   2.5186436e-16
   2.5096081e-16
   2.5006532e-16
   2.4917778e-16
   2.4829807e-16
   2.4742608e-16
   2.4656171e-16
   2.4570484e-16
   2.4485539e-16
   2.4401324e-16
   2.4317829e-16
   2.4235045e-16
   2.4152961e-16
