   8.1773868e-15
   5.1514309e-15
   3.9312775e-15
   3.2451981e-15
   2.7966269e-15
   2.4765496e-15
   2.2346826e-15
   2.0443467e-15
   1.8899611e-15
   1.7617646e-15
   1.6533041e-15
   1.5601285e-15
   1.4790595e-15
   1.4077618e-15
   1.3444780e-15
   1.2878577e-15
   1.2368449e-15
   1.1906009e-15
   1.1484501e-15
   1.1098421e-15
   1.0743233e-15
   1.0415163e-15
   1.0111044e-15
   9.8281938e-16
   9.5643296e-16
   9.3174908e-16
   9.0859853e-16
   8.8683437e-16
   8.6632838e-16
   8.4696807e-16
   8.2865434e-16
   8.1129952e-16
   7.9482572e-16
   7.7916349e-16
   7.6425070e-16
   7.5003156e-16
   7.3645586e-16
   7.2347824e-16
   7.1105763e-16
   6.9915673e-16
   6.8774161e-16
   6.7678129e-16
   6.6624746e-16
   6.5611418e-16
   6.4635761e-16
   6.3695583e-16
   6.2788865e-16
   6.1913741e-16
   6.1068486e-16
   6.0251501e-16
   5.9461303e-16
