   1.0000000e-05
   2.0000000e-05
   3.0000000e-05
   4.0000000e-05
   5.0000000e-05
   6.0000000e-05
   7.0000000e-05
   8.0000000e-05
   9.0000000e-05
   1.0000000e-04
   1.1000000e-04
   1.2000000e-04
   1.3000000e-04
   1.4000000e-04
   1.5000000e-04
   1.6000000e-04
   1.7000000e-04
   1.8000000e-04
   1.9000000e-04
   2.0000000e-04
   2.1000000e-04
   2.2000000e-04
   2.3000000e-04
   2.4000000e-04
   2.5000000e-04
   2.6000000e-04
   2.7000000e-04
   2.8000000e-04
   2.9000000e-04
   3.0000000e-04
   3.1000000e-04
   3.2000000e-04
   3.3000000e-04
   3.4000000e-04
   3.5000000e-04
   3.6000000e-04
   3.7000000e-04
   3.8000000e-04
   3.9000000e-04
   4.0000000e-04
   4.1000000e-04
   4.2000000e-04
   4.3000000e-04
   4.4000000e-04
   4.5000000e-04
   4.6000000e-04
   4.7000000e-04
   4.8000000e-04
   4.9000000e-04
   5.0000000e-04
   5.1000000e-04
   5.2000000e-04
   5.3000000e-04
   5.4000000e-04
   5.5000000e-04
   5.6000000e-04
   5.7000000e-04
   5.8000000e-04
   5.9000000e-04
   6.0000000e-04
   6.1000000e-04
   6.2000000e-04
   6.3000000e-04
   6.4000000e-04
   6.5000000e-04
   6.6000000e-04
   6.7000000e-04
   6.8000000e-04
   6.9000000e-04
   7.0000000e-04
   7.1000000e-04
