   4.5781474e-17
   2.8840521e-17
   2.2009437e-17
   1.8168390e-17
   1.5657044e-17
   1.3865077e-17
   1.2510973e-17
   1.1445369e-17
   1.0581034e-17
   9.8633196e-18
   9.2560988e-18
   8.7344509e-18
   8.2805822e-18
   7.8814190e-18
   7.5271216e-18
   7.2101304e-18
   6.9245330e-18
   6.6656336e-18
   6.4296506e-18
   6.2135020e-18
   6.0146484e-18
   5.8309769e-18
   5.6607140e-18
   5.5023593e-18
   5.3546337e-18
   5.2164399e-18
   5.0868305e-18
   4.9649828e-18
   4.8501791e-18
   4.7417895e-18
   4.6392593e-18
   4.5420975e-18
   4.4498682e-18
   4.3621825e-18
   4.2786925e-18
   4.1990860e-18
   4.1230819e-18
   4.0504261e-18
   3.9808887e-18
   3.9142610e-18
   3.8503529e-18
   3.7889910e-18
   3.7300169e-18
   3.6732853e-18
   3.6186626e-18
   3.5660264e-18
   3.5152634e-18
   3.4662691e-18
   3.4189471e-18
   3.3732079e-18
   3.3289683e-18
   3.2861512e-18
   3.2446849e-18
   3.2045024e-18
   3.1655413e-18
   3.1277432e-18
   3.0910536e-18
   3.0554214e-18
   3.0207986e-18
   2.9871402e-18
   2.9544040e-18
   2.9225502e-18
   2.8915413e-18
   2.8613421e-18
   2.8319193e-18
   2.8032413e-18
   2.7752785e-18
   2.7480028e-18
   2.7213875e-18
   2.6954074e-18
   2.6700386e-18
   2.6452584e-18
   2.6210453e-18
   2.5973788e-18
   2.5742394e-18
   2.5516085e-18
   2.5294686e-18
   2.5078027e-18
   2.4865949e-18
   2.4658299e-18
   2.4454930e-18
   2.4255703e-18
   2.4060485e-18
   2.3869148e-18
   2.3681570e-18
   2.3497634e-18
   2.3317229e-18
   2.3140247e-18
   2.2966586e-18
   2.2796146e-18
   2.2628834e-18
   2.2464559e-18
   2.2303232e-18
   2.2144772e-18
   2.1989096e-18
   2.1836127e-18
   2.1685792e-18
   2.1538017e-18
   2.1392735e-18
   2.1249878e-18
   2.1109382e-18
   2.0971186e-18
   2.0835230e-18
   2.0701455e-18
   2.0569808e-18
   2.0440234e-18
   2.0312681e-18
   2.0187100e-18
   2.0063442e-18
   1.9941660e-18
   1.9821710e-18
   1.9703547e-18
   1.9587130e-18
   1.9472417e-18
   1.9359370e-18
   1.9247948e-18
   1.9138117e-18
   1.9029838e-18
   1.8923079e-18
   1.8817804e-18
   1.8713981e-18
   1.8611579e-18
   1.8510566e-18
   1.8410913e-18
   1.8312590e-18
   1.8215569e-18
   1.8119823e-18
   1.8025326e-18
   1.7932051e-18
   1.7839973e-18
   1.7749069e-18
   1.7659314e-18
   1.7570684e-18
   1.7483159e-18
   1.7396715e-18
   1.7311333e-18
   1.7226990e-18
   1.7143667e-18
   1.7061344e-18
   1.6980002e-18
   1.6899624e-18
   1.6820189e-18
   1.6741682e-18
   1.6664084e-18
   1.6587379e-18
   1.6511551e-18
   1.6436583e-18
   1.6362461e-18
   1.6289169e-18
   1.6216692e-18
   1.6145016e-18
   1.6074126e-18
   1.6004010e-18
   1.5934654e-18
   1.5866044e-18
   1.5798167e-18
   1.5731012e-18
   1.5664567e-18
   1.5598818e-18
   1.5533755e-18
   1.5469366e-18
   1.5405641e-18
   1.5342567e-18
   1.5280136e-18
   1.5218335e-18
   1.5157156e-18
   1.5096588e-18
   1.5036621e-18
   1.4977246e-18
   1.4918454e-18
   1.4860236e-18
   1.4802582e-18
   1.4745484e-18
   1.4688934e-18
   1.4632923e-18
   1.4577442e-18
   1.4522485e-18
   1.4468042e-18
   1.4414107e-18
   1.4360672e-18
   1.4307730e-18
   1.4255272e-18
   1.4203293e-18
   1.4151785e-18
   1.4100742e-18
   1.4050156e-18
   1.4000021e-18
   1.3950332e-18
   1.3901081e-18
   1.3852262e-18
   1.3803870e-18
   1.3755898e-18
   1.3708341e-18
   1.3661193e-18
   1.3614448e-18
   1.3568101e-18
   1.3522146e-18
   1.3476579e-18
   1.3431393e-18
   1.3386584e-18
   1.3342147e-18
   1.3298078e-18
   1.3254370e-18
   1.3211019e-18
   1.3168022e-18
   1.3125372e-18
   1.3083066e-18
   1.3041100e-18
   1.2999468e-18
   1.2958167e-18
   1.2917193e-18
   1.2876541e-18
   1.2836207e-18
   1.2796187e-18
   1.2756478e-18
   1.2717076e-18
   1.2677977e-18
   1.2639176e-18
   1.2600672e-18
   1.2562459e-18
   1.2524534e-18
   1.2486895e-18
   1.2449537e-18
   1.2412457e-18
   1.2375652e-18
   1.2339119e-18
   1.2302854e-18
   1.2266854e-18
   1.2231117e-18
   1.2195639e-18
   1.2160417e-18
   1.2125448e-18
   1.2090729e-18
   1.2056258e-18
   1.2022032e-18
   1.1988047e-18
   1.1954302e-18
   1.1920793e-18
   1.1887518e-18
   1.1854474e-18
   1.1821659e-18
   1.1789070e-18
   1.1756704e-18
   1.1724560e-18
   1.1692635e-18
   1.1660926e-18
   1.1629431e-18
   1.1598148e-18
   1.1567075e-18
   1.1536209e-18
   1.1505548e-18
   1.1475089e-18
   1.1444832e-18
   1.1414773e-18
   1.1384911e-18
   1.1355244e-18
   1.1325769e-18
   1.1296484e-18
   1.1267388e-18
   1.1238479e-18
   1.1209754e-18
   1.1181213e-18
   1.1152852e-18
   1.1124670e-18
   1.1096666e-18
   1.1068838e-18
   1.1041183e-18
   1.1013700e-18
   1.0986388e-18
   1.0959244e-18
   1.0932267e-18
   1.0905456e-18
   1.0878809e-18
   1.0852323e-18
   1.0825999e-18
   1.0799833e-18
   1.0773825e-18
   1.0747973e-18
   1.0722276e-18
   1.0696731e-18
   1.0671338e-18
   1.0646096e-18
   1.0621002e-18
   1.0596055e-18
   1.0571255e-18
   1.0546599e-18
   1.0522086e-18
   1.0497715e-18
   1.0473485e-18
   1.0449394e-18
   1.0425441e-18
   1.0401625e-18
   1.0377945e-18
   1.0354399e-18
   1.0330986e-18
   1.0307705e-18
   1.0284554e-18
   1.0261533e-18
   1.0238641e-18
   1.0215876e-18
   1.0193237e-18
   1.0170723e-18
   1.0148332e-18
   1.0126065e-18
   1.0103920e-18
   1.0081895e-18
   1.0059989e-18
   1.0038203e-18
   1.0016534e-18
   9.9949811e-19
   9.9735441e-19
   9.9522217e-19
   9.9310129e-19
   9.9099168e-19
   9.8889323e-19
   9.8680586e-19
   9.8472946e-19
   9.8266396e-19
   9.8060925e-19
   9.7856525e-19
   9.7653186e-19
   9.7450901e-19
   9.7249660e-19
   9.7049455e-19
   9.6850277e-19
   9.6652117e-19
   9.6454969e-19
   9.6258822e-19
   9.6063670e-19
   9.5869504e-19
   9.5676316e-19
   9.5484098e-19
   9.5292843e-19
   9.5102543e-19
   9.4913190e-19
   9.4724776e-19
   9.4537295e-19
   9.4350739e-19
   9.4165100e-19
   9.3980372e-19
   9.3796548e-19
   9.3613619e-19
   9.3431580e-19
   9.3250423e-19
   9.3070142e-19
   9.2890730e-19
   9.2712179e-19
   9.2534485e-19
   9.2357639e-19
   9.2181636e-19
   9.2006469e-19
   9.1832131e-19
   9.1658618e-19
   9.1485921e-19
   9.1314036e-19
   9.1142956e-19
   9.0972674e-19
   9.0803186e-19
   9.0634485e-19
   9.0466566e-19
   9.0299422e-19
   9.0133048e-19
   8.9967439e-19
   8.9802588e-19
   8.9638490e-19
   8.9475139e-19
   8.9312531e-19
   8.9150660e-19
   8.8989520e-19
   8.8829106e-19
   8.8669413e-19
   8.8510436e-19
   8.8352170e-19
   8.8194609e-19
   8.8037749e-19
   8.7881584e-19
   8.7726110e-19
   8.7571322e-19
   8.7417215e-19
   8.7263784e-19
   8.7111025e-19
   8.6958932e-19
   8.6807502e-19
   8.6656729e-19
   8.6506609e-19
   8.6357137e-19
   8.6208310e-19
   8.6060122e-19
   8.5912569e-19
   8.5765647e-19
   8.5619352e-19
   8.5473678e-19
   8.5328623e-19
   8.5184182e-19
   8.5040351e-19
   8.4897125e-19
   8.4754500e-19
   8.4612474e-19
   8.4471040e-19
   8.4330196e-19
   8.4189938e-19
   8.4050262e-19
   8.3911163e-19
   8.3772639e-19
   8.3634685e-19
   8.3497297e-19
   8.3360472e-19
   8.3224207e-19
   8.3088497e-19
   8.2953338e-19
   8.2818728e-19
   8.2684663e-19
   8.2551139e-19
   8.2418153e-19
   8.2285701e-19
   8.2153780e-19
   8.2022387e-19
   8.1891517e-19
   8.1761169e-19
   8.1631338e-19
   8.1502021e-19
   8.1373214e-19
   8.1244916e-19
   8.1117122e-19
   8.0989830e-19
   8.0863035e-19
   8.0736736e-19
   8.0610929e-19
   8.0485611e-19
   8.0360779e-19
   8.0236429e-19
   8.0112560e-19
   7.9989167e-19
   7.9866249e-19
   7.9743801e-19
   7.9621822e-19
   7.9500309e-19
   7.9379258e-19
   7.9258666e-19
   7.9138532e-19
   7.9018851e-19
   7.8899623e-19
   7.8780843e-19
   7.8662509e-19
   7.8544618e-19
   7.8427168e-19
   7.8310156e-19
   7.8193580e-19
   7.8077436e-19
   7.7961723e-19
   7.7846438e-19
   7.7731578e-19
   7.7617140e-19
   7.7503123e-19
   7.7389524e-19
   7.7276340e-19
   7.7163569e-19
   7.7051208e-19
   7.6939256e-19
   7.6827709e-19
   7.6716566e-19
   7.6605824e-19
   7.6495481e-19
   7.6385534e-19
   7.6275981e-19
   7.6166821e-19
   7.6058050e-19
   7.5949666e-19
   7.5841668e-19
   7.5734053e-19
   7.5626819e-19
   7.5519964e-19
   7.5413485e-19
   7.5307381e-19
   7.5201649e-19
   7.5096288e-19
   7.4991295e-19
   7.4886668e-19
   7.4782405e-19
   7.4678505e-19
   7.4574964e-19
   7.4471782e-19
   7.4368956e-19
   7.4266484e-19
   7.4164365e-19
   7.4062595e-19
   7.3961174e-19
   7.3860100e-19
   7.3759370e-19
   7.3658983e-19
   7.3558937e-19
   7.3459230e-19
   7.3359860e-19
   7.3260825e-19
   7.3162124e-19
   7.3063755e-19
   7.2965716e-19
   7.2868005e-19
   7.2770620e-19
   7.2673560e-19
   7.2576823e-19
   7.2480408e-19
   7.2384312e-19
   7.2288534e-19
   7.2193072e-19
   7.2097924e-19
   7.2003090e-19
   7.1908567e-19
   7.1814353e-19
   7.1720447e-19
   7.1626848e-19
   7.1533553e-19
   7.1440562e-19
   7.1347872e-19
   7.1255483e-19
   7.1163392e-19
   7.1071598e-19
   7.0980099e-19
   7.0888894e-19
   7.0797982e-19
   7.0707360e-19
   7.0617028e-19
   7.0526984e-19
   7.0437227e-19
   7.0347754e-19
   7.0258565e-19
   7.0169658e-19
