   3.7669543e-16
   2.3730325e-16
   1.8109627e-16
   1.4949168e-16
   1.2882802e-16
   1.1408350e-16
   1.0294178e-16
   9.4173858e-17
   8.7062008e-17
   8.1156570e-17
   7.6160285e-17
   7.1868104e-17
   6.8133618e-17
   6.4849256e-17
   6.1934055e-17
   5.9325813e-17
   5.6975884e-17
   5.4845628e-17
   5.2903932e-17
   5.1125436e-17
   4.9489244e-17
   4.7977973e-17
   4.6577030e-17
   4.5274069e-17
   4.4058565e-17
   4.2921490e-17
   4.1855048e-17
   4.0852471e-17
   3.9907852e-17
   3.9016010e-17
   3.8172379e-17
   3.7372920e-17
   3.6614046e-17
   3.5892558e-17
   3.5205592e-17
   3.4550581e-17
   3.3925209e-17
   3.3327389e-17
   3.2755227e-17
   3.2207006e-17
   3.1681163e-17
   3.1176270e-17
   3.0691024e-17
   3.0224229e-17
   2.9774788e-17
   2.9341690e-17
   2.8924006e-17
   2.8520876e-17
   2.8131505e-17
   2.7755157e-17
   2.7391148e-17
