   5.2567442e-16
   3.3115413e-16
   2.5271790e-16
   2.0861403e-16
   1.7977812e-16
   1.5920230e-16
   1.4365414e-16
   1.3141860e-16
   1.2149409e-16
   1.1325312e-16
   1.0628086e-16
   1.0029117e-16
   9.5079730e-17
   9.0496438e-17
   8.6428306e-17
   8.2788533e-17
   7.9509232e-17
   7.6536484e-17
   7.3826867e-17
   7.1344995e-17
   6.9061708e-17
   6.6952745e-17
   6.4997744e-17
   6.3179475e-17
   6.1483253e-17
   5.9896477e-17
   5.8408269e-17
   5.7009184e-17
   5.5690978e-17
   5.4446421e-17
   5.3269143e-17
