   2.1069903e-16
   1.3273207e-16
   1.0129353e-16
   8.3615965e-17
   7.2058054e-17
   6.3810924e-17
   5.7578963e-17
   5.2674757e-17
   4.8696849e-17
   4.5393730e-17
   4.2599131e-17
   4.0198363e-17
   3.8109533e-17
   3.6272474e-17
   3.4641899e-17
   3.3183018e-17
   3.1868620e-17
   3.0677093e-17
   2.9591033e-17
   2.8596258e-17
   2.7681078e-17
   2.6835771e-17
   2.6052174e-17
   2.5323382e-17
   2.4643508e-17
   2.4007502e-17
   2.3411003e-17
   2.2850227e-17
   2.2321868e-17
   2.1823029e-17
   2.1351156e-17
   2.0903991e-17
   2.0479526e-17
   2.0075972e-17
   1.9691728e-17
   1.9325357e-17
   1.8975565e-17
   1.8641183e-17
   1.8321153e-17
   1.8014514e-17
   1.7720391e-17
   1.7437987e-17
   1.7166571e-17
   1.6905476e-17
   1.6654088e-17
   1.6411841e-17
   1.6178216e-17
   1.5952731e-17
   1.5734942e-17
   1.5524437e-17
   1.5320834e-17
   1.5123778e-17
   1.4932939e-17
   1.4748008e-17
   1.4568698e-17
   1.4394741e-17
   1.4225885e-17
   1.4061896e-17
   1.3902552e-17
   1.3747647e-17
   1.3596986e-17
   1.3450386e-17
   1.3307674e-17
   1.3168689e-17
   1.3033277e-17
   1.2901293e-17
   1.2772601e-17
   1.2647070e-17
   1.2524579e-17
   1.2405012e-17
   1.2288257e-17
   1.2174212e-17
   1.2062777e-17
   1.1953857e-17
   1.1847363e-17
   1.1743209e-17
   1.1641315e-17
   1.1541603e-17
   1.1443999e-17
   1.1348432e-17
   1.1254836e-17
   1.1163147e-17
   1.1073302e-17
   1.0985243e-17
   1.0898915e-17
   1.0814262e-17
   1.0731235e-17
   1.0649783e-17
   1.0569859e-17
   1.0491418e-17
   1.0414416e-17
   1.0338812e-17
   1.0264565e-17
   1.0191637e-17
   1.0119991e-17
   1.0049591e-17
   9.9804022e-18
   9.9123923e-18
   9.8455293e-18
   9.7797826e-18
   9.7151226e-18
   9.6515208e-18
   9.5889499e-18
   9.5273833e-18
   9.4667956e-18
   9.4071620e-18
   9.3484587e-18
   9.2906628e-18
