   2.9551484e-16
   1.8616269e-16
   1.4206872e-16
   1.1727514e-16
   1.0106466e-16
   8.9497685e-17
   8.0757080e-17
   7.3878711e-17
   6.8299516e-17
   6.3666743e-17
   5.9747194e-17
   5.6380008e-17
   5.3450331e-17
   5.0873773e-17
   4.8586818e-17
   4.6540672e-17
   4.4697169e-17
   4.3025999e-17
   4.1502752e-17
   4.0107535e-17
   3.8823955e-17
   3.7638373e-17
   3.6539344e-17
   3.5517180e-17
   3.4563626e-17
   3.3671599e-17
   3.2834983e-17
   3.2048468e-17
   3.1307422e-17
   3.0607778e-17
   2.9945955e-17
   2.9318786e-17
   2.8723455e-17
   2.8157452e-17
   2.7618533e-17
   2.7104681e-17
   2.6614082e-17
   2.6145096e-17
   2.5696239e-17
   2.5266164e-17
   2.4853643e-17
   2.4457559e-17
   2.4076887e-17
   2.3710689e-17
   2.3358106e-17
   2.3018344e-17
   2.2690674e-17
   2.2374421e-17
   2.2068962e-17
   2.1773720e-17
   2.1488158e-17
   2.1211778e-17
   2.0944117e-17
   2.0684743e-17
   2.0433253e-17
   2.0189270e-17
   1.9952442e-17
   1.9722440e-17
   1.9498953e-17
   1.9281692e-17
   1.9070383e-17
   1.8864770e-17
   1.8664611e-17
   1.8469678e-17
   1.8279756e-17
   1.8094643e-17
   1.7914146e-17
   1.7738083e-17
   1.7566284e-17
   1.7398585e-17
   1.7234833e-17
