   1.2487150e-16
   7.8664113e-17
   6.0031954e-17
   4.9555286e-17
   4.2705451e-17
   3.7817761e-17
   3.4124368e-17
   3.1217874e-17
   2.8860353e-17
   2.6902748e-17
   2.5246520e-17
   2.3823697e-17
   2.2585745e-17
   2.1497005e-17
   2.0530639e-17
   1.9666028e-17
   1.8887046e-17
   1.8180883e-17
   1.7537227e-17
   1.6947669e-17
   1.6405285e-17
   1.5904311e-17
   1.5439910e-17
   1.5007988e-17
   1.4605059e-17
   1.4228127e-17
   1.3874611e-17
   1.3542264e-17
   1.3229131e-17
   1.2933492e-17
   1.2653835e-17
   1.2388821e-17
   1.2137261e-17
   1.1898093e-17
   1.1670370e-17
   1.1453239e-17
   1.1245933e-17
   1.1047760e-17
   1.0858093e-17
   1.0676363e-17
   1.0502050e-17
   1.0334682e-17
   1.0173827e-17
   1.0019088e-17
   9.8701019e-18
   9.7265336e-18
   9.5880747e-18
   9.4544402e-18
   9.3253669e-18
   9.2006104e-18
   9.0799445e-18
   8.9631586e-18
   8.8500570e-18
   8.7404570e-18
   8.6341884e-18
   8.5310920e-18
   8.4310191e-18
   8.3338303e-18
   8.2393946e-18
   8.1475896e-18
   8.0582998e-18
   7.9714168e-18
   7.8868385e-18
   7.8044685e-18
   7.7242160e-18
   7.6459952e-18
   7.5697251e-18
   7.4953291e-18
   7.4227344e-18
   7.3518723e-18
   7.2826775e-18
   7.2150883e-18
   7.1490457e-18
   7.0844939e-18
   7.0213799e-18
   6.9596530e-18
   6.8992650e-18
   6.8401702e-18
   6.7823248e-18
   6.7256870e-18
   6.6702171e-18
   6.6158768e-18
   6.5626300e-18
   6.5104417e-18
   6.4592788e-18
   6.4091093e-18
   6.3599028e-18
   6.3116300e-18
   6.2642629e-18
   6.2177746e-18
   6.1721393e-18
   6.1273322e-18
   6.0833296e-18
   6.0401085e-18
   5.9976471e-18
   5.9559241e-18
   5.9149193e-18
   5.8746130e-18
   5.8349864e-18
   5.7960214e-18
   5.7577004e-18
   5.7200066e-18
   5.6829238e-18
   5.6464361e-18
   5.6105286e-18
   5.5751865e-18
   5.5403958e-18
   5.5061429e-18
   5.4724144e-18
   5.4391978e-18
   5.4064807e-18
   5.3742512e-18
   5.3424978e-18
   5.3112092e-18
   5.2803748e-18
   5.2499841e-18
   5.2200269e-18
   5.1904934e-18
   5.1613741e-18
   5.1326598e-18
   5.1043416e-18
   5.0764108e-18
   5.0488590e-18
   5.0216779e-18
   4.9948598e-18
   4.9683969e-18
   4.9422817e-18
   4.9165070e-18
   4.8910658e-18
   4.8659511e-18
   4.8411564e-18
   4.8166752e-18
   4.7925011e-18
   4.7686280e-18
   4.7450501e-18
   4.7217614e-18
   4.6987564e-18
   4.6760296e-18
   4.6535757e-18
   4.6313893e-18
   4.6094655e-18
   4.5877994e-18
   4.5663860e-18
   4.5452208e-18
   4.5242991e-18
   4.5036166e-18
   4.4831688e-18
   4.4629515e-18
   4.4429607e-18
   4.4231922e-18
   4.4036421e-18
   4.3843066e-18
   4.3651820e-18
   4.3462646e-18
   4.3275509e-18
   4.3090372e-18
   4.2907204e-18
   4.2725969e-18
   4.2546636e-18
   4.2369173e-18
   4.2193550e-18
   4.2019734e-18
   4.1847698e-18
   4.1677412e-18
   4.1508848e-18
   4.1341978e-18
   4.1176775e-18
   4.1013213e-18
   4.0851265e-18
   4.0690906e-18
   4.0532112e-18
   4.0374859e-18
   4.0219121e-18
   4.0064877e-18
   3.9912103e-18
   3.9760777e-18
   3.9610878e-18
   3.9462383e-18
   3.9315273e-18
   3.9169525e-18
   3.9025121e-18
   3.8882041e-18
   3.8740265e-18
   3.8599774e-18
   3.8460550e-18
   3.8322575e-18
   3.8185831e-18
   3.8050300e-18
   3.7915965e-18
   3.7782809e-18
   3.7650817e-18
   3.7519971e-18
   3.7390256e-18
   3.7261657e-18
   3.7134157e-18
   3.7007743e-18
   3.6882399e-18
