   4.5344328e-16
   2.8565137e-16
   2.1799279e-16
   1.7994908e-16
   1.5507542e-16
   1.3732685e-16
   1.2391511e-16
   1.1336082e-16
   1.0480000e-16
   9.7691393e-17
   9.1677166e-17
   8.6510496e-17
   8.2015147e-17
   7.8061629e-17
   7.4552486e-17
   7.1412841e-17
   6.8584138e-17
   6.6019865e-17
   6.3682568e-17
   6.1541721e-17
   5.9572172e-17
   5.7752995e-17
   5.6066625e-17
   5.4498198e-17
   5.3035047e-17
   5.1666305e-17
   5.0382586e-17
   4.9175745e-17
   4.8038669e-17
   4.6965123e-17
   4.5949611e-17
   4.4987271e-17
   4.4073784e-17
   4.3205300e-17
   4.2378372e-17
   4.1589909e-17
   4.0837124e-17
   4.0117504e-17
   3.9428770e-17
