1.045311 5.223150 0.347830 
1.048464 5.222396 0.348584 
1.048827 5.224757 0.349103 
1.045224 5.222784 0.350979 
1.047710 5.223082 0.349455 
1.044580 5.222922 0.350337 
1.049810 5.224164 0.347279 
1.046338 5.222721 0.351953 
1.048294 5.223103 0.347308 
1.048063 5.224275 0.350529 
1.047394 5.224096 0.350190 
1.048093 5.222844 0.349008 
1.048420 5.224462 0.348321 
1.047460 5.221793 0.347541 
1.049713 5.222462 0.350575 
1.047117 5.222484 0.348381 
1.045725 5.222540 0.352070 
1.043095 5.221672 0.349448 
1.049424 5.224930 0.349784 
1.047233 5.223379 0.350000 