0.778285 6.087296 1.173260 
0.778425 6.091625 1.181390 
0.777336 6.084649 1.162445 
0.779765 6.091431 1.159083 
0.779835 6.090404 1.151702 
0.773622 6.084137 1.207888 
0.776395 6.090678 1.175697 
0.775164 6.085454 1.170239 
0.775795 6.088093 1.176428 
0.774704 6.088757 1.177732 
0.774576 6.083833 1.164372 
0.776474 6.087824 1.249788 
0.779980 6.086269 1.159668 
0.778173 6.090611 1.249508 
0.773279 6.083182 1.201168 
0.779001 6.087967 1.192180 
0.776543 6.090455 1.204447 
0.776461 6.089772 1.179135 
0.778760 6.088050 1.196823 
0.776628 6.084264 1.136005 
0.777502 6.090137 1.194363 
0.775643 6.083359 1.168084 
0.779190 6.086068 1.192641 
0.775293 6.085702 1.179533 
0.774153 6.081608 1.177942 
0.779546 6.089401 1.195456 
0.777724 6.087347 1.226121 
0.778546 6.091568 1.163052 
0.778973 6.090072 1.145039 
0.774462 6.087580 1.170518 
0.778160 6.089913 1.208932 
0.777892 6.088239 1.159740 
0.776218 6.090570 1.233589 
0.777506 6.091781 1.224629 
0.779171 6.089717 1.211633 
0.779023 6.089011 1.239262 
0.776567 6.086564 1.167594 
0.780307 6.089201 1.234961 
0.775758 6.090084 1.206385 
0.777039 6.084242 1.213845 
0.779909 6.091319 1.223200 
0.778920 6.088205 1.163171 
0.776995 6.088029 1.213359 
0.776770 6.090152 1.226455 
0.776389 6.086870 1.144183 
0.775502 6.082533 1.148951 
0.773333 6.084096 1.201653 
0.773652 6.083126 1.138357 
0.779736 6.087512 1.169583 
0.778112 6.086021 1.203127 
0.781793 6.089700 1.209838 
0.776546 6.087162 1.226909 
0.781141 6.087926 1.167540 
0.776091 6.084819 1.183088 
0.775328 6.090116 1.202043 
0.781248 6.089716 1.218039 
0.780165 6.087034 1.166223 
0.773909 6.086185 1.154855 
0.776366 6.089224 1.144825 
0.780042 6.089146 1.233388 
0.777274 6.088210 1.208768 
0.779332 6.091420 1.219647 
0.775575 6.084347 1.135451 
0.776319 6.087199 1.182627 
0.773864 6.085804 1.151508 
0.777008 6.082595 1.202878 
0.778340 6.087369 1.216538 
0.779444 6.091847 1.225840 
0.780015 6.088172 1.173838 
0.777610 6.088295 1.170456 
0.776381 6.084130 1.197036 
0.782214 6.092432 1.219193 
0.776522 6.086560 1.193069 
0.779669 6.088358 1.135606 
0.778996 6.092878 1.221729 
0.779959 6.091255 1.252949 
0.778675 6.083939 1.158920 
0.776039 6.082410 1.184113 
0.774697 6.087870 1.191253 
0.773327 6.084687 1.158212 
0.777665 6.091137 1.181150 
0.778107 6.091418 1.189317 
0.773210 6.083926 1.198036 
0.773877 6.087076 1.218947 
0.776919 6.090117 1.167316 
0.780944 6.090159 1.169958 
0.781559 6.091868 1.208977 
0.779104 6.090391 1.180213 
0.774659 6.084064 1.210399 
0.779478 6.089710 1.208992 
0.778479 6.087581 1.221396 
0.775101 6.084996 1.195745 
0.777233 6.088400 1.159436 
0.775904 6.085350 1.206211 
0.777014 6.084012 1.148489 
0.774520 6.082013 1.169732 
0.775301 6.087355 1.240333 
0.775104 6.084631 1.183631 
0.775906 6.084511 1.167358 
0.779721 6.087232 1.162441 
0.776073 6.083391 1.211441 
0.773212 6.084717 1.191308 
0.778656 6.088011 1.146327 
0.779010 6.085489 1.202787 
0.778006 6.086981 1.218270 
0.776958 6.087849 1.131045 
0.773681 6.083509 1.183318 
0.778749 6.089571 1.161672 
0.778401 6.089521 1.224964 
0.777333 6.086366 1.129348 
0.781993 6.092920 1.230894 
0.779839 6.090549 1.154634 
0.776250 6.086898 1.127765 
0.774707 6.081166 1.169608 
0.780078 6.091950 1.167134 
0.781226 6.089080 1.224634 
0.775448 6.085828 1.200770 
0.775693 6.089881 1.173854 
0.776869 6.082255 1.181108 
0.776541 6.090448 1.180483 
0.773518 6.085663 1.175078 
0.776871 6.086507 1.173229 
0.778843 6.086307 1.208707 
0.777762 6.088624 1.188130 
0.775762 6.087634 1.170749 
0.774458 6.083301 1.222860 
0.775187 6.083152 1.201915 
0.778125 6.087340 1.207504 
0.780815 6.093234 1.201295 
0.775377 6.086091 1.164579 
0.775240 6.083601 1.216295 
0.780538 6.086826 1.176235 
0.775842 6.082678 1.140740 
0.773777 6.085896 1.209547 
0.774258 6.087171 1.204498 
0.773266 6.082037 1.175426 
0.779085 6.089267 1.163462 
0.780942 6.087944 1.200026 
0.778844 6.089922 1.158391 
0.778852 6.093058 1.239646 
0.776523 6.091797 1.211754 
0.776395 6.089273 1.222306 
0.779110 6.093254 1.193364 
0.779853 6.092128 1.222390 
0.780637 6.090204 1.186564 
0.774960 6.086096 1.165386 
0.779083 6.086056 1.156858 
0.776310 6.090033 1.238840 
0.775059 6.083758 1.193853 
0.780455 6.092988 1.197195 
0.776374 6.087748 1.170025 
0.781561 6.094483 1.206865 
0.774803 6.088770 1.177286 
0.774711 6.084796 1.186325 
0.779890 6.093389 1.173769 
0.773665 6.083881 1.141566 
0.777857 6.090761 1.232311 
0.774881 6.087588 1.232704 
0.777945 6.087073 1.191961 
0.777180 6.091286 1.210926 
0.777666 6.086951 1.130815 
0.774497 6.087045 1.164223 
0.779343 6.086058 1.139073 
0.774109 6.082483 1.177210 
0.775258 6.085860 1.201115 
0.778126 6.084152 1.178517 
0.781090 6.094230 1.220840 
0.778982 6.084899 1.214349 
0.777236 6.082953 1.151697 
0.776353 6.082603 1.189056 
0.776033 6.087133 1.218324 
0.778609 6.090697 1.230819 
0.777308 6.086181 1.127775 
0.776429 6.087175 1.154535 
0.776571 6.084914 1.180094 
0.773944 6.081399 1.159249 
0.775391 6.081901 1.171223 
0.773931 6.081169 1.157379 
0.775851 6.089700 1.221566 
0.776852 6.091188 1.240851 
0.778098 6.084246 1.166976 
0.779656 6.086794 1.229133 
0.780361 6.086800 1.212922 
0.781834 6.090247 1.222617 
0.780122 6.092435 1.191737 
0.776825 6.090013 1.150261 
0.779380 6.085970 1.149466 
0.781993 6.090896 1.223224 
0.775757 6.089774 1.192342 
0.779123 6.090385 1.168107 
0.774400 6.085646 1.143582 
0.778603 6.089589 1.181215 
0.782426 6.090759 1.192205 
0.777354 6.088377 1.239496 
0.778229 6.088717 1.164670 
0.780686 6.089193 1.202983 
0.776005 6.090042 1.159708 
0.779492 6.090403 1.230517 
0.779429 6.088967 1.204767 
0.776123 6.087810 1.224709 
0.775011 6.088315 1.160953 
0.778926 6.088656 1.217734 
0.781377 6.092529 1.237044 
0.774764 6.081948 1.174886 
0.778237 6.090936 1.162956 
0.778942 6.091327 1.214622 
0.776836 6.087176 1.235642 
0.773551 6.085343 1.192081 
0.775448 6.082271 1.166663 
0.774229 6.080838 1.181911 
0.777275 6.092471 1.194218 
0.775826 6.084079 1.196853 
0.775532 6.090071 1.173321 
0.779531 6.087919 1.193882 
0.777537 6.092477 1.210331 
0.776385 6.090569 1.188781 
0.781535 6.089598 1.198058 
0.778621 6.087682 1.189690 
0.778217 6.088768 1.182179 
0.777525 6.090357 1.155298 
0.778860 6.087741 1.228409 
0.778714 6.085852 1.182909 
0.780714 6.092216 1.184394 
0.779082 6.089433 1.192570 
0.779825 6.090802 1.231882 
0.777051 6.090314 1.195019 
0.777023 6.084653 1.194082 
0.774336 6.080630 1.166998 
0.779646 6.090851 1.218288 
0.780764 6.091475 1.165642 
0.778921 6.085856 1.187093 
0.780009 6.091227 1.170085 
0.778418 6.090029 1.259226 
0.776298 6.083270 1.167207 
0.781458 6.090185 1.163493 
0.778471 6.087290 1.232342 
0.779660 6.093222 1.236731 
0.779237 6.091330 1.171264 
0.777045 6.088456 1.204350 
0.775554 6.088051 1.197602 
0.779117 6.088863 1.171733 
0.776347 6.089156 1.167704 
0.779046 6.090534 1.172727 
0.774203 6.086380 1.164728 
0.773387 6.082342 1.145563 
0.780013 6.090505 1.209451 
0.774185 6.084128 1.203294 
0.776668 6.084276 1.167741 
0.778489 6.086472 1.187862 
0.777544 6.086920 1.157604 
0.777087 6.088475 1.135205 
0.777440 6.091362 1.233816 
0.779369 6.088973 1.154437 
0.778923 6.090135 1.204175 
0.780915 6.091769 1.214106 
0.776551 6.084236 1.232641 
0.774665 6.086614 1.205604 
0.779206 6.084890 1.204619 
0.777413 6.083994 1.224869 
0.776237 6.090168 1.159911 
0.776448 6.086638 1.192116 
0.776700 6.088468 1.205168 
0.775516 6.087343 1.147072 
0.776701 6.091138 1.211269 
0.779241 6.093387 1.189550 
0.774664 6.082138 1.174240 
0.777947 6.091634 1.159442 
0.780733 6.086679 1.180140 
0.775647 6.088749 1.206173 
0.777759 6.089437 1.259093 
0.776789 6.091006 1.241607 
0.773459 6.081269 1.175823 
0.776855 6.084027 1.231734 
0.774172 6.081967 1.144795 
0.778753 6.085880 1.163578 
0.779618 6.089409 1.138022 
0.774266 6.081994 1.159610 
0.777670 6.088302 1.156796 
0.778037 6.086584 1.131493 
0.778213 6.084716 1.186903 
0.780869 6.092944 1.214552 
0.773490 6.084704 1.164562 
0.776326 6.089549 1.167449 
0.775132 6.086610 1.217631 
0.779605 6.088914 1.163082 
0.772685 6.083312 1.195527 
0.779084 6.084315 1.184388 
0.779070 6.088537 1.210548 
0.781416 6.090855 1.165763 
0.778732 6.083746 1.165778 
0.775077 6.084106 1.215694 
0.778081 6.091765 1.162126 
0.777833 6.089608 1.205789 
0.780346 6.092128 1.208707 
0.778713 6.087884 1.245699 
0.775841 6.084069 1.225504 
0.778330 6.089346 1.210652 
0.777345 6.086297 1.228793 
0.775190 6.082140 1.185670 
0.778561 6.084877 1.203265 
0.781671 6.088513 1.195004 
0.776676 6.088243 1.177782 
0.778491 6.086412 1.206476 
0.774481 6.084050 1.142763 
0.773648 6.083278 1.151357 
0.781839 6.088981 1.197834 
0.778389 6.085847 1.159781 
0.778731 6.093243 1.213319 
0.780600 6.089360 1.144735 
0.781621 6.091290 1.169423 
0.776191 6.082101 1.186898 
0.774541 6.080853 1.172183 
0.780717 6.086755 1.190657 
0.776423 6.083783 1.202865 
0.778595 6.084937 1.174634 
0.776945 6.089372 1.229763 
0.776974 6.084688 1.222249 
0.779787 6.090707 1.216625 
0.779533 6.091276 1.170617 
0.774160 6.082737 1.152018 
0.777209 6.087621 1.210666 
0.776717 6.086552 1.192526 
0.774893 6.085557 1.206507 
0.777568 6.091897 1.193851 
0.776779 6.083678 1.131275 
0.779228 6.091767 1.174081 
0.774798 6.083893 1.180936 
0.779033 6.090530 1.174089 
0.779466 6.091962 1.192564 
0.775467 6.089804 1.219294 
0.780622 6.086916 1.185657 
0.775817 6.090836 1.217601 
0.778700 6.091415 1.176275 
0.776331 6.082784 1.185404 
0.779323 6.091469 1.213557 
0.781257 6.087767 1.176098 
0.778075 6.092924 1.224655 
0.780031 6.089236 1.227485 
0.777581 6.089432 1.237999 
0.780576 6.090127 1.240706 
0.777156 6.088783 1.223031 
0.780545 6.094124 1.207904 
0.778211 6.093103 1.210181 
0.776117 6.087335 1.236211 
0.775431 6.086761 1.148589 
0.776573 6.088861 1.208921 
0.780294 6.091446 1.241861 
0.776360 6.087746 1.168354 
0.777628 6.089198 1.239541 
0.775896 6.082885 1.139693 
0.776275 6.089932 1.218165 
0.778722 6.083785 1.188895 
0.776373 6.086821 1.230062 
0.778438 6.090451 1.181344 
0.774469 6.081225 1.197296 
0.775527 6.087711 1.243926 
0.776802 6.090601 1.186628 
0.775455 6.085529 1.152262 
0.777677 6.085596 1.153829 
0.780276 6.091256 1.161386 
0.776680 6.087641 1.178508 
0.781702 6.090906 1.214096 
0.773744 6.086064 1.158702 
0.778751 6.093416 1.185876 
0.775701 6.084270 1.219451 
0.775508 6.088445 1.174658 
0.779467 6.089952 1.184498 
0.776592 6.091841 1.193356 
0.776828 6.091122 1.226662 
0.778012 6.084005 1.169456 
0.777438 6.088006 1.233039 
0.780900 6.089102 1.170440 
0.776108 6.087440 1.206514 
0.776381 6.089122 1.155658 
0.777947 6.088782 1.225847 
0.777087 6.089399 1.145744 
0.782564 6.093157 1.215114 
0.773554 6.082891 1.163189 
0.780037 6.089078 1.210153 
0.778750 6.088443 1.214158 
0.778207 6.087184 1.139499 
0.779451 6.084877 1.164897 
0.775922 6.086802 1.182622 
0.774041 6.081203 1.177966 
0.774711 6.081773 1.158615 
0.777352 6.090766 1.191869 
0.781218 6.090767 1.157160 
0.775335 6.088311 1.165166 
0.781574 6.092290 1.183957 
0.782270 6.092484 1.185099 
0.775833 6.081216 1.164375 
0.775596 6.083459 1.160866 
0.776945 6.087475 1.160203 
0.774822 6.084534 1.209110 
0.778715 6.087303 1.237172 
0.778527 6.092286 1.242428 
0.776944 6.085111 1.134180 
0.781661 6.091299 1.220302 
0.774175 6.087155 1.153911 
0.774441 6.085435 1.135791 
0.774781 6.083234 1.180040 
0.778415 6.085226 1.180174 
0.775420 6.087623 1.228157 
0.780298 6.090012 1.206280 
0.779608 6.085467 1.184127 
0.774913 6.084248 1.205687 
0.781421 6.091705 1.228747 
0.777044 6.088649 1.212705 
0.774437 6.084990 1.157951 
0.778608 6.091030 1.167734 
0.778280 6.091884 1.191873 
0.777950 6.088282 1.249113 
0.777399 6.086273 1.154127 
0.778365 6.089398 1.169365 
0.780634 6.088034 1.202333 
0.775677 6.081676 1.156257 
0.778589 6.090380 1.198095 
0.773476 6.086174 1.164627 
0.779272 6.090123 1.240077 
0.775018 6.081480 1.198790 
0.774685 6.088659 1.187764 
0.776598 6.090026 1.190281 
0.781340 6.092447 1.176941 
0.773492 6.083522 1.219247 
0.776576 6.084509 1.136260 
0.774792 6.086757 1.162169 
0.773702 6.083093 1.195555 
0.776846 6.091454 1.209165 
0.780429 6.088285 1.151294 
0.778186 6.087672 1.159697 
0.776497 6.083557 1.224126 
0.774202 6.085803 1.207102 
0.779216 6.088947 1.225173 
0.780330 6.091918 1.166998 
0.778335 6.084000 1.187468 
0.776178 6.088879 1.205626 
0.774298 6.087484 1.200635 
0.774914 6.086548 1.204678 
0.776683 6.089401 1.190424 
0.780632 6.087056 1.218170 
0.779555 6.091489 1.253767 
0.776398 6.087435 1.176808 
0.776407 6.090108 1.235419 
0.776338 6.087478 1.144815 
0.775794 6.087726 1.138206 
0.780209 6.093173 1.197517 
0.776488 6.087532 1.231821 
0.779803 6.091130 1.205121 
0.778330 6.083410 1.169149 
0.778059 6.087719 1.245387 
0.776530 6.086079 1.241294 
0.781936 6.092768 1.174143 
0.781177 6.093273 1.197819 
0.773972 6.086288 1.190346 
0.781430 6.091494 1.173419 
0.779802 6.089052 1.159357 
0.781061 6.092395 1.226734 
0.776612 6.087431 1.161168 
0.773710 6.087422 1.179918 
0.778879 6.086869 1.244282 
0.774241 6.081272 1.187370 
0.781978 6.092868 1.182292 
0.781069 6.091141 1.224081 
0.775828 6.084720 1.231063 
0.777733 6.085696 1.197751 
0.777038 6.084204 1.166850 
0.780527 6.088642 1.206771 
0.780230 6.091253 1.181187 
0.775930 6.083264 1.194383 
0.774348 6.086992 1.203520 
0.778281 6.091141 1.175841 
0.777917 6.091140 1.196285 
0.774643 6.085117 1.169150 
0.773954 6.081729 1.198930 
0.776029 6.085556 1.166523 
0.774674 6.081507 1.195482 
0.781590 6.093598 1.192407 
0.779840 6.087566 1.228004 
0.780314 6.092936 1.177906 
0.776897 6.084675 1.180271 
0.776904 6.085746 1.135567 
0.777279 6.091446 1.230975 
0.775370 6.088425 1.153601 
0.780401 6.093103 1.220525 
0.780502 6.093706 1.192309 
0.778669 6.087583 1.219481 
0.775465 6.084880 1.129090 
0.773987 6.083933 1.198449 
0.776100 6.086670 1.230226 
0.781718 6.092786 1.180634 
0.778080 6.090709 1.150252 
0.779376 6.086970 1.232619 
0.775232 6.084511 1.225419 
0.779616 6.090033 1.175343 
0.780847 6.087671 1.215910 
0.773807 6.082152 1.179766 
0.774192 6.087524 1.194983 
0.778197 6.087455 1.185208 
0.776326 6.089780 1.184148 
0.779605 6.091187 1.196323 
0.773613 6.082747 1.206484 
0.774741 6.085395 1.147883 
0.776024 6.082602 1.171149 
0.779603 6.090752 1.229606 
0.772752 6.083647 1.193447 
0.779281 6.087611 1.203364 
0.781798 6.090093 1.195262 
0.778203 6.087267 1.219761 
0.777133 6.083833 1.207039 
0.779721 6.092204 1.159460 
0.777693 6.086710 1.215861 
0.775950 6.085298 1.236694 
0.781002 6.089929 1.164309 
0.778636 6.090671 1.155636 
0.782067 6.091880 1.218903 
0.779215 6.093562 1.217377 
0.774206 6.088298 1.180707 
0.779394 6.093197 1.199162 
0.778468 6.088451 1.157690 
0.776312 6.089555 1.229557 
0.776564 6.088041 1.190676 
0.779016 6.086079 1.148009 
0.778288 6.085764 1.225359 
0.778620 6.087356 1.204274 
0.774052 6.084951 1.158542 
0.776019 6.089710 1.196239 
0.776575 6.084790 1.211015 
0.776533 6.085178 1.130412 
0.775425 6.081410 1.169118 
0.777544 6.083529 1.155412 
0.778960 6.084791 1.207418 
0.782019 6.093160 1.217133 
0.779602 6.086872 1.196748 
0.774549 6.084076 1.222477 
0.775050 6.083523 1.231027 
0.777673 6.090134 1.255617 
0.773539 6.082550 1.176251 
0.779219 6.088123 1.180354 
0.774648 6.087047 1.146102 
0.774248 6.087135 1.193387 
0.779316 6.091828 1.186915 
0.775666 6.089936 1.233141 
0.779390 6.087458 1.157121 
0.774467 6.085619 1.200197 
0.780237 6.091381 1.238200 
0.779178 6.085097 1.204143 
0.777762 6.088505 1.151770 
0.779618 6.087862 1.226017 
0.780656 6.090046 1.149951 
0.773576 6.085738 1.168345 
0.778858 6.091190 1.199076 
0.774472 6.085231 1.236468 
0.774883 6.088575 1.168594 
0.781482 6.090850 1.188174 
0.778851 6.090119 1.257095 
0.778668 6.092883 1.200919 
0.775461 6.086975 1.180790 
0.774134 6.086774 1.185794 
0.777728 6.083770 1.177195 
0.780657 6.091117 1.209852 
0.780180 6.091061 1.231904 
0.773774 6.085110 1.159814 
0.776109 6.086595 1.246631 
0.780373 6.087455 1.202397 
0.777787 6.086051 1.183122 
0.779049 6.088441 1.148571 
0.779715 6.093314 1.218249 
0.776837 6.088688 1.255402 
0.774255 6.086459 1.150984 
0.776426 6.085916 1.211341 
0.776756 6.085843 1.244556 
0.778221 6.090256 1.187568 
0.778855 6.084501 1.190917 
0.776619 6.085625 1.209918 
0.778329 6.088850 1.198755 
0.776435 6.085334 1.160149 
0.778637 6.091598 1.190808 
0.780581 6.090876 1.212125 
0.777120 6.091366 1.191864 
0.779796 6.089235 1.180645 
0.779483 6.086388 1.177009 
0.780681 6.090788 1.215537 
0.774765 6.082361 1.161027 
0.773550 6.086081 1.207099 
0.777523 6.086638 1.137599 
0.777987 6.092592 1.208730 
0.778138 6.087396 1.172700 
0.775638 6.088455 1.148374 
0.776018 6.089611 1.218177 
0.776492 6.084713 1.156466 
0.776078 6.088693 1.149471 
0.772891 6.085645 1.190125 
0.777117 6.088319 1.198494 
0.776389 6.082956 1.156788 
0.774803 6.085626 1.186105 
0.781552 6.090134 1.229908 
0.778626 6.086408 1.176526 
0.776797 6.089045 1.217111 
0.779211 6.084871 1.158104 
0.776715 6.088527 1.251429 
0.776959 6.086270 1.188834 
0.778286 6.089907 1.256557 
0.780865 6.087769 1.165407 
0.776713 6.084219 1.212695 
0.777349 6.090425 1.208567 
0.775133 6.085712 1.166566 
0.776361 6.083211 1.180496 
0.776101 6.088111 1.174629 
0.779465 6.088930 1.157615 
0.775500 6.085072 1.225008 
0.773674 6.082211 1.163602 
0.779280 6.086333 1.148353 
0.781204 6.091610 1.223574 
0.773109 6.082856 1.173851 
0.779078 6.092597 1.214367 
0.780258 6.090107 1.200573 
0.779065 6.087264 1.218972 
0.777701 6.087620 1.255437 
0.775321 6.083135 1.145933 
0.773127 6.084909 1.198244 
0.775233 6.089186 1.226658 
0.773374 6.083608 1.167786 
0.777237 6.087974 1.149507 
0.778825 6.085567 1.176184 
0.775050 6.087818 1.187540 
0.780332 6.091731 1.243989 
0.777675 6.084380 1.145104 
0.773265 6.083219 1.161594 
0.775235 6.089493 1.213936 
0.776883 6.085130 1.223267 
0.778693 6.089629 1.242415 
0.775059 6.087092 1.232232 
0.776196 6.086037 1.208421 
0.779614 6.089899 1.227118 
0.775298 6.087122 1.233537 
0.777847 6.086939 1.171849 
0.774227 6.081490 1.189801 
0.775178 6.082717 1.184896 
0.779232 6.089770 1.187255 
0.777975 6.088716 1.198578 
0.779094 6.087440 1.187882 
0.779523 6.093434 1.227799 
0.777465 6.083517 1.191959 
0.777180 6.083650 1.185330 
0.776061 6.084148 1.136994 
0.776499 6.083416 1.213270 
0.776977 6.089115 1.153045 
0.773158 6.083353 1.205087 
0.779242 6.089722 1.230509 
0.773813 6.081915 1.146913 
0.777273 6.091052 1.184586 
0.773569 6.086407 1.184928 
0.779621 6.086295 1.164826 
0.780683 6.090550 1.224316 
0.778386 6.084837 1.156567 
0.774928 6.085132 1.139819 
0.776100 6.086171 1.141012 
0.774993 6.083813 1.168669 
0.774601 6.084068 1.157114 
0.776785 6.091319 1.191166 
0.780674 6.087091 1.175022 
0.778773 6.084433 1.146532 
0.779309 6.086282 1.158775 
0.777914 6.092488 1.218495 
0.775342 6.087031 1.171642 
0.777749 6.088553 1.144013 
0.777920 6.088346 1.167042 
0.777082 6.085196 1.216094 
0.776332 6.082683 1.178740 
0.776724 6.089707 1.180083 
0.776729 6.085590 1.236222 
0.776848 6.089136 1.194929 
0.775513 6.084273 1.220532 
0.781575 6.092292 1.236521 
0.778171 6.092414 1.216437 
0.777254 6.083181 1.157116 
0.778278 6.084342 1.210847 
0.774832 6.084847 1.221708 
0.780420 6.092186 1.174477 
0.779584 6.088300 1.150300 
0.777196 6.087824 1.241289 
0.777019 6.083675 1.171681 
0.778791 6.084711 1.190675 
0.775102 6.085592 1.211700 
0.779150 6.089196 1.221794 
0.779590 6.085628 1.217182 
0.777233 6.083463 1.182434 
0.776929 6.082877 1.191835 
0.776892 6.088852 1.252095 
0.775751 6.081619 1.194315 
0.773864 6.085970 1.216076 
0.777905 6.086176 1.197939 
0.777959 6.085814 1.215516 
0.779715 6.089567 1.159227 
0.774811 6.086056 1.230036 
0.776114 6.088998 1.173547 
0.778534 6.090027 1.232987 
0.780846 6.093299 1.185982 
0.774865 6.083016 1.149675 
0.777078 6.085822 1.172020 
0.775181 6.086752 1.236713 
0.777039 6.090590 1.206856 
0.777278 6.087781 1.165673 
0.778705 6.088384 1.148901 
0.780933 6.091131 1.246047 
0.775955 6.088150 1.165887 
0.773417 6.085388 1.196516 
0.774206 6.086497 1.175036 
0.778291 6.092821 1.218133 
0.775927 6.085424 1.131942 
0.777099 6.085424 1.163555 
0.777810 6.088838 1.207174 
0.778880 6.091328 1.225592 
0.781348 6.089969 1.228435 
0.775126 6.083971 1.202380 
0.780688 6.088342 1.217298 
0.777298 6.088246 1.197348 
0.779665 6.092707 1.249225 
0.779407 6.088707 1.143484 
0.777110 6.082366 1.186710 
0.778805 6.087811 1.153130 
0.776257 6.086937 1.197651 
0.772946 6.081413 1.167963 
0.778424 6.084418 1.187028 
0.775972 6.087528 1.136191 
0.773516 6.085516 1.218509 
0.773264 6.083653 1.147553 
0.775951 6.085682 1.167605 
0.777232 6.084054 1.189529 
0.776333 6.086538 1.169430 
0.777777 6.083475 1.180527 
0.781697 6.093132 1.196003 
0.778750 6.091459 1.224001 
0.780739 6.092292 1.185923 
0.777799 6.083649 1.203662 
0.777362 6.092233 1.219434 
0.773036 6.082710 1.172688 
0.777847 6.083465 1.156589 
0.779395 6.088663 1.145184 
0.775376 6.082659 1.187215 
0.779546 6.084971 1.182995 
0.778520 6.093234 1.181822 
0.775985 6.085488 1.203646 
0.776913 6.087067 1.202235 
0.779491 6.089698 1.204809 
0.779500 6.090858 1.212344 
0.774431 6.085663 1.149104 
0.775984 6.086433 1.138033 
0.776507 6.088773 1.252825 
0.776469 6.085614 1.233849 
0.775103 6.085227 1.168325 
0.779550 6.092159 1.203783 
0.775728 6.084188 1.184334 
0.779828 6.086920 1.166733 
0.774378 6.081204 1.183529 
0.778119 6.090827 1.160599 
0.774917 6.087477 1.192515 
0.779617 6.087944 1.147639 
0.779231 6.092213 1.192303 
0.776946 6.088397 1.193490 
0.782305 6.092055 1.190924 
0.774655 6.087629 1.180560 
0.776090 6.089390 1.155391 
0.772609 6.082404 1.180393 
0.778084 6.083658 1.168729 
0.778167 6.083423 1.183708 
0.774393 6.085947 1.171314 
0.779114 6.089894 1.152777 
0.780491 6.092172 1.175122 
0.779654 6.089716 1.250419 
0.776062 6.085424 1.189708 
0.775931 6.087832 1.244555 
0.778400 6.086867 1.185343 
0.774671 6.083110 1.155742 
0.778303 6.086272 1.148534 
0.779691 6.089026 1.231023 
0.773833 6.084596 1.197183 
0.774985 6.083202 1.135586 
0.780259 6.085912 1.175483 
0.780613 6.091288 1.157359 
0.778667 6.085077 1.208864 
0.778323 6.084642 1.174697 
0.779295 6.087215 1.212771 
0.772840 6.083367 1.190695 
0.774895 6.082440 1.136593 
0.778121 6.087870 1.206941 
0.776839 6.090642 1.220889 
0.778456 6.085981 1.167154 
0.778498 6.086412 1.201337 
0.776613 6.085510 1.134725 
0.775786 6.087981 1.149190 
0.780607 6.087376 1.205210 
0.778779 6.093116 1.216764 
0.776059 6.084267 1.192423 
0.776900 6.090577 1.247743 
0.778011 6.091280 1.239961 
0.776544 6.091582 1.197775 
0.773926 6.080993 1.189098 
0.778562 6.086170 1.163202 
0.779525 6.089356 1.145812 
0.779019 6.089260 1.251941 
0.776287 6.083860 1.187896 
0.776958 6.087348 1.208266 
0.774684 6.084597 1.163550 
0.775305 6.083775 1.158435 
0.773255 6.086469 1.176315 
0.776777 6.084335 1.140852 
0.777599 6.085652 1.187893 
0.777016 6.085525 1.171780 
0.777178 6.091883 1.172116 
0.778693 6.089933 1.203917 
0.779214 6.091274 1.248656 
0.776677 6.088438 1.180802 
0.774168 6.085596 1.158215 
0.778155 6.089309 1.184448 
0.777040 6.084422 1.229967 
0.773966 6.085115 1.214608 
0.774708 6.081478 1.145595 
0.781452 6.092201 1.163844 
0.780910 6.090270 1.233789 
0.779704 6.085712 1.179026 
0.775235 6.088106 1.154236 
0.779215 6.084981 1.192679 
0.777224 6.083135 1.154003 
0.780635 6.088457 1.173085 
0.773919 6.081889 1.165632 
0.776385 6.090252 1.213212 
0.780876 6.087751 1.155534 
0.778742 6.092546 1.230100 
0.780827 6.092872 1.184082 
0.772811 6.084876 1.179915 
0.774482 6.085054 1.178146 
0.774533 6.088115 1.169987 
0.781686 6.091614 1.166837 
0.775083 6.083906 1.184789 
0.780806 6.090173 1.234646 
0.780498 6.091674 1.167099 
0.778930 6.087762 1.164245 
0.774809 6.082066 1.195240 
0.781546 6.089333 1.222184 
0.774929 6.084404 1.188704 
0.780830 6.094112 1.210506 
0.777882 6.087854 1.164854 
0.779768 6.089475 1.251406 
0.778467 6.089388 1.253550 
0.774525 6.088255 1.219026 
0.775081 6.082208 1.192456 
0.774645 6.086429 1.158206 
0.778798 6.084515 1.163323 
0.775295 6.089904 1.211540 
0.777630 6.083609 1.216563 
0.776620 6.086696 1.223728 
0.776638 6.081959 1.186441 
0.774971 6.088514 1.228814 
0.781206 6.087606 1.198982 
0.776898 6.089707 1.180166 
0.780057 6.088346 1.167191 
0.781791 6.089374 1.200289 
0.778605 6.093109 1.201956 
0.776960 6.087260 1.152644 
0.775323 6.085554 1.230865 
0.774311 6.086329 1.176572 
0.779338 6.094045 1.221378 
0.780931 6.089351 1.208333 
0.775612 6.081700 1.149095 
0.781087 6.091217 1.179112 
0.782392 6.090254 1.201739 
0.778319 6.091802 1.168761 
0.781815 6.093287 1.206194 
0.781448 6.093058 1.180047 
0.779310 6.085377 1.148008 
0.778496 6.087301 1.161905 
0.776116 6.089193 1.237471 
0.781017 6.088508 1.190288 
0.774906 6.085637 1.146498 
0.781734 6.089394 1.199722 
0.781646 6.094383 1.196835 
0.777604 6.084570 1.132629 
0.773406 6.082789 1.190782 
0.775287 6.088433 1.227476 
0.776778 6.083944 1.212644 
0.781018 6.087235 1.174376 
0.777145 6.086964 1.151920 
0.777977 6.089375 1.218249 
0.774505 6.085203 1.232951 
0.781962 6.094258 1.215290 
0.779860 6.087162 1.216664 
0.775853 6.084680 1.200528 
0.780494 6.087219 1.219432 
0.781733 6.090199 1.205783 
0.776152 6.088912 1.158467 
0.775759 6.088572 1.240897 
0.776830 6.083251 1.157715 
0.775914 6.086570 1.241963 
0.775223 6.086938 1.207752 
0.778211 6.086003 1.234870 
0.779509 6.086769 1.223247 
0.778782 6.091993 1.178345 
0.778316 6.084660 1.193923 
0.776997 6.085033 1.226019 
0.775713 6.088590 1.192063 
0.777698 6.088503 1.210653 
0.781170 6.092111 1.176895 
0.774390 6.083448 1.207767 
0.777604 6.087670 1.254056 
0.779864 6.090089 1.215984 
0.776760 6.090977 1.219514 
0.780810 6.090025 1.188880 
0.780168 6.090394 1.254531 
0.774458 6.085805 1.136736 
0.776492 6.087415 1.162519 
0.777692 6.090609 1.233693 
0.776139 6.083883 1.158697 
0.780605 6.092897 1.189496 
0.776896 6.087297 1.217681 
0.779057 6.087926 1.217401 
0.773930 6.087753 1.178222 
0.780672 6.087271 1.206717 
0.780332 6.093466 1.206690 
0.778839 6.088324 1.247124 
0.780413 6.090565 1.205512 
0.780752 6.088219 1.171616 
0.774456 6.083970 1.178507 
0.780187 6.088973 1.214863 
0.778109 6.088745 1.146225 
0.778178 6.089788 1.139462 
0.778726 6.092292 1.181808 
0.775402 6.088933 1.190700 
0.776478 6.088140 1.174894 
0.775586 6.085937 1.215858 
0.774468 6.086704 1.195215 
0.774123 6.085093 1.208488 
0.780052 6.092368 1.179516 
0.778139 6.087194 1.144150 
0.778265 6.087305 1.198032 
0.777192 6.087066 1.250731 
0.778204 6.084827 1.184290 
0.778076 6.088013 1.225135 
0.779876 6.092005 1.232838 
0.777682 6.089184 1.242046 
0.773260 6.083789 1.182083 
0.781811 6.089488 1.214067 
0.776301 6.084936 1.176906 
0.778682 6.090453 1.211616 
0.774982 6.081132 1.193460 
0.779154 6.085771 1.208636 
0.777014 6.085163 1.137609 
0.776989 6.087114 1.222808 
0.775288 6.087185 1.194989 
0.774701 6.085987 1.239183 
0.778379 6.086818 1.223582 
0.776771 6.083944 1.164858 
0.777556 6.090483 1.251335 
0.778698 6.092182 1.176294 
0.776925 6.091031 1.209494 
0.779022 6.090127 1.200566 
0.776704 6.084519 1.200616 
0.778224 6.087234 1.130767 
0.780209 6.091415 1.242479 
0.774104 6.087058 1.176666 
0.778530 6.086807 1.161880 
0.775357 6.087137 1.220818 
0.781752 6.090331 1.220663 
0.777832 6.090883 1.195507 
0.780708 6.093674 1.209304 
0.780020 6.088459 1.195137 
0.779239 6.087472 1.201742 
0.782277 6.090969 1.180847 
0.777968 6.090711 1.171097 
0.778692 6.090116 1.144585 
0.782542 6.091143 1.188104 
0.774625 6.087398 1.153655 
0.780694 6.087721 1.220834 
0.776991 6.088756 1.195504 
0.778283 6.090914 1.149777 
0.775437 6.085985 1.215296 
0.776925 6.090582 1.175962 
0.773150 6.083118 1.163361 
0.778988 6.090888 1.171985 
0.778922 6.089330 1.249974 
0.779086 6.088551 1.190123 
0.778169 6.086700 1.136062 
0.777541 6.087744 1.214341 
0.777120 6.088457 1.131422 
0.775471 6.083715 1.167335 
0.773591 6.084734 1.162923 
0.777274 6.090708 1.197299 
0.778161 6.087279 1.239149 
0.778896 6.092962 1.220421 
0.778254 6.087469 1.254218 
0.776192 6.088917 1.177670 
0.774947 6.085287 1.150708 
0.775031 6.086921 1.197401 
0.776557 6.086949 1.131856 
0.780125 6.089647 1.230649 
0.777978 6.084590 1.147594 
0.777854 6.090270 1.220074 
0.775277 6.088128 1.233437 
0.777542 6.083747 1.135882 
0.779156 6.085570 1.209825 
0.772745 6.083592 1.162732 
0.773467 6.080856 1.175824 
0.777089 6.083506 1.159783 
0.777469 6.085481 1.231330 
0.779095 6.087539 1.194111 
0.773671 6.082949 1.140998 
0.774986 6.087079 1.153506 
0.775933 6.084401 1.212739 
0.781442 6.094347 1.202254 
0.779115 6.093290 1.227158 
0.777508 6.090372 1.197537 
0.774826 6.089026 1.217884 
0.776345 6.085579 1.177634 
0.776624 6.089756 1.246618 
0.780953 6.093741 1.218890 
0.778917 6.091942 1.217847 
0.777149 6.091412 1.219505 
0.776421 6.086008 1.213413 
0.777933 6.092559 1.211005 
0.773940 6.086313 1.208407 
0.776102 6.089019 1.234350 
0.780057 6.087337 1.228322 
0.777520 6.087459 1.216013 
0.777702 6.086270 1.177158 
0.779506 6.089934 1.152563 
0.779534 6.092975 1.218031 
0.779816 6.091239 1.241681 
0.776495 6.083327 1.196879 
0.773585 6.082691 1.163929 
0.773659 6.082858 1.176841 
0.777687 6.086976 1.198043 
0.774257 6.086479 1.183037 
0.774093 6.086451 1.148257 
0.774724 6.081320 1.161685 
0.780429 6.093216 1.220338 
0.780041 6.087555 1.158883 
0.779464 6.086965 1.198055 
0.776568 6.090297 1.217168 
0.777997 6.089120 1.178868 
0.774438 6.083823 1.218681 
0.775048 6.085666 1.196440 
0.779852 6.090714 1.224740 
0.775794 6.085368 1.141878 
0.778397 6.088621 1.210705 
0.773209 6.084206 1.148016 
0.782355 6.091784 1.213800 
0.779215 6.089936 1.242193 
0.780541 6.093128 1.201219 
0.775470 6.085141 1.132702 
0.778412 6.087785 1.232828 
0.780286 6.086752 1.217478 
0.779995 6.091524 1.212209 
0.779194 6.090207 1.192746 
0.780045 6.091465 1.183458 
0.779134 6.086208 1.184023 
0.778205 6.086935 1.226205 
0.779041 6.084157 1.175353 
0.778800 6.090646 1.158435 
0.779286 6.087572 1.218846 
0.776971 6.090596 1.230098 
0.777519 6.085812 1.182684 
0.775888 6.090922 1.201393 
0.778482 6.087098 1.159669 
0.780433 6.087386 1.190502 
0.781337 6.090208 1.184688 
0.773960 6.086611 1.162634 
0.777189 6.088497 1.173420 
0.775005 6.086050 1.234352 
0.779496 6.089036 1.200334 
0.779089 6.087277 1.215093 
0.780182 6.093329 1.185661 
0.779718 6.090936 1.165677 
0.777462 6.084074 1.158963 
0.779334 6.087590 1.238384 
0.773474 6.086541 1.167753 
0.774840 6.085617 1.132662 
0.776970 6.089574 1.189232 
0.774293 6.081546 1.166786 
0.780230 6.089859 1.209268 
0.777216 6.082602 1.163931 
0.778246 6.085329 1.198333 
0.773890 6.081444 1.146193 
0.775509 6.086679 1.166563 
0.778092 6.086392 1.188522 
0.778876 6.090061 1.156590 
0.776127 6.085857 1.128945 
0.775961 6.090672 1.196689 
0.775359 6.087187 1.149629 
0.779735 6.091511 1.163513 
0.775965 6.087353 1.140524 
0.779877 6.093505 1.204158 
0.779148 6.091869 1.173782 
0.780874 6.089173 1.152441 
0.778340 6.089536 1.160960 
0.774375 6.084374 1.205562 
0.775200 6.085763 1.192604 
0.773560 6.083981 1.195322 
0.775082 6.087386 1.141209 
0.773977 6.084764 1.225757 
0.777727 6.092628 1.227250 
0.778826 6.085060 1.223299 
0.778582 6.086993 1.206657 
0.776425 6.088908 1.245429 
0.781811 6.093508 1.225223 
0.777358 6.087311 1.135245 
0.780684 6.093626 1.207401 
0.774278 6.086740 1.148431 
0.780658 6.090890 1.248282 
0.778920 6.089991 1.164112 
0.781111 6.088890 1.217555 
0.780296 6.090353 1.233433 
0.780355 6.088765 1.183280 
0.777104 6.083410 1.206379 
0.781799 6.090500 1.182513 
0.781924 6.092343 1.171962 
0.779278 6.086933 1.141707 
0.776733 6.086793 1.233886 
0.777845 6.091138 1.222207 
0.780194 6.090895 1.181144 
0.779509 6.088357 1.191277 
0.779006 6.087465 1.177409 
0.775514 6.088496 1.199339 
0.775586 6.086717 1.214943 
0.773464 6.084911 1.188474 
0.778810 6.090166 1.195555 
0.775855 6.089845 1.214398 
0.775964 6.087489 1.215187 
0.780176 6.092128 1.246731 
0.778801 6.090382 1.207337 
0.777894 6.091691 1.198052 
0.780707 6.086672 1.195307 
0.777250 6.084433 1.180507 
0.776525 6.087663 1.243842 
0.778099 6.085088 1.179393 
0.774452 6.083712 1.213286 
0.774961 6.088322 1.233586 
0.773543 6.083760 1.176999 
0.781656 6.093246 1.200544 
0.778982 6.087966 1.151321 
0.774470 6.088861 1.194024 
0.777675 6.085305 1.232771 
0.777706 6.083761 1.199671 
0.781067 6.088522 1.205939 
0.778818 6.092865 1.243365 
0.779988 6.090804 1.220632 
0.774711 6.083576 1.136414 
0.778932 6.084960 1.197947 
0.777019 6.091352 1.183406 
0.776073 6.090647 1.198124 
0.780932 6.092502 1.200976 
0.774621 6.083887 1.192395 
0.778368 6.087302 1.176091 
0.777557 6.087173 1.209263 
0.773985 6.085840 1.198089 
0.780070 6.090498 1.244976 
0.778491 6.084519 1.207133 
0.779103 6.085651 1.204539 
0.776135 6.085362 1.132649 
0.776588 6.082553 1.142230 
0.781654 6.091024 1.219324 
0.774901 6.086810 1.239405 
0.780505 6.094654 1.211441 
0.774000 6.088014 1.188139 
0.782115 6.092182 1.229812 
0.777832 6.083859 1.142688 
0.774684 6.085114 1.156310 
0.781135 6.092947 1.244312 
0.776878 6.089568 1.229161 
0.775688 6.086898 1.238503 
0.779049 6.088181 1.172323 
0.774704 6.085803 1.159403 
0.773664 6.085415 1.150335 
0.777482 6.088130 1.149454 
0.781807 6.092541 1.183590 
0.774176 6.087318 1.210166 
0.781098 6.092667 1.183818 
0.778013 6.091924 1.229310 
0.777316 6.088766 1.198175 
0.776402 6.083574 1.137790 
0.775995 6.084360 1.149960 
0.777009 6.091565 1.191533 
0.776570 6.087087 1.134278 
0.776479 6.084144 1.177368 
0.779000 6.088844 1.252798 
0.775986 6.087901 1.215064 
0.775890 6.086795 1.185058 
0.779290 6.084640 1.198888 
0.773215 6.085492 1.178137 
0.779440 6.092801 1.191989 
0.774630 6.086756 1.158182 
0.778331 6.088126 1.129277 
0.777695 6.089038 1.181492 
0.777514 6.083758 1.175786 
0.776686 6.089673 1.159553 
0.780034 6.092867 1.167481 
0.775819 6.088216 1.221445 
0.779907 6.085465 1.200281 
0.779418 6.093126 1.178140 
0.773706 6.084188 1.186131 
0.777597 6.090471 1.147545 
0.774546 6.087938 1.225231 
0.774653 6.082329 1.165629 
0.778209 6.085735 1.197234 
0.780744 6.089800 1.218699 
0.772912 6.083734 1.205512 
0.777588 6.083063 1.193156 
0.776674 6.083485 1.151360 
0.777743 6.091537 1.199224 
0.779323 6.086608 1.226268 
0.777179 6.082227 1.162072 
0.777942 6.089231 1.195229 
0.777089 6.087012 1.222862 
0.778100 6.092423 1.222406 
0.777695 6.085358 1.163173 
0.777104 6.084386 1.223791 
0.775292 6.088503 1.168552 
0.777067 6.086714 1.174315 
0.781244 6.093317 1.227844 
0.774342 6.082303 1.190746 
0.777849 6.088495 1.132706 
0.773407 6.084898 1.186721 
0.779605 6.086870 1.228132 
0.777707 6.089909 1.173922 
0.777987 6.085901 1.193971 
0.776228 6.083713 1.207889 
0.775884 6.086342 1.185949 
0.779532 6.090672 1.226486 
0.782384 6.091349 1.221465 
0.780014 6.087862 1.173697 
0.779306 6.091962 1.252651 
0.781382 6.089344 1.199719 
0.774489 6.083426 1.174496 
0.779107 6.085614 1.171692 
0.777577 6.091162 1.225529 
0.777309 6.090628 1.241103 
0.779047 6.085697 1.179820 
0.779855 6.091996 1.201192 
0.780422 6.090394 1.169698 
0.780579 6.088059 1.182518 
0.777463 6.090935 1.211146 
0.777498 6.083923 1.188280 
0.780638 6.093249 1.189713 
0.776056 6.087746 1.170204 
0.774873 6.086753 1.212118 
0.775077 6.087854 1.226324 
0.780749 6.090194 1.193076 
0.778381 6.084572 1.181305 
0.774954 6.082194 1.153057 
0.780891 6.092054 1.166064 
0.774286 6.086353 1.161161 
0.773939 6.080872 1.188343 
0.780650 6.091138 1.206637 
0.772436 6.082756 1.181132 
0.778562 6.092963 1.196107 
0.779731 6.091731 1.150033 
0.780150 6.091914 1.152527 
0.780043 6.090282 1.177607 
0.775414 6.088630 1.185115 
0.777107 6.091205 1.195792 
0.779074 6.088436 1.217584 
0.778508 6.091424 1.241910 
0.779775 6.093798 1.183567 
0.779538 6.087758 1.169104 
0.776400 6.086844 1.172330 
0.776088 6.084909 1.200057 
0.775036 6.084833 1.138997 
0.781943 6.091228 1.166504 
0.778917 6.089217 1.236535 
0.776742 6.089367 1.219803 
0.776142 6.085165 1.128686 
0.779817 6.090820 1.222484 
0.779578 6.089146 1.157937 
0.777468 6.088868 1.175909 
0.777811 6.087865 1.181779 
0.774811 6.081547 1.201254 
0.780376 6.086954 1.215424 
0.776365 6.084465 1.178422 
0.775343 6.089432 1.208546 
0.776092 6.090189 1.181338 
0.777417 6.085934 1.209588 
0.775496 6.085453 1.149422 
0.776906 6.084427 1.154000 
0.779288 6.086524 1.137441 
0.774531 6.085916 1.175666 
0.778435 6.087627 1.130510 
0.778567 6.087700 1.224461 
0.776847 6.089857 1.221190 
0.775187 6.087285 1.196635 
0.777709 6.084241 1.161435 
0.776024 6.082919 1.181055 
0.774382 6.085257 1.196474 
0.777537 6.083983 1.139472 
0.776871 6.084450 1.133420 
0.777524 6.085557 1.131118 
0.774636 6.084787 1.173235 
0.778065 6.092243 1.233789 
0.779316 6.085000 1.189573 
0.779185 6.088427 1.242499 
0.779470 6.090978 1.191636 
0.774165 6.087109 1.195717 
0.774139 6.082918 1.174789 
0.775779 6.086941 1.185565 
0.779132 6.091237 1.186820 
0.781438 6.088793 1.174149 
0.779788 6.093511 1.234196 
0.778544 6.089152 1.160432 
0.775683 6.082314 1.175311 
0.779048 6.085732 1.171794 
0.773113 6.085570 1.192588 
0.780583 6.089997 1.191518 
0.773596 6.080810 1.174646 
0.781410 6.088957 1.172602 
0.778608 6.089615 1.158023 
0.778373 6.092501 1.169163 
0.776096 6.085493 1.167207 
0.779728 6.089014 1.179288 
0.777634 6.088862 1.221144 
0.778489 6.091871 1.189157 
0.774030 6.084403 1.155831 
0.775767 6.088460 1.159866 
0.778813 6.085371 1.200429 
0.779615 6.093200 1.199728 
0.776525 6.087903 1.241378 
0.778620 6.092112 1.170596 
0.775303 6.086133 1.194640 
0.780317 6.091472 1.205936 
0.777800 6.092918 1.209116 
0.777712 6.085626 1.224250 
0.775356 6.085556 1.242420 
0.780186 6.091311 1.215441 
0.773012 6.081559 1.188597 
0.778673 6.087082 1.208807 
0.776835 6.087574 1.229974 
0.777383 6.087646 1.236703 
0.779571 6.092599 1.234454 
0.777412 6.087707 1.239935 
0.780462 6.093566 1.183444 
0.774106 6.086118 1.185299 
0.778447 6.087875 1.181872 
0.773560 6.080869 1.157708 
0.780066 6.087738 1.213072 
0.779016 6.088486 1.230183 
0.775483 6.085529 1.181318 
0.781082 6.087715 1.191456 
0.776682 6.084236 1.143709 
0.777798 6.088093 1.243914 
0.773513 6.084509 1.191302 
0.775829 6.089969 1.167458 
0.775622 6.088144 1.213606 
0.779975 6.088474 1.139184 
0.773407 6.084823 1.164291 
0.780524 6.091793 1.180410 
0.779126 6.088711 1.210138 
0.775627 6.085252 1.186746 
0.774055 6.082326 1.188834 
0.780725 6.091122 1.205961 
0.777776 6.085209 1.155771 
0.780902 6.087891 1.222919 
0.774811 6.086316 1.139191 
0.777471 6.085436 1.185281 
0.774560 6.082350 1.134923 
0.778554 6.091540 1.162233 
0.779162 6.088749 1.222452 
0.781093 6.090518 1.160015 
0.773701 6.081274 1.152454 
0.774878 6.086877 1.199299 
0.780342 6.086346 1.199384 
0.775955 6.088558 1.206025 
0.776166 6.088476 1.205289 
0.779183 6.089941 1.207267 
0.776765 6.089237 1.221017 
0.778451 6.084805 1.200075 
0.778793 6.088922 1.195746 
0.773001 6.082753 1.149822 
0.778184 6.086147 1.186137 
0.773155 6.082782 1.159140 
0.779870 6.088780 1.200459 
0.776213 6.091354 1.214191 
0.777120 6.084274 1.132552 
0.774962 6.086946 1.234630 
0.777519 6.085004 1.159353 
0.778179 6.089218 1.191686 
0.774851 6.087431 1.164338 
0.774559 6.081735 1.171160 
0.775902 6.084794 1.219352 
0.778253 6.088688 1.134174 
0.780221 6.091022 1.217288 
0.775461 6.088391 1.231539 
0.779957 6.090326 1.154640 
0.773884 6.086419 1.190667 
0.780204 6.094051 1.221799 
0.779009 6.090563 1.239637 
0.775783 6.086137 1.142814 
0.781539 6.092313 1.185122 
0.780234 6.088913 1.154519 
0.776960 6.087538 1.151387 
0.777401 6.087731 1.256840 
0.776640 6.089427 1.183215 
0.777479 6.088809 1.232197 
0.780088 6.090780 1.229333 
0.779773 6.086774 1.141169 
0.781895 6.091199 1.181120 
0.774003 6.082466 1.187819 
0.778439 6.090286 1.160095 
0.774353 6.083479 1.134512 
0.780042 6.089584 1.151651 
0.778703 6.088463 1.189674 
0.773994 6.085220 1.163859 
0.773050 6.083493 1.168571 
0.773917 6.086580 1.171833 
0.778823 6.089593 1.200376 
0.780265 6.088500 1.180122 
0.776648 6.090920 1.210231 
0.777609 6.084871 1.219591 
0.779166 6.086761 1.210488 
0.778635 6.084067 1.158097 
0.775192 6.088850 1.178720 
0.777097 6.083746 1.167471 
0.781016 6.087955 1.203898 
0.781806 6.090102 1.196673 
0.778578 6.090736 1.146759 
0.777607 6.087874 1.188344 
0.780212 6.088512 1.206798 
0.777856 6.088319 1.131414 
0.777835 6.084784 1.177957 
0.778377 6.086146 1.210443 
0.776161 6.084563 1.220285 
0.778786 6.092346 1.188497 
0.778952 6.089386 1.245955 
0.776220 6.089649 1.215652 
0.773867 6.082406 1.194994 
0.779245 6.089748 1.227598 
0.776320 6.085165 1.197594 
0.776019 6.083155 1.136637 
0.772569 6.084202 1.174029 
0.778158 6.089199 1.183427 
0.777110 6.089193 1.166651 
0.780579 6.091887 1.196805 
0.775742 6.083813 1.143716 
0.777257 6.086995 1.205890 
0.775189 6.086546 1.192781 
0.773586 6.085274 1.206658 
0.777566 6.085213 1.174643 
0.776702 6.085514 1.209574 
0.775087 6.084867 1.183037 
0.778323 6.093362 1.223652 
0.782026 6.089724 1.191454 
0.777930 6.084848 1.231245 
0.778876 6.087122 1.244598 
0.772916 6.083792 1.193115 
0.780943 6.088289 1.155652 
0.780581 6.090344 1.145831 
0.779964 6.090563 1.246927 
0.778750 6.091364 1.211749 
0.773454 6.083034 1.145054 
0.781286 6.090749 1.204149 
0.775081 6.086440 1.216730 
0.776414 6.086937 1.196799 
0.775240 6.082420 1.203278 
0.775536 6.084935 1.143891 
0.780567 6.091995 1.160001 
0.780035 6.087598 1.235368 
0.781034 6.091307 1.232379 
0.780434 6.089874 1.186856 
0.775271 6.085680 1.238333 
0.780862 6.088540 1.223311 
0.775678 6.085250 1.154284 
0.774347 6.083918 1.141121 
0.774572 6.086523 1.179309 
0.781445 6.089550 1.190175 
0.776888 6.089518 1.151100 
0.775328 6.088578 1.226272 
0.780995 6.090124 1.192849 
0.776051 6.088704 1.168999 
0.780369 6.088658 1.190939 
0.777674 6.087237 1.128686 
0.777177 6.083049 1.186934 
0.774314 6.080810 1.173998 
0.777064 6.083484 1.185687 
0.773943 6.087597 1.183183 
0.776310 6.086588 1.176520 
0.781475 6.091389 1.228928 
0.775550 6.086177 1.239965 
0.781541 6.089986 1.228287 
0.776482 6.090441 1.200940 
0.774537 6.085209 1.160964 
0.776176 6.087235 1.153424 
0.781509 6.091673 1.218182 
0.774703 6.082979 1.202433 
0.777641 6.089924 1.184870 
0.776937 6.085863 1.209411 
0.776522 6.084518 1.175392 
0.777222 6.089716 1.151471 
0.780671 6.086888 1.164590 
0.777528 6.090215 1.167569 
0.773545 6.081653 1.188867 
0.774831 6.083544 1.150634 
0.779007 6.091762 1.191030 
0.776015 6.085273 1.147186 
0.776534 6.086720 1.236739 
0.777648 6.090311 1.198663 
0.781539 6.093360 1.180199 
0.776318 6.090084 1.195413 
0.778971 6.087491 1.230297 
0.775969 6.081779 1.173553 
0.776970 6.091289 1.225737 
0.779680 6.093505 1.177388 
0.779043 6.092890 1.225157 
0.777053 6.090597 1.220289 
0.777618 6.091317 1.231332 
0.779965 6.091126 1.174669 
0.777701 6.084882 1.180306 
0.778403 6.087797 1.243179 
0.776443 6.088547 1.197507 
0.779217 6.091522 1.235986 
0.779058 6.092542 1.240682 
0.778194 6.088407 1.200439 
0.775009 6.087315 1.225970 
0.776926 6.086254 1.150298 
0.778608 6.090369 1.194454 
0.779326 6.084985 1.201579 
0.774753 6.081912 1.197656 
0.777593 6.086523 1.214139 
0.779297 6.085763 1.164099 
0.777946 6.084384 1.152553 
0.776590 6.088613 1.161786 
0.776009 6.087144 1.197233 
0.773717 6.081064 1.173746 
0.776782 6.088278 1.176317 
0.778414 6.089806 1.193181 
0.776987 6.088728 1.178684 
0.774706 6.083637 1.170133 
0.779894 6.086682 1.157432 
0.780218 6.091759 1.154726 
0.780334 6.091607 1.203127 
0.780371 6.088781 1.236127 
0.776272 6.086260 1.153944 
0.780690 6.090177 1.224353 
0.778714 6.087687 1.207123 
0.774919 6.084861 1.233648 
0.780661 6.088776 1.185266 
0.773831 6.081909 1.183184 
0.780148 6.087154 1.184266 
0.778053 6.083617 1.180478 
0.778488 6.086413 1.199471 
0.777018 6.086716 1.214575 
0.774027 6.083517 1.175631 
0.775895 6.086361 1.229760 
0.776970 6.086010 1.173556 
0.781028 6.090097 1.174412 
0.776695 6.082560 1.171568 
0.780103 6.092509 1.181568 
0.777209 6.088571 1.167003 
0.776816 6.088310 1.190275 
0.774952 6.083470 1.157407 
0.773669 6.083181 1.186741 
0.780602 6.086699 1.177651 
0.773436 6.086438 1.210491 
0.775058 6.086212 1.210439 
0.773946 6.087139 1.218181 
0.781082 6.094492 1.194323 
0.774669 6.088367 1.187577 
0.775986 6.087559 1.195177 
0.781401 6.089645 1.219469 
0.775392 6.083095 1.156911 
0.774024 6.084253 1.220429 
0.778729 6.087423 1.191249 
0.773162 6.084768 1.199258 
0.774463 6.088573 1.198984 
0.778703 6.088413 1.164288 
0.776260 6.084276 1.160748 
0.781255 6.093171 1.206849 
0.779434 6.087395 1.237464 
0.774586 6.083922 1.213923 
0.774438 6.083906 1.144262 
0.779205 6.090807 1.236916 
0.781038 6.093274 1.169267 
0.777012 6.086827 1.173411 
0.778915 6.088769 1.190139 
0.778837 6.088732 1.158322 
0.776559 6.091188 1.203308 
0.780661 6.091208 1.185435 
0.775156 6.086019 1.131999 
0.773952 6.087030 1.185977 
0.776155 6.090199 1.169890 
0.778999 6.087401 1.160799 
0.773755 6.084131 1.158908 
0.778374 6.085861 1.206185 
0.776894 6.085947 1.136829 
0.774748 6.085033 1.214458 
0.776106 6.086151 1.225454 
0.774873 6.084965 1.161096 
0.780223 6.090395 1.155220 
0.778257 6.087780 1.208125 
0.776197 6.091287 1.213263 
0.779293 6.088407 1.167777 
0.778520 6.092281 1.185621 
0.775985 6.091119 1.210718 
0.779079 6.087785 1.204311 
0.781818 6.091946 1.205668 
0.774257 6.084484 1.221634 
0.776724 6.087682 1.250974 
0.778604 6.087816 1.196471 
0.778743 6.093597 1.226988 
0.780590 6.088802 1.175159 
0.780127 6.089385 1.163324 
0.778679 6.087221 1.232492 
0.775976 6.090952 1.213532 
0.780980 6.089932 1.196626 
0.774910 6.089340 1.204799 
0.775372 6.084047 1.153214 
0.777713 6.085528 1.138457 
0.778112 6.085541 1.231669 
0.779757 6.093138 1.202504 
0.775639 6.089491 1.161725 
0.776315 6.083393 1.183420 
0.779924 6.089332 1.138607 
0.779274 6.091905 1.159825 
0.779690 6.091038 1.254282 
0.773856 6.087521 1.206887 
0.776491 6.087607 1.171813 
0.779286 6.091343 1.193017 
0.777994 6.089450 1.241615 
0.774045 6.084104 1.159431 
0.778964 6.091048 1.154714 
0.774874 6.083435 1.128993 
0.780491 6.089984 1.224868 
0.775395 6.083477 1.140519 
0.774530 6.081746 1.154560 
0.775222 6.085100 1.233481 
0.777099 6.089166 1.163067 
0.777093 6.089266 1.240346 
0.772484 6.082238 1.179313 
0.781669 6.091243 1.193972 
0.780724 6.093306 1.230852 
0.775929 6.082436 1.142081 
0.779638 6.092451 1.213549 
0.778794 6.086378 1.160580 
0.778454 6.092369 1.243661 
0.776769 6.090861 1.234013 
0.774331 6.087486 1.167563 
0.775552 6.087706 1.219704 
0.777034 6.090666 1.232266 
0.777926 6.087460 1.168286 
0.776145 6.088733 1.194228 
0.777292 6.083128 1.180844 
0.778942 6.087445 1.148070 
0.777660 6.084630 1.176279 
0.779905 6.090818 1.200630 
0.775364 6.086040 1.137307 
0.775298 6.087400 1.158592 
0.779115 6.089251 1.155717 
0.778882 6.086463 1.190390 
0.777927 6.091382 1.210512 
0.776227 6.085306 1.192803 
0.780131 6.092490 1.165513 
0.779281 6.087964 1.208650 
0.775073 6.081671 1.168578 
0.773339 6.085856 1.173538 
0.779673 6.092347 1.237722 
0.778572 6.087444 1.226421 
0.775455 6.086192 1.236626 
0.776230 6.087689 1.173258 
0.776306 6.084621 1.144128 
0.779535 6.091460 1.200834 
0.774473 6.086163 1.218398 
0.777631 6.091257 1.199577 
0.778264 6.090540 1.149950 
0.774617 6.083041 1.156987 
0.774710 6.084288 1.205065 
0.780615 6.089573 1.223989 
0.781301 6.091193 1.223219 
0.774039 6.080869 1.188154 
0.777488 6.086306 1.146935 
0.773249 6.083737 1.180338 
0.778013 6.083889 1.184615 
0.778071 6.090504 1.185886 
0.772950 6.081759 1.183448 
0.780959 6.090767 1.212087 
0.779626 6.088018 1.188422 
0.777664 6.090662 1.161169 
0.773648 6.086595 1.168683 
0.778248 6.088296 1.229408 
0.779602 6.088476 1.156003 
0.779484 6.092239 1.209420 
0.773780 6.084470 1.202907 
0.776942 6.087244 1.200346 
0.774918 6.089508 1.214377 
0.779444 6.091713 1.159114 
0.776754 6.083766 1.186414 
0.778332 6.088250 1.169090 
0.776869 6.090830 1.188970 
0.773899 6.082221 1.203559 
0.781452 6.092349 1.180240 
0.782335 6.091691 1.221729 
0.773744 6.085940 1.165448 
0.773323 6.082789 1.203758 
0.778582 6.089234 1.247213 
0.779039 6.088392 1.216548 
0.779779 6.086407 1.147103 
0.775349 6.082166 1.184153 
0.775601 6.087841 1.170457 
0.777943 6.086222 1.127066 
0.779801 6.088599 1.199026 
0.777599 6.088463 1.153659 
0.776599 6.083517 1.204353 
0.774632 6.083252 1.159902 
0.775253 6.087554 1.173642 
0.775670 6.090171 1.184511 
0.779726 6.094075 1.203868 
0.775780 6.088262 1.183635 
0.779127 6.091890 1.227786 
0.778517 6.089799 1.255602 
0.778556 6.091426 1.246060 
0.774193 6.085192 1.218048 
0.779445 6.089305 1.243607 
0.779427 6.086179 1.164582 
0.779317 6.088217 1.157745 
0.780716 6.091857 1.237308 
0.780426 6.091765 1.198204 
0.780515 6.087138 1.197129 
0.779839 6.092191 1.239611 
0.774843 6.085291 1.172231 
0.776033 6.089080 1.194222 
0.780789 6.091573 1.213372 
0.776955 6.088942 1.157118 
0.778438 6.089622 1.197045 
0.780665 6.091982 1.163481 
0.775714 6.085458 1.185349 
0.781060 6.087628 1.168745 
0.777758 6.088703 1.255399 
0.779347 6.093817 1.184279 
0.777792 6.092644 1.184715 
0.774741 6.089190 1.178471 
0.778349 6.084579 1.209675 
0.775155 6.086638 1.180823 
0.780548 6.087403 1.220944 
0.775109 6.086625 1.173913 
0.777345 6.091860 1.184942 
0.779311 6.088644 1.186461 
0.776824 6.085886 1.244453 
0.775220 6.082460 1.167478 
0.775557 6.084434 1.128176 
0.775822 6.087535 1.244478 
0.774888 6.084843 1.215124 
0.775839 6.089629 1.181502 
0.776252 6.087162 1.239471 
0.781476 6.090416 1.158988 
0.775166 6.085398 1.221569 
0.773866 6.085898 1.219882 
0.776067 6.090497 1.170629 
0.778020 6.084186 1.188138 
0.778398 6.086649 1.201878 
0.776510 6.082160 1.195482 
0.777485 6.088670 1.139402 
0.778976 6.087037 1.180481 
0.774205 6.084242 1.151374 
0.777096 6.087048 1.183112 
0.778533 6.085369 1.136775 
0.777221 6.085163 1.188069 
0.777974 6.089064 1.203092 
0.775922 6.086562 1.147121 
0.778747 6.091528 1.176679 
0.777692 6.090210 1.196886 
0.776220 6.083973 1.208040 
0.774895 6.082354 1.186651 
0.777285 6.082955 1.178622 
0.779474 6.088539 1.155804 
0.777811 6.088563 1.226437 
0.776444 6.086106 1.130447 
0.780881 6.091939 1.188333 
0.779995 6.088258 1.188955 
0.782153 6.091540 1.171963 
0.780775 6.087164 1.179362 
0.779865 6.087417 1.193905 
0.778236 6.090784 1.158218 
0.776621 6.088618 1.171281 
0.780419 6.092986 1.218094 
0.774409 6.082300 1.215916 
0.780274 6.089358 1.243552 
0.772931 6.083124 1.195596 
0.779755 6.092730 1.192589 
0.779628 6.087483 1.219191 
0.779754 6.088590 1.219095 
0.779288 6.085535 1.194858 
0.778690 6.092189 1.222607 
0.780951 6.094331 1.211977 
0.781784 6.092332 1.178608 
0.780285 6.091717 1.234365 
0.776087 6.082103 1.161138 
0.775903 6.087127 1.202484 
0.777954 6.089249 1.167837 
0.774206 6.084534 1.231327 
0.775937 6.088234 1.186055 
0.775812 6.082749 1.140128 
0.777878 6.087751 1.212581 
0.777493 6.087660 1.221463 
0.779780 6.088399 1.214810 
0.779655 6.087497 1.209487 
0.781358 6.089264 1.177806 
0.780056 6.088092 1.229926 
0.776002 6.085698 1.220014 
0.777740 6.086005 1.133242 
0.775477 6.084653 1.135082 
0.776339 6.089258 1.235197 
0.775490 6.086857 1.225877 
0.780651 6.090921 1.203235 
0.777115 6.087183 1.179336 
0.781134 6.090817 1.195175 
0.777344 6.090036 1.194104 
0.780194 6.092814 1.216615 
0.778887 6.084781 1.152607 
0.776292 6.082608 1.158810 
0.780123 6.092839 1.184190 
0.773869 6.084949 1.210235 
0.780008 6.086594 1.166019 
0.776067 6.083753 1.161989 
0.775025 6.087228 1.232037 
0.777712 6.085896 1.144152 
0.778664 6.088312 1.150491 
0.774415 6.088576 1.187676 
0.777472 6.088472 1.143804 
0.779010 6.088921 1.179747 
0.779338 6.089206 1.252718 
0.777791 6.089038 1.133352 
0.779083 6.090206 1.195197 
0.777514 6.086371 1.223107 
0.775986 6.087259 1.187321 
0.781137 6.094458 1.225145 
0.777456 6.090327 1.181896 
0.780636 6.091082 1.200387 
0.777032 6.086417 1.226044 
0.779575 6.089548 1.222703 
0.780913 6.088339 1.227954 
0.779833 6.087923 1.220734 
0.778283 6.089657 1.208282 
0.780717 6.089145 1.218218 
0.773579 6.085230 1.184438 
0.780873 6.092490 1.192158 
0.779189 6.089128 1.224585 
0.778002 6.090110 1.148915 
0.773724 6.083097 1.156458 
0.777398 6.086955 1.159388 
0.778365 6.087470 1.221956 
0.781128 6.093486 1.174032 
0.773526 6.081654 1.166792 
0.776905 6.086866 1.155661 
0.779732 6.086068 1.188524 
0.779487 6.088107 1.200405 
0.774593 6.087749 1.172705 
0.775335 6.089006 1.185482 
0.781340 6.093908 1.193187 
0.779861 6.091883 1.182329 
0.774895 6.082363 1.202576 
0.776225 6.085275 1.145665 
0.777018 6.085334 1.142585 
0.778088 6.086270 1.209948 
0.779592 6.087793 1.181383 
0.777396 6.087707 1.136987 
0.780568 6.092638 1.238990 
0.780024 6.090565 1.156590 
0.776443 6.088952 1.175752 
0.776166 6.082723 1.207791 
0.774472 6.081506 1.151863 
0.778350 6.091000 1.159941 
0.778806 6.084012 1.175190 
0.775787 6.089241 1.218249 
0.780082 6.092503 1.228980 
0.777179 6.087624 1.155609 
0.774992 6.086512 1.164393 
0.778740 6.089291 1.173946 
0.774092 6.084697 1.157836 
0.775292 6.086881 1.194669 
0.779686 6.088142 1.234567 
0.777085 6.083623 1.173993 
0.777465 6.085415 1.183734 
0.779920 6.092181 1.222940 
0.777123 6.083956 1.142802 
0.775249 6.084934 1.230946 
0.773418 6.083566 1.151683 
0.775744 6.089288 1.161408 
0.777315 6.090091 1.203770 
0.781039 6.092786 1.180046 
0.777087 6.090161 1.162377 
0.774973 6.086593 1.182876 
0.780227 6.092042 1.230889 
0.778351 6.088362 1.255463 
0.778865 6.092402 1.181302 
0.774746 6.084122 1.136243 
0.779494 6.089963 1.179329 
0.776144 6.086382 1.173137 
0.777839 6.091183 1.173629 
0.780958 6.090054 1.243259 
0.775204 6.083290 1.156283 
0.774019 6.084117 1.155732 
0.774942 6.082454 1.218885 
0.777635 6.086145 1.184269 
0.780997 6.091030 1.237364 
0.773596 6.085961 1.178515 
0.776978 6.084781 1.214092 
0.775980 6.087656 1.185194 
0.780594 6.092242 1.204989 
0.782391 6.091133 1.191881 
0.775552 6.088878 1.160411 
0.776254 6.089474 1.171701 
0.775028 6.087602 1.233552 
0.780335 6.088684 1.189169 
0.775034 6.084072 1.197604 
0.778767 6.087257 1.185025 
0.782672 6.092782 1.197823 
0.776976 6.088362 1.247991 
0.775185 6.085235 1.151308 
0.778568 6.091283 1.189845 
0.777602 6.090849 1.181112 
0.778687 6.088387 1.202921 
0.777792 6.092454 1.194471 
0.774423 6.086969 1.163353 
0.774964 6.088192 1.157123 
0.780971 6.088799 1.190930 
0.773330 6.084410 1.178403 
0.776772 6.083239 1.175111 
0.778333 6.091313 1.173810 
0.780805 6.091083 1.165234 
0.775370 6.083389 1.193905 
0.779736 6.087717 1.138837 
0.774049 6.087584 1.163110 
0.773251 6.085111 1.183561 
0.775180 6.086286 1.151137 
0.778555 6.086205 1.227831 
0.775335 6.084138 1.193032 
0.781808 6.090008 1.221540 
0.779309 6.084751 1.193936 
0.774950 6.087616 1.193188 
0.779756 6.085777 1.217363 
0.773601 6.086228 1.197076 
0.780190 6.089488 1.192214 
0.777023 6.086785 1.167610 
0.776687 6.086221 1.163913 
0.775255 6.081101 1.181434 
0.774356 6.083971 1.199104 
0.779607 6.088862 1.240587 
0.778481 6.091377 1.224331 
0.773133 6.085263 1.161021 
0.779319 6.089341 1.187926 
0.777345 6.090352 1.145175 
0.773379 6.085318 1.165579 
0.782336 6.092929 1.202333 
0.778172 6.087884 1.238316 
0.775589 6.083088 1.211660 
0.779665 6.094128 1.202822 
0.781107 6.090770 1.202958 
0.774402 6.087075 1.159870 
0.776100 6.088491 1.170845 
0.774121 6.084608 1.147249 
0.772544 6.082624 1.186934 
0.774521 6.086305 1.162187 
0.779590 6.090921 1.245899 
0.774581 6.087245 1.211252 
0.773681 6.084497 1.213161 
0.780101 6.086733 1.147744 
0.781080 6.088983 1.187740 
0.780106 6.092023 1.216070 
0.782415 6.091638 1.197946 
0.777252 6.088330 1.242807 
0.777003 6.086865 1.178243 
0.775024 6.081325 1.181272 
0.779329 6.085212 1.179899 
0.780928 6.092931 1.246661 
0.781124 6.088675 1.214637 
0.774035 6.087544 1.171820 
0.777730 6.085945 1.200481 
0.779355 6.090383 1.169386 
0.779553 6.091888 1.241564 
0.776091 6.085490 1.171136 
0.777656 6.087542 1.132437 
0.779997 6.088482 1.237385 
0.775327 6.089513 1.176951 
0.778423 6.090907 1.213884 
0.780761 6.088070 1.204293 
0.773226 6.085152 1.165915 
0.776355 6.085706 1.131685 
0.779214 6.090838 1.216137 
0.781468 6.091052 1.211634 
0.780428 6.091474 1.185048 
0.777159 6.091403 1.214624 
0.776575 6.083742 1.200197 
0.778101 6.090850 1.180050 
0.781078 6.089268 1.159082 
0.778092 6.083143 1.164317 
0.778536 6.089282 1.214145 
0.778097 6.085359 1.175500 
0.780649 6.094404 1.194259 
0.777197 6.084906 1.175014 
0.778453 6.087236 1.169815 
0.778882 6.086399 1.226061 
0.775600 6.087067 1.135323 
0.778607 6.091506 1.232212 
0.780308 6.090601 1.252616 
0.775473 6.085346 1.167753 
0.777271 6.084596 1.143923 
0.778644 6.090312 1.217651 
0.773201 6.081239 1.173398 
0.779509 6.091290 1.234765 
0.780212 6.091968 1.178613 
0.779124 6.089548 1.160145 
0.774385 6.081950 1.206315 
0.777395 6.088041 1.191784 
0.774842 6.082888 1.168728 
0.777539 6.091223 1.175013 
0.779961 6.086659 1.146140 
0.779306 6.091701 1.249581 
0.778853 6.087030 1.212630 
0.779127 6.092411 1.222026 
0.778688 6.088105 1.141572 
0.779151 6.084540 1.174292 
0.776151 6.089080 1.236376 
0.778103 6.086631 1.237614 
0.775025 6.081603 1.170773 
0.775320 6.085776 1.228116 
0.780290 6.092168 1.191571 
0.778348 6.085312 1.175688 
0.778648 6.090855 1.161432 
0.777083 6.084902 1.195674 
0.778716 6.084792 1.141696 
0.778633 6.091105 1.172561 
0.774358 6.086719 1.198769 
0.775807 6.083618 1.177441 
0.776344 6.084500 1.216993 
0.779794 6.089080 1.241157 
0.775768 6.088077 1.149139 
0.776845 6.090728 1.190598 
0.773074 6.084419 1.213682 
0.774774 6.086981 1.150327 
0.779486 6.085572 1.167362 
0.781127 6.091903 1.195899 
0.780418 6.091358 1.246900 
0.780480 6.087802 1.226545 
0.781877 6.093402 1.186752 
0.781639 6.091664 1.175443 
0.779486 6.089588 1.230033 
0.773962 6.087733 1.204120 
0.781697 6.094051 1.224669 
0.778053 6.088512 1.217565 
0.773485 6.086447 1.211244 
0.777964 6.089175 1.259450 
0.778427 6.089120 1.255704 
0.778672 6.088369 1.207802 
0.773698 6.086448 1.191235 
0.778365 6.088500 1.138761 
0.779032 6.090644 1.190274 
0.777612 6.091894 1.216015 
0.773832 6.082906 1.207559 
0.780416 6.093181 1.218561 
0.777858 6.088868 1.131471 
0.778655 6.088075 1.132794 
0.775745 6.087398 1.220247 
0.780834 6.088370 1.156891 
0.776095 6.084922 1.152076 
0.778043 6.092032 1.241209 
0.775041 6.084871 1.189048 
0.777540 6.085052 1.194157 
0.777766 6.089917 1.148449 
0.773146 6.084667 1.184567 
0.778417 6.089454 1.177770 
0.775147 6.085442 1.141908 
0.774459 6.088103 1.219366 
0.777399 6.091881 1.220786 
0.777512 6.084080 1.175151 
0.778481 6.088668 1.202139 
0.776768 6.088589 1.244209 
0.775910 6.085630 1.224190 
0.776782 6.083507 1.214853 
0.774540 6.085528 1.170060 
0.778812 6.088652 1.246753 
0.777978 6.090273 1.216490 
0.780799 6.090786 1.184346 
0.777810 6.086899 1.228889 
0.776169 6.087505 1.149652 
0.778558 6.089499 1.216128 
0.776090 6.087104 1.143041 
0.775247 6.087560 1.157461 
0.772888 6.083047 1.181940 
0.773141 6.085740 1.196618 
0.779407 6.090160 1.191245 
0.774572 6.086004 1.148534 
0.780443 6.087519 1.163493 
0.777303 6.085503 1.232266 
0.774765 6.085102 1.184806 
0.773443 6.084856 1.217806 
0.779133 6.085167 1.165100 
0.780868 6.091471 1.206126 
0.776460 6.084326 1.201884 
0.775979 6.084916 1.214725 
0.779337 6.091687 1.236621 
0.779552 6.092640 1.223037 
0.781463 6.088289 1.176976 
0.778267 6.092888 1.200913 
0.776392 6.086671 1.246986 
0.773578 6.085133 1.187626 
0.776292 6.085779 1.129229 
0.775824 6.087719 1.204098 
0.774995 6.086452 1.196809 
0.775356 6.081125 1.163337 
0.778167 6.088894 1.196721 
0.774087 6.085598 1.174770 
0.775415 6.083513 1.166006 
0.774327 6.083628 1.228134 
0.773639 6.080806 1.180914 
0.777511 6.088323 1.167338 
0.776786 6.082308 1.200588 
0.773943 6.085366 1.191762 
0.782155 6.092204 1.184958 
0.774735 6.084321 1.196198 
0.781064 6.090451 1.215853 
0.781002 6.087655 1.205334 
0.779120 6.089568 1.137401 
0.779268 6.089028 1.226411 
0.778185 6.085482 1.144951 
0.776624 6.086614 1.167532 
0.777097 6.085837 1.144876 
0.779655 6.093809 1.225344 
0.776189 6.087574 1.137396 
0.779928 6.093916 1.216687 
0.778607 6.089692 1.149694 
0.775640 6.083401 1.128587 
0.775372 6.082782 1.220086 
0.772920 6.082132 1.162984 
0.778037 6.090668 1.186794 
0.776414 6.090278 1.168198 
0.779444 6.089021 1.162935 
0.776083 6.084987 1.172062 
0.774885 6.083576 1.149633 
0.775613 6.087260 1.192055 
0.774230 6.080801 1.170763 
0.777184 6.084377 1.163018 
0.775437 6.085095 1.223261 
0.774351 6.085234 1.181403 
0.774971 6.087261 1.165755 
0.773102 6.084894 1.212656 
0.775857 6.088337 1.182461 
0.777313 6.084538 1.149594 
0.772910 6.082504 1.186095 
0.776517 6.086815 1.147913 
0.776347 6.082793 1.180618 
0.777730 6.085004 1.152282 
0.779807 6.094101 1.215627 
0.774081 6.083521 1.204190 
0.780089 6.087581 1.222999 
0.776841 6.089786 1.247267 
0.779719 6.088333 1.170022 
0.778450 6.086098 1.147204 
0.778771 6.089367 1.184106 
0.778384 6.085732 1.202745 
0.775888 6.089685 1.208447 
0.777744 6.085940 1.195277 
0.777377 6.085797 1.183604 
0.781870 6.089549 1.190641 
0.780170 6.087131 1.183993 
0.775901 6.089524 1.167206 
0.779987 6.089070 1.225466 
0.776888 6.090093 1.230195 
0.776411 6.085019 1.195950 
0.779624 6.091660 1.199829 
0.777682 6.087920 1.171734 
0.778448 6.086422 1.219006 
0.777948 6.092447 1.208428 
0.779828 6.090384 1.156835 
0.774578 6.084068 1.149594 
0.779053 6.091051 1.183500 
0.776084 6.085460 1.206548 
0.777176 6.087583 1.230054 
0.775535 6.086611 1.130425 
0.778321 6.090482 1.193135 
0.779814 6.091765 1.164014 
0.776746 6.088589 1.248048 
0.780459 6.086744 1.180074 
0.774509 6.088155 1.160857 
0.776413 6.090049 1.239993 
0.779906 6.086440 1.224935 
0.778635 6.090747 1.203325 
0.775335 6.086398 1.199503 
0.777379 6.084942 1.238166 
0.780445 6.093732 1.218363 
0.776694 6.088584 1.188449 
0.780443 6.086616 1.196621 
0.775332 6.082475 1.138308 
0.773258 6.084022 1.166742 
0.779232 6.085544 1.203796 
0.778595 6.086341 1.146648 
0.777417 6.090425 1.203168 
0.781025 6.090527 1.216906 
0.777545 6.083773 1.139821 
0.780675 6.090026 1.199717 
0.774495 6.082852 1.141710 
0.778056 6.087800 1.164385 
0.775781 6.089365 1.208434 
0.779190 6.087930 1.134176 
0.777871 6.085848 1.177157 
0.777885 6.089998 1.233159 
0.774097 6.082621 1.218100 
0.774642 6.085011 1.184369 
0.780050 6.086495 1.209445 
0.778290 6.089297 1.256106 
0.776296 6.086377 1.137090 
0.778618 6.091921 1.190846 
0.780431 6.094028 1.228251 
0.772802 6.081804 1.180059 
0.779163 6.086606 1.159714 
0.776244 6.087346 1.130088 
0.779699 6.092124 1.251911 
0.780494 6.091726 1.174098 
0.774056 6.082805 1.169298 
0.776777 6.090706 1.183742 
0.774141 6.085364 1.227991 
0.774571 6.087347 1.192906 
0.775818 6.087970 1.242304 
0.779513 6.092569 1.247834 
0.773849 6.082311 1.151188 
0.777577 6.090059 1.141189 
0.775082 6.089200 1.178860 
0.777287 6.084464 1.153225 
0.780861 6.092059 1.171459 
0.777888 6.087295 1.208675 
0.777803 6.085376 1.179285 
0.773889 6.082792 1.167607 
0.777784 6.085484 1.168437 
0.776739 6.086027 1.188029 
0.777839 6.086564 1.212972 
0.775226 6.087448 1.207305 
0.780746 6.090485 1.196934 
0.775214 6.083651 1.162706 
0.780763 6.090625 1.248165 
0.779160 6.089404 1.186309 
0.776668 6.085646 1.170732 
0.778016 6.090839 1.197639 
0.778556 6.092972 1.235371 
0.780389 6.087145 1.174299 
0.775305 6.082150 1.145952 
0.776145 6.085535 1.134972 
0.777008 6.083054 1.148452 
0.774794 6.087039 1.154818 
0.775412 6.087776 1.174731 
0.775841 6.084831 1.131670 
0.779142 6.089861 1.224953 
0.775425 6.087568 1.202799 
0.775758 6.088639 1.168532 
0.778896 6.091654 1.212530 
0.775711 6.084221 1.143102 
0.774499 6.086193 1.237680 
0.778823 6.087990 1.245202 
0.779665 6.087140 1.227567 
0.781211 6.090117 1.224312 
0.777154 6.085286 1.128161 
0.776569 6.082686 1.179856 
0.781331 6.090985 1.176782 
0.778595 6.084466 1.162124 
0.776642 6.085879 1.193489 
0.777884 6.083348 1.183540 
0.777962 6.085337 1.231316 
0.777461 6.085391 1.198368 
0.775219 6.088037 1.178510 
0.777792 6.085326 1.198521 
0.777086 6.083572 1.162870 
0.779438 6.090399 1.252426 
0.779442 6.086636 1.146158 
0.780489 6.088321 1.166250 
0.779480 6.087987 1.148660 
0.775618 6.084683 1.174992 
0.778050 6.085675 1.178671 
0.776475 6.087724 1.171152 
0.779410 6.090529 1.165993 
0.777407 6.086240 1.155590 
0.776833 6.091633 1.215468 
0.776600 6.090274 1.169299 
0.777923 6.084968 1.206254 
0.778701 6.083888 1.164034 
0.776930 6.091657 1.198822 
0.777145 6.091338 1.196784 
0.779980 6.089694 1.239240 
0.775531 6.085851 1.170840 
0.778201 6.090777 1.224205 
0.774799 6.082558 1.175534 
0.779207 6.087743 1.146306 
0.780937 6.091998 1.205235 
0.781862 6.089420 1.197156 
0.781846 6.091718 1.205126 
0.774854 6.088612 1.222300 
0.775360 6.082675 1.209541 
0.775909 6.086395 1.153162 
0.780814 6.087383 1.167274 
0.780724 6.089751 1.227858 
0.774808 6.087753 1.196339 
0.778640 6.084490 1.193847 
0.775254 6.083902 1.202613 
0.776229 6.083339 1.213961 
0.774793 6.086816 1.239093 
0.774082 6.082680 1.213436 
0.778789 6.088494 1.168208 
0.779830 6.093703 1.179713 
0.781735 6.090541 1.185178 
0.782388 6.091681 1.183821 
0.774933 6.086676 1.149316 
0.777871 6.088644 1.258707 
0.774937 6.086464 1.150666 
0.775160 6.082560 1.149140 
0.781211 6.092029 1.200498 
0.778468 6.090894 1.212423 
0.778761 6.090360 1.252635 
0.776592 6.083763 1.209270 
0.777873 6.086162 1.247050 
0.779629 6.089117 1.216007 
0.775950 6.086071 1.163058 
0.778240 6.090636 1.231220 
0.775414 6.083800 1.215843 
0.776747 6.089039 1.202284 
0.775622 6.089634 1.180055 
0.774949 6.083745 1.219331 
0.772729 6.083558 1.172566 
0.781602 6.092238 1.201436 
0.780346 6.090137 1.174205 
0.776389 6.083363 1.205056 
0.781014 6.091321 1.235977 
0.782355 6.093628 1.211991 
0.780123 6.091417 1.219128 
0.774033 6.088220 1.201510 
0.776661 6.089368 1.177583 
0.777730 6.091729 1.235772 
0.781288 6.088615 1.179758 
0.781531 6.089464 1.197023 
0.777181 6.090190 1.221147 
0.776122 6.088566 1.189648 
0.773849 6.086127 1.215325 
0.776001 6.085038 1.140598 
0.780245 6.086679 1.191951 
0.775905 6.086726 1.249516 
0.775267 6.086451 1.240601 
0.781084 6.088022 1.219379 
0.774159 6.084292 1.186711 
0.779418 6.092335 1.251584 
0.773937 6.081916 1.195624 
0.777020 6.091955 1.202902 
0.779435 6.092117 1.163422 
0.777542 6.085576 1.238455 
0.776292 6.081612 1.174276 
0.780012 6.090490 1.180016 
0.781827 6.093218 1.179762 
0.778438 6.085900 1.198043 
0.775588 6.088082 1.183697 
0.774480 6.086735 1.164812 
0.775029 6.082753 1.147215 
0.781404 6.090073 1.222252 
0.781241 6.089619 1.232208 
0.775675 6.088918 1.197827 
0.776463 6.087908 1.168108 
0.778368 6.091211 1.165407 
0.774577 6.084033 1.172357 
0.773781 6.082538 1.176601 
0.774830 6.086692 1.221382 
0.776031 6.087962 1.187437 
0.781574 6.089618 1.169159 
0.775795 6.084227 1.132280 
0.776316 6.085295 1.146203 
0.780556 6.088535 1.208818 
0.777175 6.090882 1.230963 
0.776296 6.091318 1.209536 
0.779797 6.088585 1.152987 
0.774354 6.086060 1.194371 
0.776626 6.088305 1.147526 
0.776914 6.084978 1.168030 
0.779734 6.088284 1.233521 
0.778752 6.092728 1.197179 
0.775703 6.085444 1.140278 
0.775554 6.084066 1.233576 
0.778103 6.092018 1.232593 
0.778537 6.087425 1.166762 
0.775601 6.082512 1.207238 
0.773184 6.085244 1.193092 
0.775055 6.084816 1.141756 
0.774959 6.081814 1.147299 
0.774365 6.086811 1.159901 
0.776920 6.087806 1.180216 
0.781229 6.089214 1.200540 
0.777475 6.089856 1.196049 
0.776305 6.090338 1.207652 
0.775325 6.083691 1.221819 
0.775355 6.081977 1.192526 
0.781631 6.091269 1.178765 
0.779222 6.088739 1.207566 
0.778431 6.084383 1.151738 
0.779134 6.092288 1.208384 
0.778554 6.084465 1.193835 
0.777623 6.085645 1.198904 
0.775624 6.084843 1.236274 
0.778445 6.092568 1.230933 
0.775882 6.082980 1.147362 
0.776259 6.089617 1.229865 
0.774853 6.087320 1.177774 
0.775692 6.085708 1.211477 
0.772797 6.083779 1.199104 
0.781539 6.091773 1.232000 
0.776757 6.088771 1.242889 
0.777659 6.086062 1.141456 
0.776615 6.086376 1.227730 
0.776861 6.085678 1.204179 
0.777953 6.085239 1.145045 
0.776679 6.085626 1.206809 
0.775653 6.083255 1.221106 
0.775690 6.083058 1.210684 
0.777949 6.086815 1.218618 
0.776993 6.085604 1.146960 
0.776415 6.087892 1.140698 
0.778265 6.088443 1.162629 
0.775938 6.088506 1.186823 
0.782293 6.092062 1.195402 
0.773957 6.087241 1.201407 
0.779776 6.090484 1.243113 
0.774029 6.086655 1.172903 
0.776516 6.086597 1.157280 
0.772499 6.083444 1.175323 
0.781507 6.092789 1.224081 
0.780754 6.092504 1.214431 
0.779888 6.085786 1.162474 
0.776418 6.087469 1.211015 
0.777446 6.088463 1.179322 
0.777460 6.089495 1.215883 
0.776824 6.085226 1.210900 
0.776932 6.090451 1.219624 
0.779583 6.091005 1.239575 
0.774039 6.082165 1.189768 
0.776580 6.084804 1.184768 
0.777499 6.090617 1.223196 
0.777161 6.086404 1.191634 
0.781166 6.087384 1.183975 
0.775272 6.084574 1.238752 
0.775119 6.081639 1.190337 
0.777362 6.084626 1.212332 
0.780498 6.087699 1.225779 
0.782355 6.091028 1.193463 
0.777281 6.086858 1.196902 
0.773262 6.086168 1.184519 
0.774756 6.087879 1.210760 
0.776935 6.091155 1.222237 
0.773514 6.082501 1.146599 
0.774713 6.082868 1.176759 
0.778521 6.088548 1.191273 
0.779477 6.086031 1.183362 
0.775968 6.085663 1.169625 
0.772677 6.082570 1.170781 
0.774320 6.082574 1.207799 
0.776684 6.084547 1.213304 
0.777066 6.082831 1.154250 
0.773379 6.086035 1.208255 
0.780751 6.088448 1.223298 
0.777079 6.083570 1.174721 
0.780520 6.092758 1.194739 
0.774990 6.089503 1.173733 
0.780860 6.092645 1.203693 
0.778050 6.087868 1.135491 
0.781183 6.089184 1.203728 
0.773939 6.081449 1.192883 
0.775826 6.086481 1.222656 
0.776670 6.086921 1.131192 
0.773954 6.086232 1.179648 
0.777614 6.088979 1.207010 
0.778449 6.087067 1.164842 
0.779922 6.089488 1.250257 
0.780539 6.091030 1.203711 
0.781226 6.094561 1.219769 
0.777105 6.086304 1.226721 
0.775334 6.082582 1.206367 
0.775533 6.084462 1.156245 
0.778862 6.089255 1.184873 
0.776361 6.086934 1.217201 
0.780069 6.092450 1.213918 
0.776901 6.085230 1.192403 
0.774105 6.082890 1.220664 
0.777829 6.085502 1.197049 
0.775876 6.088162 1.152072 
0.778652 6.084120 1.171459 
0.777236 6.085777 1.178438 
0.774260 6.085184 1.198488 
0.775711 6.087135 1.159876 
0.781233 6.092387 1.242665 
0.775906 6.090543 1.179312 
0.779237 6.084722 1.205628 
0.776322 6.085255 1.216134 
0.776249 6.085296 1.137649 
0.777223 6.090825 1.195944 
0.779722 6.088134 1.172269 
0.776583 6.090911 1.222418 
0.774372 6.086601 1.193695 
0.778374 6.089518 1.213783 
0.779878 6.091370 1.156460 
0.774430 6.088636 1.212961 
0.779106 6.090426 1.192237 
0.779697 6.090908 1.234830 
0.775024 6.088644 1.233387 
0.775427 6.089691 1.200825 
0.778624 6.092731 1.200403 
0.774095 6.082642 1.170699 
0.778312 6.086811 1.248968 
0.773171 6.085042 1.187474 
0.777000 6.087211 1.208851 
0.780214 6.085895 1.186564 
0.777408 6.084610 1.179383 
0.776225 6.084033 1.141103 
0.781391 6.092384 1.228972 
0.776365 6.086485 1.158145 
0.775259 6.087521 1.146478 
0.776981 6.083222 1.182836 
0.776682 6.087531 1.157591 
0.776430 6.088680 1.215954 
0.775155 6.087088 1.174703 
0.780763 6.089527 1.150752 
0.775722 6.089819 1.217251 
0.772933 6.085798 1.190705 
0.778203 6.088724 1.181792 
0.774969 6.088186 1.193412 
0.773519 6.081948 1.162818 
0.779572 6.093084 1.181644 
0.775290 6.088071 1.225919 
0.775311 6.089141 1.181060 
0.776413 6.090535 1.175196 
0.778693 6.086256 1.219703 
0.778985 6.089628 1.169407 
0.780638 6.091440 1.224791 
0.773494 6.083077 1.159810 
0.780173 6.090274 1.223373 
0.779059 6.092380 1.165015 
0.780044 6.090481 1.238828 
0.779520 6.087674 1.168180 
0.777378 6.087763 1.214129 
0.779194 6.087967 1.156047 
0.778034 6.089336 1.228470 
0.776449 6.086545 1.229465 
0.775938 6.083233 1.194233 
0.778269 6.087444 1.159803 
0.777462 6.086345 1.234962 
0.780704 6.090260 1.216786 
0.774203 6.082616 1.154827 
0.778380 6.087424 1.140024 
0.775879 6.085836 1.225676 
0.778049 6.087717 1.218079 
0.776395 6.089962 1.204109 
0.780018 6.090178 1.208434 
0.777630 6.088086 1.148897 
0.779342 6.089422 1.238812 
0.778692 6.089029 1.239633 
0.778092 6.085945 1.155041 
0.777729 6.085561 1.181157 
0.778742 6.092246 1.244874 
0.781428 6.090125 1.214899 
0.777409 6.090889 1.247824 
0.778269 6.090518 1.149053 
0.774738 6.084594 1.145846 
0.778261 6.088312 1.239610 
0.779990 6.087439 1.235886 
0.776299 6.084576 1.196737 
0.777262 6.090132 1.202582 
0.776319 6.084000 1.165234 
0.777685 6.086431 1.138394 
0.777864 6.083543 1.185977 
0.779022 6.092398 1.229113 
0.778863 6.084384 1.188071 
0.774025 6.085220 1.144419 
0.778334 6.089145 1.250522 
0.776332 6.089491 1.221408 
0.778321 6.090514 1.251439 
0.779620 6.090246 1.156482 
0.778212 6.090200 1.178226 
0.776604 6.089693 1.228697 
0.778520 6.084818 1.145520 
0.780604 6.088553 1.187295 
0.777727 6.083069 1.199747 
0.778622 6.090868 1.183062 
0.779155 6.092757 1.208331 
0.780425 6.094380 1.198338 
0.772694 6.084184 1.183289 
0.773662 6.083827 1.186998 
0.776171 6.086859 1.150095 
0.782029 6.094134 1.203584 
0.778926 6.091868 1.193720 
0.780683 6.090652 1.190589 
0.776168 6.090993 1.210412 
0.775260 6.086717 1.176421 
0.779374 6.085138 1.175796 
0.780074 6.088758 1.195802 
0.778923 6.090575 1.239433 
0.774056 6.084802 1.186218 
0.777597 6.087149 1.162035 
0.777039 6.082144 1.187428 
0.778818 6.084645 1.158064 
0.774978 6.084851 1.189616 
0.778946 6.085255 1.154541 
0.777738 6.083117 1.165774 
0.774833 6.088532 1.212596 
0.776601 6.087743 1.151793 
0.778596 6.088489 1.164553 
0.775994 6.085602 1.149557 
0.777273 6.090271 1.233873 
0.780785 6.094291 1.214134 
0.777854 6.086645 1.182714 
0.774178 6.081460 1.197305 
0.776644 6.087713 1.154323 
0.778310 6.087100 1.218318 
0.774735 6.083415 1.171365 
0.774386 6.085539 1.138444 
0.775032 6.083585 1.159298 
0.775203 6.083172 1.153050 
0.778282 6.087731 1.142419 
0.774863 6.084134 1.145914 
0.773382 6.085157 1.171990 
0.773408 6.087035 1.192717 
0.779493 6.088604 1.251237 
0.776997 6.084305 1.191053 
0.776487 6.088786 1.171824 
0.778542 6.087855 1.236070 
0.777044 6.087388 1.203835 
0.779121 6.087167 1.135931 
0.779421 6.087786 1.177648 
0.781927 6.090929 1.201145 
0.781146 6.092943 1.204221 
0.776775 6.089513 1.243893 
0.777634 6.087235 1.213120 
0.777209 6.087246 1.162724 
0.776540 6.087334 1.181404 
0.781959 6.090992 1.174567 
0.780042 6.092178 1.157954 
0.781158 6.091480 1.229666 
0.776551 6.087541 1.131919 
0.776264 6.083920 1.134038 
0.780275 6.089134 1.236285 
0.773800 6.083136 1.195451 
0.778588 6.087717 1.156204 
0.780018 6.087053 1.225402 
0.775262 6.081193 1.178081 
0.777928 6.089248 1.157950 
0.776072 6.090216 1.210839 
0.777642 6.083947 1.159796 
0.774846 6.085990 1.154747 
0.777220 6.091263 1.239188 
0.774303 6.084959 1.214443 
0.773393 6.084146 1.178437 
0.779546 6.092544 1.159918 
0.778790 6.086542 1.182495 
0.780957 6.091106 1.167159 
0.774398 6.086068 1.166226 
0.781500 6.092908 1.222534 
0.775713 6.090644 1.195291 
0.779348 6.084446 1.183859 
0.779459 6.085601 1.179740 
0.776898 6.087628 1.244166 
0.778147 6.088209 1.138310 
0.777501 6.087878 1.212247 
0.776861 6.088757 1.134851 
0.774646 6.087842 1.157834 
0.777660 6.084066 1.198837 
0.777086 6.084698 1.234553 
0.781093 6.090508 1.167002 
0.772965 6.082900 1.187377 
0.777388 6.090507 1.177194 
0.774169 6.082521 1.216516 
0.775064 6.087046 1.138389 
0.776634 6.086105 1.191639 
0.775223 6.083472 1.223410 
0.776636 6.083494 1.167812 
0.776385 6.091386 1.190106 
0.778862 6.087491 1.187290 
0.778225 6.084036 1.150373 
0.774734 6.087372 1.181431 
0.776886 6.085619 1.135940 
0.776207 6.083296 1.180243 
0.772983 6.084383 1.176325 
0.776446 6.089208 1.151937 
0.780201 6.088326 1.199209 
0.779716 6.091018 1.162894 
0.777426 6.082716 1.186794 
0.781105 6.092430 1.204082 
0.778505 6.091064 1.172763 
0.777624 6.084328 1.199047 
0.776555 6.082962 1.200630 
0.780725 6.090834 1.160245 
0.775638 6.083011 1.174705 
0.779069 6.085361 1.144795 
0.781740 6.092762 1.208035 
0.772813 6.083452 1.192447 
0.777198 6.087211 1.183135 
0.779669 6.089900 1.177186 
0.778833 6.090748 1.182605 
0.775500 6.083310 1.206506 
0.777606 6.091502 1.230001 
0.778864 6.085677 1.170236 
0.776446 6.088700 1.209073 
0.779004 6.086234 1.166443 
0.776028 6.085161 1.177157 
0.775028 6.083719 1.191771 
0.777290 6.085563 1.129219 
0.779955 6.089997 1.214205 
0.778542 6.086578 1.207312 
0.773965 6.081292 1.194260 
0.773052 6.084294 1.174853 
0.778220 6.083165 1.162562 
0.772952 6.081958 1.162905 
0.778491 6.090269 1.241971 
0.782448 6.092564 1.189997 
0.776409 6.085184 1.165647 
0.779728 6.092671 1.228165 
0.777832 6.087734 1.142339 
0.776695 6.090212 1.242613 
0.777287 6.082440 1.167989 
0.775994 6.090004 1.233855 
0.776848 6.083676 1.206846 
0.782482 6.090768 1.186862 
0.775713 6.082004 1.153142 
0.774155 6.082134 1.178180 
0.779452 6.084863 1.185132 
0.780419 6.087997 1.211250 
0.778642 6.088215 1.195523 
0.777415 6.085028 1.213884 
0.778873 6.084475 1.182179 
0.777361 6.091082 1.180997 
0.776738 6.086754 1.146319 
0.775956 6.088463 1.233859 
0.779040 6.089145 1.192182 
0.773692 6.081770 1.186623 
0.778793 6.087666 1.223442 
0.774425 6.083034 1.187756 
0.779512 6.089207 1.173917 
0.778772 6.088846 1.250413 
0.779902 6.086332 1.212447 
0.778516 6.088155 1.174507 
0.776424 6.083259 1.142089 
0.778926 6.091444 1.162926 
0.776249 6.090409 1.188319 
0.773550 6.082490 1.167140 
0.780075 6.090545 1.213927 
0.777998 6.085704 1.138044 
0.776846 6.082734 1.151947 
0.780470 6.092126 1.235620 
0.775498 6.087425 1.230974 
0.776775 6.086472 1.238862 
0.782644 6.092111 1.212612 
0.776051 6.082000 1.176412 
0.777004 6.083259 1.211392 
0.777872 6.087939 1.214448 
0.781708 6.091400 1.223484 
0.778398 6.083392 1.187327 
0.774114 6.082949 1.148776 
0.777061 6.083596 1.163921 
0.774418 6.087940 1.199028 
0.775511 6.082571 1.197337 
0.777531 6.090836 1.229130 
0.772605 6.082933 1.181525 
0.774259 6.086587 1.226103 
0.774392 6.085221 1.143566 
0.778635 6.087460 1.173329 
0.780221 6.091191 1.158192 
0.775904 6.084433 1.149323 
0.777842 6.091550 1.186540 
0.779063 6.088268 1.156527 
0.775802 6.084941 1.141532 
0.779344 6.092297 1.230546 
0.775766 6.088996 1.151531 
0.776787 6.085217 1.149012 
0.773974 6.084048 1.211612 
0.777491 6.086936 1.207791 
0.779702 6.092550 1.194677 
0.773917 6.083973 1.172382 
0.773417 6.086962 1.186387 
0.775736 6.085006 1.227879 
0.776687 6.089862 1.163612 
0.774701 6.085464 1.237328 
0.776407 6.090528 1.220298 
0.775523 6.083277 1.180964 
0.782073 6.090321 1.180121 
0.780927 6.090582 1.227929 
0.775980 6.084125 1.137731 
0.779573 6.092886 1.188883 
0.781002 6.087822 1.211636 
0.775887 6.082196 1.188777 
0.780729 6.090297 1.178918 
0.777820 6.085928 1.157336 
0.777377 6.085821 1.149865 
0.778381 6.091215 1.161055 
0.774340 6.086173 1.218313 
0.777210 6.086929 1.250880 
0.773844 6.083108 1.144000 
0.775287 6.088815 1.236776 
0.777960 6.086114 1.199631 
0.782732 6.092418 1.202789 
0.781368 6.091102 1.238753 
0.778134 6.087967 1.137033 
0.777974 6.082980 1.173401 
0.774333 6.083143 1.215116 
0.780227 6.091846 1.203468 
0.775780 6.084957 1.197757 
0.779876 6.088785 1.221116 
0.775840 6.086076 1.183063 
0.778796 6.087448 1.218816 
0.780019 6.086765 1.182142 
0.775883 6.086853 1.150184 
0.780468 6.091057 1.222481 
0.779427 6.087847 1.153767 
0.777657 6.085905 1.180999 
0.777657 6.087110 1.156590 
0.777308 6.089992 1.186693 
0.778803 6.089151 1.207268 
0.779233 6.085654 1.197770 
0.778498 6.084953 1.208922 
0.780779 6.088150 1.228909 
0.781432 6.092139 1.225919 
0.780730 6.089113 1.220652 
0.777298 6.084404 1.204703 
0.777555 6.087824 1.146086 
0.775914 6.081932 1.172246 
0.773617 6.084852 1.145205 
0.776767 6.091121 1.184786 
0.780944 6.090265 1.161348 
0.775983 6.085321 1.201504 
0.776632 6.086160 1.250377 
0.775669 6.085222 1.148333 
0.777370 6.087642 1.145622 
0.780377 6.088181 1.221377 
0.779467 6.089522 1.248210 
0.778935 6.091337 1.186346 
0.778022 6.085782 1.214032 
0.779369 6.092547 1.202036 
0.778138 6.083377 1.183790 
0.778402 6.087963 1.198619 
0.777653 6.088232 1.210573 
0.776459 6.089942 1.202343 
0.778107 6.088400 1.245117 
0.775875 6.087980 1.137115 
0.777449 6.090306 1.247626 
0.779863 6.091794 1.197845 
0.780747 6.087098 1.204710 
0.777905 6.085864 1.159846 
0.777910 6.089478 1.168852 
0.777410 6.087046 1.178466 
0.779446 6.086301 1.210844 
0.778402 6.087162 1.199322 
0.777716 6.091899 1.189643 
0.776529 6.083880 1.156821 
0.775470 6.089637 1.197173 
0.778469 6.087212 1.139408 
0.777913 6.087998 1.159236 
0.776701 6.086314 1.179440 
0.779060 6.085206 1.196126 
0.774555 6.087523 1.188822 
0.774308 6.086474 1.148397 
0.779226 6.087667 1.142196 
0.777277 6.086014 1.131257 
0.776370 6.085725 1.227803 
0.777605 6.083198 1.205685 
0.779650 6.091572 1.155019 
0.778874 6.089826 1.193767 
0.777508 6.089015 1.227851 
0.778621 6.090739 1.216715 
0.775858 6.087273 1.225701 
0.778637 6.088948 1.220296 
0.776162 6.090456 1.192468 
0.778142 6.085624 1.226456 
0.775753 6.084704 1.214302 
0.775518 6.086073 1.218278 
0.776359 6.089704 1.237372 
0.777308 6.087744 1.133159 
0.780652 6.089635 1.240805 
0.782162 6.092633 1.219300 
0.775803 6.085772 1.190366 
0.778780 6.088286 1.250012 
0.779202 6.092920 1.184714 
0.773853 6.084307 1.199055 
0.775848 6.087400 1.237771 
0.775664 6.082051 1.201320 
0.776638 6.087947 1.151430 
0.774954 6.087756 1.190958 
0.773928 6.085093 1.178247 
0.777028 6.086198 1.208590 
0.777426 6.091442 1.219034 
0.780746 6.093172 1.191824 
0.778072 6.083972 1.144797 
0.780024 6.087663 1.228024 
0.775373 6.086059 1.179487 
0.780517 6.088386 1.212296 
0.782012 6.090844 1.189968 
0.781811 6.091858 1.222878 
0.777818 6.088294 1.167174 
0.782400 6.091019 1.188435 
0.773940 6.085121 1.189912 
0.778148 6.092918 1.214019 
0.773773 6.083819 1.221377 
0.781328 6.087639 1.188982 
0.778990 6.092057 1.197766 
0.775751 6.087095 1.221610 
0.779393 6.086513 1.186318 
0.775443 6.084978 1.229553 
0.776447 6.087076 1.144545 
0.780282 6.089796 1.184037 
0.777659 6.090919 1.206762 
0.777749 6.089873 1.174987 
0.781220 6.091206 1.158945 
0.780103 6.090012 1.187644 
0.781249 6.089804 1.172361 
0.778294 6.087498 1.169075 
0.778694 6.087829 1.132446 
0.779387 6.089496 1.205486 
0.774550 6.084460 1.173136 
0.778769 6.085353 1.171196 
0.777111 6.084794 1.144364 
0.775634 6.090421 1.205351 
0.780069 6.089109 1.218989 
0.775863 6.086428 1.130071 
0.774425 6.086691 1.232722 
0.779149 6.090150 1.201678 
0.778065 6.083366 1.176391 
0.778540 6.092167 1.221847 
0.777489 6.091810 1.238068 
0.776996 6.092063 1.222597 
0.779318 6.092860 1.230079 
0.772906 6.083379 1.203273 
0.779472 6.091790 1.244224 
0.777258 6.092030 1.190662 
0.779959 6.089941 1.156844 
0.781495 6.092208 1.234844 
0.775856 6.090580 1.174368 
0.777048 6.084534 1.215344 
0.776400 6.086407 1.227214 
0.773437 6.082937 1.179643 
0.777698 6.084012 1.213155 
0.778169 6.089753 1.167671 
0.776593 6.090866 1.187454 
0.781951 6.091108 1.225619 
0.777785 6.087538 1.147038 
0.774969 6.087970 1.167551 
0.777733 6.092520 1.225638 
0.780105 6.087207 1.195464 
0.780413 6.088267 1.230679 
0.780034 6.086146 1.192495 
0.779244 6.087378 1.243041 
0.776010 6.083543 1.127666 
0.776636 6.090599 1.213371 
0.779763 6.092507 1.206316 
0.776606 6.089481 1.146998 
0.780495 6.088141 1.224805 
0.777358 6.086310 1.209537 
0.781890 6.089992 1.168111 
0.777650 6.085335 1.227145 
0.778245 6.092826 1.184403 
0.777020 6.084307 1.209839 
0.778040 6.089165 1.139654 
0.779193 6.088716 1.203610 
0.775607 6.083211 1.150849 
0.774752 6.086908 1.196107 
0.777571 6.084465 1.144220 
0.778339 6.090730 1.191585 
0.779902 6.086452 1.218021 
0.773608 6.085708 1.166822 
0.777161 6.087473 1.165949 
0.777825 6.087554 1.230605 
0.773144 6.081017 1.173435 
0.779797 6.088755 1.137521 
0.775842 6.086732 1.175494 
0.776462 6.089211 1.236144 
0.774056 6.083083 1.199251 
0.780494 6.090013 1.248337 
0.775926 6.088337 1.181009 
0.779887 6.088578 1.220622 
0.775359 6.083847 1.133121 
0.778700 6.091630 1.188798 
0.780907 6.089912 1.239609 
0.772919 6.084650 1.189715 
0.778943 6.086755 1.210598 
0.775329 6.081910 1.179850 
0.778802 6.089660 1.157464 
0.779670 6.088036 1.172807 
0.779198 6.089389 1.145557 
0.778445 6.091425 1.237102 
0.781959 6.092038 1.182214 
0.774204 6.085925 1.226644 
0.775529 6.085132 1.179653 
0.778202 6.087657 1.143917 
0.774960 6.088269 1.203006 
0.782081 6.091729 1.205089 
0.778906 6.091264 1.154572 
0.780903 6.088446 1.213485 
0.778014 6.083821 1.195854 
0.778515 6.092946 1.212124 
0.775565 6.084717 1.132579 
0.773246 6.083901 1.180855 
0.776522 6.088711 1.208930 
0.776050 6.083239 1.218588 
0.776129 6.082224 1.201068 
0.777496 6.090316 1.169021 
0.778078 6.085494 1.218817 
0.780150 6.089532 1.184045 
0.778222 6.088513 1.207079 
0.780878 6.088704 1.165809 
0.777231 6.084643 1.151549 
0.776170 6.084958 1.177269 
0.778723 6.088682 1.206993 
0.779453 6.089643 1.180461 
0.779166 6.088635 1.191907 
0.774015 6.083648 1.225526 
0.779659 6.093901 1.216143 
0.778661 6.089008 1.142427 
0.773299 6.084261 1.217691 
0.780210 6.089776 1.193995 
0.778944 6.084223 1.164590 
0.775367 6.085545 1.135519 
0.775710 6.090051 1.190424 
0.778599 6.085527 1.165225 
0.777251 6.091764 1.184543 
0.773876 6.081394 1.197232 
0.778872 6.087334 1.242110 
0.775132 6.087658 1.184895 
0.778028 6.085858 1.137254 
0.780117 6.091651 1.189288 
0.775879 6.089065 1.188152 
0.779578 6.093959 1.202429 
0.778654 6.086208 1.153929 
0.774848 6.085415 1.237238 
0.774152 6.086067 1.178452 
0.777176 6.083226 1.174279 
0.777274 6.087098 1.171617 
0.778442 6.087035 1.234055 
0.773755 6.084277 1.157064 
0.775535 6.088154 1.203068 
0.777320 6.085197 1.223526 
0.773704 6.082820 1.148853 
0.778763 6.092470 1.225355 
0.780011 6.090638 1.242146 
0.777913 6.085820 1.221272 
0.777514 6.085192 1.126734 
0.779565 6.093284 1.204650 
0.773924 6.083756 1.176562 
0.773930 6.083391 1.140786 
0.776195 6.089868 1.162005 
0.781298 6.089017 1.181521 
0.781092 6.088738 1.216023 
0.775015 6.083601 1.198481 
0.778861 6.087152 1.199842 
0.776015 6.083007 1.182241 
0.775005 6.083928 1.218102 
0.776318 6.087066 1.223907 
0.778511 6.092381 1.230639 
0.778366 6.092264 1.214881 
0.775738 6.084051 1.220847 
0.782395 6.093414 1.195576 
0.779546 6.088082 1.194772 
0.772993 6.082871 1.158354 
0.778348 6.087938 1.249810 
0.780398 6.091039 1.174296 
0.779653 6.087855 1.192573 
0.775921 6.083748 1.155474 
0.780464 6.088079 1.188631 
0.776523 6.089439 1.242535 
0.775769 6.084114 1.181037 
0.776630 6.089751 1.179880 
0.777097 6.086476 1.230135 
0.779341 6.086410 1.189878 
0.776531 6.082757 1.201425 
0.776797 6.088264 1.244665 
0.778870 6.091718 1.227596 
0.780532 6.088348 1.200744 
0.780415 6.088749 1.156706 
0.779815 6.086678 1.210070 
0.778712 6.091672 1.248944 
0.780867 6.090401 1.194824 
0.774263 6.088194 1.183099 
0.773834 6.080990 1.166150 
0.779773 6.086396 1.216302 
0.775933 6.089303 1.214463 
0.775700 6.084151 1.204079 
0.778333 6.084024 1.203741 
0.779464 6.086213 1.161090 
0.777232 6.087673 1.222721 
0.774935 6.080909 1.186097 
0.777770 6.085245 1.174363 
0.781616 6.093855 1.192352 
0.777095 6.084099 1.162575 
0.781051 6.091827 1.202499 
0.773716 6.085031 1.194520 
0.776595 6.088679 1.233722 
0.774746 6.085245 1.189511 
0.779423 6.092918 1.192819 
0.779472 6.089516 1.147136 
0.776108 6.085639 1.199514 
0.776598 6.083746 1.185317 
0.781548 6.092619 1.168528 
0.772976 6.084140 1.168434 
0.778984 6.087703 1.244064 
0.781626 6.090500 1.221482 
0.777420 6.084890 1.211202 
0.775735 6.085422 1.206356 
0.778131 6.087141 1.195310 
0.778821 6.086922 1.219032 
0.781635 6.092662 1.213604 
0.779947 6.091378 1.217194 
0.779100 6.088798 1.210874 
0.777588 6.086309 1.198302 
0.780262 6.089989 1.167009 
0.775256 6.088413 1.157272 
0.781395 6.090313 1.214456 
0.781275 6.088653 1.203422 
0.776144 6.085903 1.168564 
0.777188 6.090108 1.159602 
0.774940 6.084789 1.180893 
0.777512 6.083623 1.176792 
0.780538 6.086204 1.194768 
0.777096 6.086400 1.125046 
0.773057 6.082365 1.169905 
0.779883 6.087346 1.151897 
0.781983 6.092274 1.220194 
0.773818 6.085211 1.153737 
0.782483 6.092429 1.201657 
0.779294 6.088478 1.200054 
0.778631 6.092762 1.221738 
0.777499 6.087623 1.198883 
0.779837 6.091157 1.163830 
0.775657 6.082691 1.157323 
0.775120 6.085918 1.204517 
0.777372 6.084348 1.173990 
0.781583 6.093306 1.203872 
0.773522 6.084430 1.170183 
0.776669 6.087970 1.218869 
0.778657 6.090932 1.163899 
0.777608 6.085237 1.185654 
0.777591 6.087709 1.136651 
0.779145 6.084671 1.204163 
0.777295 6.091863 1.198168 
0.777642 6.084426 1.180325 
0.780907 6.091505 1.178424 
0.782077 6.091840 1.212190 
0.776554 6.085836 1.185995 
0.774641 6.085728 1.238343 
0.778393 6.085856 1.196941 
0.774788 6.081605 1.182493 
0.777671 6.087125 1.160351 
0.780332 6.087760 1.222770 
0.777314 6.088097 1.201301 
0.775663 6.090438 1.192503 
0.776941 6.089316 1.216259 
0.779327 6.092415 1.235415 
0.778615 6.089458 1.256820 
0.782357 6.091231 1.218269 
0.777421 6.082437 1.164706 
0.775050 6.083468 1.227636 
0.780350 6.089850 1.154479 
0.781076 6.090452 1.209144 
0.775112 6.086757 1.164482 
0.776914 6.085561 1.214765 
0.775458 6.082734 1.205234 
0.778317 6.086894 1.230719 
0.775265 6.083219 1.136428 
0.776205 6.089519 1.181618 
0.774793 6.087209 1.151523 
0.775495 6.088678 1.196534 
0.778133 6.085980 1.226442 
0.780663 6.091482 1.217119 
0.778330 6.090741 1.153613 
0.777753 6.083575 1.144034 
0.773035 6.082991 1.166084 
0.778396 6.087107 1.202070 
0.776224 6.085918 1.243076 
0.777266 6.083184 1.202826 
0.780320 6.090449 1.159492 
0.776995 6.086623 1.144589 
0.774906 6.085640 1.186019 
0.778484 6.084395 1.159250 
0.777506 6.084920 1.213117 
0.781954 6.092050 1.229977 
0.773272 6.082605 1.153129 
0.777388 6.084926 1.193589 
0.780522 6.086447 1.172529 
0.774685 6.084947 1.144325 
0.777989 6.085746 1.196410 
0.777964 6.090462 1.196719 
0.779389 6.086682 1.169275 
0.776324 6.082656 1.153927 
0.777037 6.088471 1.232519 
0.778365 6.093224 1.204606 
0.781076 6.093034 1.206557 
0.780011 6.091818 1.172390 
0.780583 6.089414 1.219324 
0.777409 6.088681 1.148478 
0.778233 6.088616 1.188406 
0.776113 6.087002 1.192220 
0.780372 6.087580 1.217726 
0.779009 6.084616 1.169355 
0.778882 6.090858 1.223038 
0.781784 6.093604 1.221090 
0.778975 6.084511 1.179624 
0.777620 6.089490 1.212789 
0.778045 6.085940 1.243973 
0.778618 6.090235 1.241512 
0.779685 6.085968 1.218775 
0.781924 6.090987 1.198045 
0.779961 6.091819 1.249237 
0.779529 6.093033 1.212301 
0.774354 6.086312 1.232461 
0.775044 6.086533 1.241098 
0.775688 6.082233 1.159799 
0.779025 6.088138 1.249650 
0.778561 6.090340 1.156181 
0.778578 6.091954 1.241390 
0.781539 6.088577 1.184094 
0.778887 6.089729 1.225102 
0.774951 6.085181 1.217474 
0.777904 6.091158 1.251865 
0.776424 6.086648 1.220094 
0.773878 6.082120 1.176063 
0.779449 6.090068 1.208408 
0.775199 6.089751 1.208717 
0.774930 6.083667 1.140098 
0.777410 6.084525 1.177694 
0.779003 6.088696 1.142825 
0.777619 6.089264 1.147720 
0.776655 6.090102 1.169988 
0.775952 6.086146 1.159502 
0.773578 6.085166 1.158800 
0.778285 6.086790 1.134058 
0.775883 6.086223 1.242906 
0.782428 6.093475 1.207343 
0.776300 6.087648 1.226796 
0.773613 6.085066 1.175473 
0.777733 6.083996 1.194944 
0.777787 6.084608 1.225372 
0.780370 6.092635 1.251066 
0.777472 6.086158 1.201554 
0.779354 6.087734 1.176275 
0.775193 6.087781 1.162853 
0.777056 6.091449 1.236213 
0.779285 6.091152 1.176052 
0.773340 6.084950 1.217092 
0.773397 6.083649 1.194479 
0.780734 6.088029 1.218726 
0.773888 6.083119 1.195314 
0.774456 6.085270 1.214499 
0.779685 6.088314 1.243624 
0.777001 6.087218 1.143929 
0.779781 6.092714 1.174359 
0.776453 6.087207 1.139217 
0.778747 6.089811 1.206216 
0.778496 6.088617 1.163479 
0.779009 6.092334 1.247479 
0.780268 6.087739 1.192115 
0.776555 6.084983 1.237287 
0.779656 6.089809 1.255325 
0.778783 6.088151 1.229069 
0.777002 6.085888 1.154693 
0.777162 6.090514 1.151021 
0.777934 6.083625 1.195693 
0.781845 6.093297 1.206767 
0.780828 6.093217 1.214699 
0.779163 6.088263 1.239842 
0.779127 6.087367 1.168409 
0.780895 6.094336 1.218580 
0.772986 6.081527 1.189556 
0.778828 6.085880 1.164458 
0.774209 6.083206 1.173252 
0.778631 6.086900 1.198369 
0.778798 6.087121 1.191308 
0.777302 6.084086 1.141282 
0.775229 6.085857 1.144045 
0.777496 6.083489 1.203925 
0.774457 6.083590 1.228539 
0.782038 6.092506 1.229477 
0.775878 6.086751 1.132815 
0.776701 6.086623 1.191335 
0.776325 6.083903 1.129587 
0.779830 6.088677 1.249787 
0.775114 6.085689 1.232478 
0.781034 6.087855 1.180940 
0.780406 6.087324 1.197783 
0.777340 6.086178 1.168073 
0.778331 6.088996 1.141150 
0.780200 6.091677 1.231280 
0.774383 6.085080 1.218184 
0.775278 6.084044 1.200518 
0.774491 6.085254 1.223673 
0.775670 6.087172 1.225913 
0.776703 6.091082 1.218378 
0.778032 6.085741 1.217292 
0.780286 6.087614 1.176759 
0.781241 6.093936 1.218678 
0.774613 6.088125 1.163767 
0.777207 6.087949 1.176667 
0.777409 6.087261 1.157552 
0.778162 6.090160 1.178499 
0.774844 6.085059 1.155157 
0.775608 6.081554 1.189270 
0.780026 6.086959 1.190653 
0.778488 6.087403 1.221084 
0.778212 6.085202 1.214261 
0.774879 6.087276 1.155215 
0.775931 6.084122 1.218925 
0.780848 6.090923 1.225803 
0.779255 6.089799 1.193487 
0.777748 6.085117 1.164830 
0.781565 6.090666 1.172506 
0.775934 6.087497 1.203461 
0.780311 6.086268 1.196332 
0.773703 6.084224 1.170204 
0.780925 6.090197 1.198456 
0.780711 6.088458 1.232182 
0.777497 6.089252 1.233323 
0.776513 6.091612 1.194239 
0.779994 6.085653 1.196450 
0.775867 6.087665 1.155110 
0.778693 6.090269 1.230306 
0.775172 6.085772 1.151139 
0.780555 6.090882 1.160964 
0.776522 6.090437 1.170298 
0.774725 6.085144 1.238607 
0.779501 6.087617 1.165555 
0.775600 6.081958 1.205085 
0.775918 6.090100 1.218252 
0.779605 6.093462 1.174689 
0.780423 6.086971 1.187278 
0.777600 6.088304 1.255341 
0.777856 6.090127 1.200746 
0.779020 6.092188 1.166165 
0.773018 6.084497 1.183546 
0.776094 6.085874 1.162839 
0.781934 6.090756 1.186057 
0.780757 6.088293 1.196872 
0.774223 6.087122 1.184419 
0.775418 6.087275 1.245754 
0.774730 6.083692 1.199844 
0.775628 6.086438 1.194130 
0.775266 6.083087 1.155306 
0.779197 6.087429 1.174245 
0.779094 6.085215 1.186281 
0.775949 6.086525 1.143665 
0.777790 6.088841 1.147266 
0.776498 6.084256 1.148315 
0.778825 6.092347 1.205029 
0.775945 6.086677 1.240429 
0.775447 6.083018 1.223006 
0.773189 6.083041 1.164204 
0.778267 6.085608 1.203125 
0.780992 6.090728 1.154492 
0.776715 6.082188 1.163840 
0.775203 6.081824 1.189584 
0.780668 6.091617 1.235415 
0.779509 6.088342 1.166840 
0.776010 6.087166 1.249091 
0.780492 6.093126 1.206125 
0.778667 6.089415 1.170413 
0.774071 6.081572 1.197462 
0.774094 6.088058 1.182689 
0.777657 6.083187 1.194970 
0.774030 6.085935 1.217872 
0.776091 6.083764 1.164436 
0.779234 6.090446 1.248063 
0.776436 6.087711 1.138475 
0.775404 6.090084 1.183108 
0.775710 6.086844 1.232650 
0.774173 6.086816 1.153031 
0.777031 6.089559 1.214877 
0.778555 6.085310 1.140443 
0.777404 6.087563 1.254474 
0.776966 6.085255 1.158076 
0.777590 6.084895 1.203934 
0.779799 6.087523 1.196969 
0.779106 6.084352 1.193098 
0.778659 6.088706 1.138360 
0.777686 6.091139 1.231689 
0.778391 6.090539 1.248189 
0.777562 6.088610 1.208360 
0.781681 6.092189 1.187399 
0.774936 6.082772 1.187035 
0.779055 6.091620 1.233656 
0.774808 6.087378 1.206619 
0.779558 6.086758 1.225922 
0.777511 6.084341 1.138375 
0.781011 6.090093 1.190400 
0.775110 6.083127 1.137612 
0.776698 6.089411 1.249180 
0.776297 6.091096 1.212879 
0.779140 6.086829 1.189905 
0.774498 6.087149 1.187823 
0.781691 6.089298 1.201214 
0.777041 6.089449 1.226148 
0.777977 6.089770 1.236491 
0.779767 6.091352 1.165109 
0.773538 6.082952 1.182067 
0.776514 6.082000 1.154460 
0.776820 6.083531 1.181025 
0.777449 6.089454 1.142042 
0.779979 6.089455 1.206823 
0.778643 6.088966 1.194848 
0.780354 6.092625 1.241892 
0.776599 6.088382 1.211142 
0.779258 6.090185 1.252208 
0.781384 6.091192 1.199729 
0.776875 6.084936 1.197191 
0.778547 6.090912 1.208516 
0.778542 6.088629 1.195401 
0.779219 6.091917 1.222362 
0.780734 6.088942 1.190472 
0.773124 6.086092 1.192548 
0.780999 6.090522 1.184896 
0.773926 6.085989 1.193274 
0.775129 6.084314 1.150723 
0.781535 6.090560 1.165541 
0.777951 6.085959 1.198656 
0.777135 6.090512 1.196327 
0.776873 6.089002 1.240742 
0.779371 6.090060 1.167649 
0.780174 6.090095 1.178919 
0.776342 6.087094 1.224759 
0.777164 6.087362 1.163856 
0.777437 6.085556 1.210832 
0.780362 6.092922 1.247519 
0.779845 6.086084 1.212553 
0.778000 6.089415 1.141026 
0.773528 6.082711 1.190024 
0.780543 6.087552 1.171170 
0.776880 6.088556 1.192803 
0.776110 6.084093 1.167393 
0.777992 6.086137 1.213763 
0.780287 6.089106 1.225828 
0.776355 6.086388 1.204134 
0.780159 6.085839 1.195444 
0.772935 6.084399 1.189581 
0.776817 6.091210 1.205458 
0.779764 6.088271 1.214316 
0.777081 6.087141 1.144437 
0.782093 6.090469 1.171307 
0.776718 6.085700 1.161606 
0.777730 6.086072 1.241601 
0.776501 6.084562 1.182048 
0.775930 6.084957 1.203050 
0.780312 6.089632 1.238330 
0.778783 6.090717 1.224301 
0.773507 6.081541 1.196266 
0.779843 6.092587 1.222418 
0.775536 6.089025 1.155996 
0.778295 6.092357 1.231855 
0.777389 6.084905 1.210231 
0.776989 6.084043 1.213323 
0.777317 6.092340 1.212842 
0.777627 6.085507 1.210523 
0.778583 6.089247 1.232644 
0.776207 6.086990 1.135049 
0.778152 6.088759 1.243731 
0.773362 6.080798 1.173252 
0.775388 6.088869 1.158338 
0.775173 6.087221 1.144277 
0.775918 6.082647 1.178427 
0.776285 6.085352 1.198019 
0.777274 6.086068 1.199236 
0.777129 6.084290 1.137358 
0.773350 6.084462 1.209561 
0.780573 6.091337 1.177105 
0.779661 6.089280 1.171761 
0.775638 6.089249 1.166068 
0.774697 6.086367 1.147273 
0.777540 6.090140 1.193356 
0.775674 6.084598 1.231950 
0.780388 6.093697 1.227040 
0.777938 6.092393 1.221296 
0.776501 6.082914 1.211827 
0.781974 6.093932 1.217483 
0.780205 6.091272 1.205465 
0.779482 6.092318 1.214445 
0.773878 6.082951 1.150018 
0.776701 6.084252 1.149897 
0.778304 6.089089 1.148862 
0.776389 6.083702 1.220352 
0.777019 6.082110 1.184782 
0.777648 6.085773 1.230902 
0.777052 6.085716 1.161244 
0.777408 6.087142 1.247482 
0.775095 6.084249 1.159216 
0.776531 6.086944 1.173735 
0.778358 6.092304 1.243257 
0.777764 6.086387 1.131320 
0.779480 6.092731 1.237287 
0.780330 6.086204 1.168488 
0.778128 6.089974 1.255309 
0.773621 6.086989 1.213150 
0.778951 6.087454 1.134048 
0.779468 6.090375 1.232968 
0.779435 6.087442 1.206747 
0.774106 6.084589 1.222702 
0.777923 6.090057 1.203394 
0.773944 6.086708 1.201080 
0.776982 6.085193 1.190399 
0.779087 6.090059 1.207733 
0.778072 6.084639 1.218361 
0.781130 6.093441 1.188304 
0.776375 6.087497 1.211875 
0.774738 6.082105 1.157353 
0.776809 6.086631 1.234246 
0.779583 6.089134 1.215337 
0.781133 6.087470 1.202792 
0.773283 6.082800 1.187275 
0.777279 6.084979 1.201693 
0.775548 6.085199 1.172715 
0.773864 6.082436 1.207464 
0.776860 6.089323 1.151510 
0.777722 6.091860 1.204779 
0.775497 6.084260 1.188344 
0.777552 6.087649 1.190000 