   1.0000000e-05
   1.0471300e-05
   1.0964800e-05
   1.1481500e-05
   1.2022600e-05
   1.2589300e-05
   1.3182600e-05
   1.3803800e-05
   1.4454400e-05
   1.5135600e-05
   1.5848900e-05
   1.6595900e-05
   1.7378000e-05
   1.8197000e-05
   1.9054600e-05
   1.9952600e-05
   2.0893000e-05
   2.1877600e-05
   2.2908700e-05
   2.3988300e-05
   2.5118900e-05
   2.6302700e-05
   2.7542300e-05
   2.8840300e-05
   3.0199500e-05
   3.1622800e-05
   3.3113100e-05
   3.4673700e-05
   3.6307800e-05
   3.8018900e-05
   3.9810700e-05
   4.1686900e-05
   4.3651600e-05
   4.5708800e-05
   4.7863000e-05
   5.0118700e-05
   5.2480700e-05
   5.4954100e-05
   5.7544000e-05
   6.0256000e-05
   6.3095700e-05
   6.6069300e-05
   6.9183100e-05
   7.2443600e-05
   7.5857800e-05
   7.9432800e-05
   8.3176400e-05
   8.7096400e-05
   9.1201100e-05
   9.5499300e-05
   1.0000000e-04
   1.0471300e-04
   1.0964800e-04
   1.1481500e-04
   1.2022600e-04
   1.2589300e-04
   1.3182600e-04
   1.3803800e-04
   1.4454400e-04
   1.5135600e-04
   1.5848900e-04
   1.6595900e-04
   1.7378000e-04
   1.8197000e-04
   1.9054600e-04
   1.9952600e-04
   2.0893000e-04
   2.1877600e-04
   2.2908700e-04
   2.3988300e-04
   2.5118900e-04
   2.6302700e-04
   2.7542300e-04
   2.8840300e-04
   3.0199500e-04
   3.1622800e-04
   3.3113100e-04
   3.4673700e-04
   3.6307800e-04
   3.8018900e-04
   3.9810700e-04
   4.1686900e-04
   4.3651600e-04
   4.5708800e-04
   4.7863000e-04
   5.0118700e-04
   5.2480700e-04
   5.4954100e-04
   5.7544000e-04
   6.0256000e-04
   6.3095700e-04
   6.6069300e-04
   6.9183100e-04
   7.2443600e-04
   7.5857800e-04
   7.9432800e-04
   8.3176400e-04
   8.7096400e-04
   9.1201100e-04
   9.5499300e-04
   1.0000000e-03
   1.0471300e-03
   1.0964800e-03
   1.1481500e-03
   1.2022600e-03
   1.2589300e-03
   1.3182600e-03
   1.3803800e-03
   1.4454400e-03
   1.5135600e-03
   1.5848900e-03
   1.6595900e-03
   1.7378000e-03
   1.8197000e-03
   1.9054600e-03
   1.9952600e-03
   2.0893000e-03
   2.1877600e-03
   2.2908700e-03
   2.3988300e-03
   2.5118900e-03
   2.6302700e-03
   2.7542300e-03
   2.8840300e-03
   3.0199500e-03
   3.1622800e-03
   3.3113100e-03
   3.4673700e-03
   3.6307800e-03
   3.8018900e-03
   3.9810700e-03
   4.1686900e-03
   4.3651600e-03
   4.5708800e-03
   4.7863000e-03
   5.0118700e-03
   5.2480700e-03
   5.4954100e-03
   5.7544000e-03
   6.0256000e-03
   6.3095700e-03
   6.6069300e-03
   6.9183100e-03
   7.2443600e-03
   7.5857800e-03
   7.9432800e-03
   8.3176400e-03
   8.7096400e-03
   9.1201100e-03
   9.5499300e-03
   1.0000000e-02
   1.0471300e-02
   1.0964800e-02
   1.1481500e-02
   1.2022600e-02
   1.2589300e-02
   1.3182600e-02
   1.3803800e-02
   1.4454400e-02
   1.5135600e-02
   1.5848900e-02
   1.6595900e-02
   1.7378000e-02
   1.8197000e-02
   1.9054600e-02
   1.9952600e-02
   2.0893000e-02
   2.1877600e-02
   2.2908700e-02
   2.3988300e-02
   2.5118900e-02
   2.6302700e-02
   2.7542300e-02
   2.8840300e-02
   3.0199500e-02
   3.1622800e-02
   3.3113100e-02
   3.4673700e-02
   3.6307800e-02
   3.8018900e-02
   3.9810700e-02
   4.1686900e-02
   4.3651600e-02
   4.5708800e-02
   4.7863000e-02
   5.0118700e-02
   5.2480700e-02
   5.4954100e-02
   5.7544000e-02
   6.0256000e-02
   6.3095700e-02
   6.6069300e-02
   6.9183100e-02
   7.2443600e-02
   7.5857800e-02
   7.9432800e-02
   8.3176400e-02
   8.7096400e-02
   9.1201100e-02
   9.5499300e-02
   1.0000000e-01
   1.0471300e-01
   1.0964800e-01
   1.1481500e-01
   1.2022600e-01
   1.2589300e-01
   1.3182600e-01
   1.3803800e-01
   1.4454400e-01
   1.5135600e-01
   1.5848900e-01
   1.6595900e-01
   1.7378000e-01
   1.8197000e-01
   1.9054600e-01
   1.9952600e-01
   2.0893000e-01
   2.1877600e-01
   2.2908700e-01
   2.3988300e-01
   2.5118900e-01
   2.6302700e-01
   2.7542300e-01
   2.8840300e-01
   3.0199500e-01
   3.1622800e-01
   3.3113100e-01
   3.4673700e-01
   3.6307800e-01
   3.8018900e-01
   3.9810700e-01
   4.1686900e-01
   4.3651600e-01
   4.5708800e-01
   4.7863000e-01
   5.0118700e-01
   5.2480700e-01
   5.4954100e-01
   5.7544000e-01
   6.0256000e-01
   6.3095700e-01
   6.6069300e-01
   6.9183100e-01
   7.2443600e-01
   7.5857800e-01
   7.9432800e-01
   8.3176400e-01
   8.7096400e-01
   9.1201100e-01
   9.5499300e-01
   1.0000000e+00
