   1.4599000e-15
   1.3314400e-15
   1.2142800e-15
   1.1074300e-15
   1.0099900e-15
   9.2111500e-16
   8.4006300e-16
   7.6614300e-16
   6.9872800e-16
   6.3724500e-16
   5.8117200e-16
   5.3003300e-16
   4.8339300e-16
   4.4085800e-16
   4.0206600e-16
   3.6668700e-16
   3.3442100e-16
   3.0499400e-16
   2.7815700e-16
   2.5368100e-16
   2.3135900e-16
   2.1100100e-16
   1.9243400e-16
   1.7550100e-16
   1.6005900e-16
   1.4597500e-16
   1.3313000e-16
   1.2141500e-16
   1.1073200e-16
   1.0098800e-16
   9.2101800e-17
   8.3997500e-17
   7.6606300e-17
   6.9865500e-17
   6.3717800e-17
   5.8111100e-17
   5.2997800e-17
   4.8334300e-17
   4.4081300e-17
   4.0202400e-17
   3.6664900e-17
   3.3438700e-17
   3.0496300e-17
   2.7812900e-17
   2.5365500e-17
   2.3133600e-17
   2.1098000e-17
   1.9241500e-17
   1.7548400e-17
   1.6004300e-17
   1.4596000e-17
   1.3311700e-17
   1.2140400e-17
   1.1072100e-17
   1.0097800e-17
   9.2093100e-18
   8.3989700e-18
   7.6599300e-18
   6.9859200e-18
   6.3712200e-18
   5.8106000e-18
   5.2993200e-18
   4.8330300e-18
   4.4077700e-18
   4.0199200e-18
   3.6662100e-18
   3.3436200e-18
   3.0494100e-18
   2.7811000e-18
   2.5363900e-18
   2.3132200e-18
   2.1096800e-18
   1.9240600e-18
   1.7547600e-18
   1.6003700e-18
   1.4595600e-18
   1.3311400e-18
   1.2140200e-18
   1.1072100e-18
   1.0098000e-18
   9.2096100e-19
   8.3993900e-19
   7.6604700e-19
   6.9865800e-19
   6.3720000e-19
   5.8115000e-19
   5.3003400e-19
   4.8341700e-19
   4.4090400e-19
   4.0213300e-19
   3.6677500e-19
   3.3453100e-19
   3.0512600e-19
   2.7831100e-19
   2.5385700e-19
   2.3155900e-19
   2.1122500e-19
   1.9268500e-19
   1.7577900e-19
   1.6036500e-19
   1.4631200e-19
   1.3350100e-19
   1.2182200e-19
   1.1117700e-19
   1.0147500e-19
   9.2633500e-20
   8.4578000e-20
   7.7239800e-20
   7.0556600e-20
   6.4471600e-20
   5.8933100e-20
   5.3894000e-20
   4.9311300e-20
   4.5146200e-20
   4.1362900e-20
   3.7929200e-20
   3.4815600e-20
   3.1995400e-20
   2.9444100e-20
   2.7139400e-20
   2.5061000e-20
   2.3190400e-20
   2.1510500e-20
   2.0005600e-20
   1.8661300e-20
   1.7464200e-20
   1.6401700e-20
   1.5462300e-20
   1.4634800e-20
   1.3908900e-20
   1.3274800e-20
   1.2723400e-20
   1.2245800e-20
   1.1834100e-20
   1.1480600e-20
   1.1178400e-20
   1.0921000e-20
   1.0702800e-20
   1.0518400e-20
   1.0363300e-20
   1.0233400e-20
   1.0125100e-20
   1.0035400e-20
   9.9614400e-21
   9.9010600e-21
   9.8522900e-21
   9.8134800e-21
   9.7832600e-21
   9.7604800e-21
   9.7441900e-21
   9.7336300e-21
   9.7281600e-21
   9.7273100e-21
   9.7307000e-21
   9.7380400e-21
   9.7491500e-21
   9.7639100e-21
   9.7822900e-21
   9.8042900e-21
   9.8300200e-21
   9.8596000e-21
   9.8932400e-21
   9.9311800e-21
   9.9737400e-21
   1.0021300e-20
   1.0074200e-20
   1.0133100e-20
   1.0198400e-20
   1.0270900e-20
   1.0351200e-20
   1.0440200e-20
   1.0538900e-20
   1.0648200e-20
   1.0769500e-20
   1.0904100e-20
   1.1053600e-20
   1.1219800e-20
   1.1404700e-20
   1.1610600e-20
   1.1840400e-20
   1.2097000e-20
   1.2384200e-20
   1.2706000e-20
   1.3067200e-20
   1.3473600e-20
   1.3931500e-20
   1.4448500e-20
   1.5033500e-20
   1.5696600e-20
   1.6449100e-20
   1.7304100e-20
   1.8275400e-20
   1.9377400e-20
   2.0623100e-20
   2.2021800e-20
   2.3574700e-20
   2.5268400e-20
   2.7067500e-20
   2.8908300e-20
   3.0699900e-20
   3.2338900e-20
   3.3740200e-20
   3.4873900e-20
   3.5787700e-20
   3.6602500e-20
   3.7485500e-20
   3.8621300e-20
   4.0191600e-20
   4.2362500e-20
   4.5269000e-20
   4.8978700e-20
   5.3427600e-20
   5.8347700e-20
   6.3278900e-20
   6.7764500e-20
   7.1657600e-20
   7.5244300e-20
   7.9047700e-20
   8.3444100e-20
   8.8184700e-20
   9.2056800e-20
   9.3755000e-20
   9.4176100e-20
   9.6880500e-20
   1.0605400e-19
   1.2324000e-19
   1.3496500e-19
   1.2037000e-19
   1.0016500e-19
   9.1872000e-20
   9.9438500e-20
   1.3276600e-19
   2.0254400e-19
   2.0226500e-19
   1.7252500e-19
   1.8756400e-19
   2.1298700e-19
   1.7797400e-19
   1.6195600e-19
   1.8254000e-19
   2.0210900e-19
   2.1381100e-19
   2.2656800e-19
   2.2793800e-19
   3.7692500e-19
   3.2756100e-19
   2.2293800e-19
   2.5984300e-19
   2.6944100e-19
   4.6834400e-19
   3.3397000e-19
