   2.4325866e-14
   1.2194387e-14
   6.1137150e-15
   3.0657387e-15
   1.5377972e-15
   7.7174639e-16
   3.8759992e-16
   1.9490218e-16
   9.8190324e-17
   4.9612455e-17
   2.5180151e-17
   1.2866234e-17
   6.6393115e-18
   3.4737999e-18
   1.8512743e-18
   1.0092424e-18
   5.6449202e-19
   3.2413023e-19
   1.9070391e-19
   1.1456409e-19
   7.0016432e-20
   4.3445774e-20
   2.7427167e-20
   1.7792586e-20
   1.2135392e-20
   9.0008261e-21
   7.4249592e-21
   6.7294084e-21
   6.4826419e-21
   6.4621883e-21
   6.5796811e-21
   6.8189946e-21
   7.2034712e-21
   7.7821339e-21
   8.6249070e-21
   9.8224362e-21
   1.1487615e-20
   1.3746076e-20
   1.6694014e-20
   2.0408901e-20
   2.5270037e-20
   3.1601901e-20
   3.9338490e-20
   4.9332286e-20
   6.2093916e-20
   7.7909207e-20
   9.7820594e-20
   1.2307130e-19
   1.5469193e-19
   1.9530698e-19
   2.4546149e-19
